SquareFeet,Bedrooms,Bathrooms,Neighborhood,YearBuilt,Price_Range
2126,4,1,1,1969,3
2459,3,2,1,1980,2
1860,2,1,3,1970,5
2294,2,1,2,1996,3
2130,5,2,3,2001,4
2095,2,3,3,2020,2
2724,2,1,3,1993,5
2044,4,3,1,1957,2
1466,5,3,3,1951,2
2238,3,3,3,1987,4
1330,2,2,3,1992,1
2482,4,3,3,1989,3
1087,4,1,2,1976,1
2396,2,2,3,1993,4
2123,5,2,1,1956,2
1871,4,2,3,1977,2
2687,5,1,2,1979,3
1130,4,3,1,1962,1
2332,3,3,1,1978,4
1769,4,1,3,1963,1
1343,2,3,1,2013,2
2515,2,3,2,2013,5
2437,2,1,1,2004,4
1805,5,1,1,2002,3
2215,5,1,2,1952,4
1955,3,1,1,2014,3
1276,4,1,1,1965,1
2184,2,2,3,1959,5
2337,3,3,3,2008,5
1021,4,3,1,2013,1
1252,2,1,2,1993,1
1747,5,3,1,1982,3
1856,4,2,1,1959,1
1474,3,3,2,1959,2
2082,4,2,3,1966,2
1510,3,2,3,2002,2
2705,2,1,2,1971,4
2499,5,1,2,2021,4
1699,5,1,1,1960,2
1975,3,3,3,2016,4
1189,3,3,2,2007,3
1957,4,2,1,1994,3
1686,2,3,2,1994,3
1957,3,2,1,1992,5
2590,5,2,3,1957,5
2267,3,2,2,1989,3
1831,2,2,1,2000,2
2528,5,1,2,1969,4
2154,2,1,1,2015,2
1020,5,1,1,1983,3
1840,5,3,3,1961,3
1166,2,2,3,1972,2
2297,2,2,2,2017,2
1387,3,1,1,2002,2
1600,4,2,1,2002,4
1013,4,3,2,2002,2
1241,3,2,2,1985,2
1776,4,2,2,2014,2
2369,5,1,3,1963,3
1564,2,2,1,1983,2
1897,4,2,1,1975,5
2363,5,3,2,2004,5
1091,3,3,2,2012,2
2390,5,3,2,2019,2
1955,4,1,3,1995,2
2478,5,3,2,1986,4
2451,5,2,1,1972,3
1508,4,1,2,1965,1
1775,4,2,3,1981,3
2966,3,2,1,1956,4
1034,5,3,1,1993,1
1205,2,1,2,1996,2
2104,4,1,3,1954,3
2585,2,1,3,1961,4
2895,2,2,3,2021,4
2411,5,1,1,1958,5
2025,5,2,1,1993,3
2413,2,1,2,1995,2
1565,5,3,1,1957,1
2129,4,3,2,2005,3
2795,2,1,1,1977,5
2845,4,2,2,1996,5
2500,4,3,1,1984,3
1702,5,3,2,1970,3
1401,4,3,3,1982,1
1729,5,1,1,2019,2
2579,2,2,2,1997,3
1161,4,2,3,2003,4
2981,3,2,1,1982,4
1995,5,3,3,1965,3
1269,3,2,3,1999,3
2886,5,3,1,1969,5
1815,3,3,2,2016,3
1455,3,3,2,1984,2
2485,4,2,1,1978,3
2275,5,2,1,1964,4
2016,4,2,2,1952,3
2725,2,2,2,2018,3
1295,3,3,2,1983,2
2748,5,1,3,2020,4
1719,4,1,3,1953,2
2772,3,2,2,1968,4
1337,3,3,2,1970,3
1878,2,1,3,1964,1
2076,3,2,1,1966,2
1791,5,3,1,2003,3
2945,5,1,2,1986,4
1216,4,3,1,2003,1
1763,4,2,2,1971,3
1187,5,3,3,1957,1
2064,2,3,1,1958,4
2180,4,1,2,1951,4
1014,3,3,2,1981,3
2836,3,3,2,2000,3
1064,4,2,3,1986,3
2880,5,2,1,1955,5
2862,3,3,2,1961,3
1520,2,1,1,2003,3
2367,3,2,3,1995,3
2152,3,1,1,1982,5
1647,2,3,2,1967,1
2495,5,1,2,1987,5
2086,2,1,3,2008,1
2162,2,3,1,1956,3
2522,4,2,2,1964,5
1592,3,2,3,1950,3
2698,3,3,2,1981,5
1418,5,3,3,1998,3
1288,2,2,3,1959,1
1378,4,3,3,1966,1
2796,2,3,3,1969,2
2513,3,1,3,2000,4
1230,4,1,1,1971,1
2017,4,2,2,1969,2
2051,5,1,3,1953,2
1134,4,3,2,2003,2
1200,5,3,3,2014,2
2863,5,1,3,2000,5
1779,5,1,2,1960,3
1929,4,1,1,1976,4
2056,2,1,2,1975,4
2071,4,3,1,1966,2
1502,2,3,3,1991,1
1406,4,2,3,1997,1
2597,2,1,1,1982,3
1804,4,3,1,1978,3
1098,5,2,1,2012,1
1683,5,3,2,1986,3
2895,2,3,3,2005,5
1725,3,2,2,1965,3
2570,3,2,2,2005,4
1960,4,1,3,1991,3
1612,4,1,3,2018,1
2966,3,1,3,1980,4
2485,5,3,2,1960,5
1642,4,2,3,1951,3
2792,4,1,3,2020,3
2028,5,1,3,1984,2
2241,2,3,3,2011,2
1502,4,2,2,2003,2
1766,3,2,1,2018,3
1397,3,1,2,2000,2
1870,4,3,1,1958,3
1794,3,1,1,1963,1
1392,5,2,1,2005,3
1206,2,1,3,1983,1
2038,2,3,1,1950,3
2881,4,1,3,1987,4
2577,4,2,3,1966,3
1891,2,3,3,1965,4
2714,4,3,1,1999,4
2598,3,3,2,2020,3
1863,4,3,3,1990,4
1742,5,1,2,1993,3
2264,4,3,3,1964,3
1563,4,2,2,2010,5
2020,4,3,3,1999,4
2923,4,2,2,2001,3
2757,4,2,3,1985,4
1484,3,2,1,1982,4
2430,4,2,2,1994,4
1230,2,1,2,1951,1
1748,4,2,3,1950,1
2678,3,2,2,2019,4
2194,5,2,1,1996,3
1540,2,1,2,2013,2
2059,4,3,1,1967,3
1524,4,2,2,2003,2
2183,2,1,1,1984,2
2862,4,1,2,2008,5
2722,3,1,1,1985,5
2266,4,3,3,1975,5
2109,5,1,2,1994,2
2819,3,2,2,2018,3
1577,4,2,1,1979,2
1681,5,2,2,1982,3
1556,2,3,1,1972,2
2597,3,1,3,1970,3
1645,2,2,3,2017,1
1795,2,3,1,1985,4
2051,3,2,1,1986,3
2643,3,1,3,1950,3
2579,3,1,2,1975,5
2363,4,3,2,1991,4
2821,4,3,2,1989,3
2981,3,3,3,2002,5
2354,4,1,1,2011,4
2663,2,3,3,1993,4
2529,5,3,1,1985,4
2371,4,1,3,1953,3
2496,3,2,1,1970,5
2254,4,3,1,1966,4
2248,3,2,3,1990,2
2408,5,2,3,2004,5
2400,3,2,1,2006,5
2306,3,3,3,2015,4
2981,3,3,1,1987,4
1632,4,3,1,2005,3
1627,5,1,3,1986,3
1972,2,1,2,1999,3
2768,4,2,2,2004,5
2382,5,2,1,2014,3
1709,4,2,2,2014,2
2479,3,3,1,1993,5
2434,5,3,2,1961,3
1648,2,1,1,2002,2
2248,2,3,2,1991,3
2842,2,3,1,1995,4
2257,2,1,2,1991,3
1683,2,2,3,1965,2
1663,4,1,2,1993,2
2998,2,3,1,2019,3
2850,4,2,2,1965,3
2397,2,3,3,1971,5
2695,2,3,2,1984,5
2631,4,3,2,1998,5
2495,3,2,2,2020,2
2256,5,3,2,2013,5
2715,5,1,1,1980,3
2136,4,1,2,1950,3
2853,2,1,3,1974,4
1441,2,1,3,1957,2
1563,4,3,3,2013,2
2291,5,2,3,1965,4
2533,4,3,3,2004,5
2830,5,3,1,1975,4
2409,5,3,2,2014,5
2410,5,1,2,1977,4
2136,4,1,1,1995,1
2636,3,2,2,2003,3
1951,4,1,3,2021,4
2104,3,1,2,1998,3
1698,3,3,3,1995,3
1001,2,3,2,1993,2
1641,2,1,2,1953,4
1219,5,3,3,1980,1
2589,4,1,1,1964,5
1854,2,1,3,1950,4
2759,4,2,1,2021,2
2248,3,2,2,1955,2
1384,3,3,2,1976,2
2426,5,2,2,1975,5
2661,4,2,2,2015,5
2153,5,1,3,1962,3
2076,2,3,1,2020,3
2707,2,2,1,1983,3
1729,2,2,1,1982,1
2695,4,1,2,1989,4
2733,5,1,3,1992,4
2439,5,1,2,1956,4
1246,2,3,1,1988,1
1835,5,1,3,2015,3
2462,3,3,3,1985,3
1202,3,1,2,2013,2
2207,3,2,3,1953,2
1122,3,3,3,1971,1
1400,5,1,3,2020,2
1766,3,1,2,1953,1
1293,3,2,2,2013,3
1279,3,2,3,1971,2
2860,3,2,2,2011,4
1883,3,1,3,1989,2
2633,4,2,1,1969,4
1981,3,3,3,2014,2
2534,5,3,1,1984,5
1751,3,1,1,2008,4
1143,2,3,3,1963,2
1608,4,1,2,1993,2
2224,3,2,3,1971,3
2147,4,1,3,1977,2
1186,3,1,2,2008,1
2349,2,2,3,1996,4
1463,3,3,3,2017,2
2372,4,3,3,2019,3
1659,4,2,3,1980,1
1763,5,1,3,1963,3
1954,4,2,2,1998,1
2955,3,2,1,2016,4
1402,2,2,1,1970,1
2369,2,2,3,1962,3
2986,3,1,1,1999,5
2534,5,3,1,2017,3
1146,3,3,2,1961,1
2171,4,2,2,1997,2
1863,5,1,1,2013,5
2734,3,2,2,1964,3
2843,5,1,3,1965,5
1928,3,3,3,1999,3
2663,2,2,1,1953,5
1550,5,3,3,1969,2
1337,2,2,2,1957,2
1871,5,1,2,2017,3
1640,3,1,3,1996,2
2802,5,1,2,1982,3
2976,5,1,1,1954,4
1472,4,2,3,2017,2
1150,4,1,3,2010,2
2438,2,3,3,1973,3
2321,2,2,3,1976,3
1262,3,3,1,2016,2
2787,3,3,1,1986,5
1345,2,2,3,1951,2
1623,5,2,1,1986,3
2016,2,3,3,2021,3
2595,4,1,3,2014,4
1880,5,1,1,1997,2
1001,3,3,1,1998,2
1896,2,1,1,1996,2
2327,2,1,2,1953,3
1253,4,3,3,1952,3
2060,2,2,2,1983,3
2183,5,1,1,2001,3
2014,2,3,1,1980,3
1008,5,3,3,1983,2
2256,2,2,3,1991,2
2122,3,2,1,1997,4
2682,4,2,1,2005,4
1815,3,2,3,1967,2
1207,4,3,3,1963,2
2154,2,3,1,2018,5
1403,3,3,2,2007,2
1151,5,2,3,2019,1
2143,4,3,3,2002,3
2696,2,1,1,2018,4
2943,4,1,1,2009,3
1627,4,1,1,1981,2
1586,4,2,3,1996,3
2648,2,2,3,1971,4
2443,2,3,1,1974,3
2445,5,2,1,2010,3
1103,4,1,3,1961,3
2875,4,3,3,1980,5
1253,3,1,2,1950,1
2250,4,3,3,2010,4
2135,3,1,3,1955,3
1509,4,3,3,1971,2
2496,4,1,2,1961,4
2884,5,3,2,1963,4
1913,3,1,2,1979,2
2919,5,2,1,1971,5
1877,2,3,3,1965,2
1337,3,2,2,2020,3
2729,2,1,2,1964,4
1821,3,3,2,1951,1
2186,4,1,2,1971,2
2743,5,1,3,2012,5
1956,5,2,3,1964,4
2704,3,1,1,1968,5
1160,5,3,3,1970,2
2603,2,2,2,1976,3
1800,5,1,2,1968,5
1397,3,1,2,1975,1
2300,5,1,2,1998,5
1815,5,2,3,2007,1
2939,2,3,3,2016,3
2527,4,2,1,1974,4
2919,2,1,3,1971,5
2415,5,2,2,1963,3
2158,5,1,2,1958,5
2218,4,2,3,1971,4
1400,4,1,1,1964,2
1639,2,2,1,1989,2
2056,4,1,3,2014,3
1687,2,1,3,2002,1
1459,3,2,3,1980,3
1954,5,2,2,1959,4
2906,4,1,3,1983,5
1469,3,3,3,1986,3
2398,3,1,1,1962,5
2045,2,1,1,1987,4
1749,2,3,2,1994,3
2693,4,1,1,1959,4
2388,3,3,1,1987,4
1562,5,1,1,2007,2
2799,4,1,1,1998,2
2306,5,3,1,2011,5
1225,5,3,1,2009,2
2300,3,1,1,1979,2
1797,4,1,2,1970,4
2632,2,1,3,1999,5
1283,2,3,1,1978,2
1878,3,2,3,1989,2
1959,4,3,1,1966,3
2504,3,2,2,2017,4
2019,4,1,2,1972,3
2852,3,3,1,1956,4
1815,4,2,1,1983,2
1658,4,1,3,1973,3
2539,3,1,1,1956,2
1546,3,3,1,1957,4
2215,5,3,2,1952,4
2072,2,2,3,1953,3
2535,2,1,1,2012,5
2195,5,2,3,2018,4
2243,4,2,1,1959,4
1476,4,2,1,1986,3
2069,2,2,1,2021,2
2396,5,2,1,1952,5
1517,3,3,3,1978,2
2915,2,1,3,1982,4
2768,5,3,1,2009,5
2060,3,3,3,1991,4
2372,3,1,3,1955,4
1496,2,3,1,1998,1
1180,3,2,1,1992,1
1606,3,3,2,1958,1
2122,4,2,1,2000,3
1699,3,2,1,1963,2
1992,5,1,1,1973,3
2139,3,3,1,2021,4
1190,4,1,3,1982,2
1252,2,2,1,1978,1
1980,2,3,3,1951,2
1927,5,2,2,2001,2
2184,3,1,3,1994,3
2279,3,1,3,1987,3
2346,4,2,3,1994,4
1127,4,1,3,1965,1
1017,5,1,3,1996,1
2758,3,3,2,2006,5
1565,3,3,1,1968,2
2346,2,2,3,2015,4
2895,2,2,3,1956,5
1685,2,1,3,1969,1
2815,2,3,2,1953,5
1625,5,1,3,1964,4
2311,4,2,2,2013,5
2966,2,3,3,2006,4
1853,5,2,3,1999,2
2686,2,1,2,1966,2
1961,3,1,2,1965,2
2662,2,2,2,1952,4
1489,3,3,3,1993,3
2409,3,2,3,2011,5
1784,2,1,1,1958,4
2127,2,1,3,2009,4
2952,3,2,3,2006,3
2834,5,3,3,2013,5
1245,5,1,3,1966,2
2199,5,1,1,2007,5
2062,5,1,2,1996,4
2705,3,1,3,1967,4
1758,5,2,2,1986,4
1537,4,3,2,2019,1
2890,4,2,1,1966,5
2841,2,3,1,1952,4
1920,2,3,1,1982,3
1407,2,2,2,1956,3
1524,2,3,3,1951,3
1827,3,2,2,1983,3
2529,4,1,3,1953,3
1902,3,2,2,1998,2
1035,3,3,2,2020,1
1684,4,1,2,1961,2
1320,4,1,3,1998,2
1511,4,2,3,1966,2
1399,3,3,1,1987,3
1653,5,2,1,2005,1
1971,4,1,2,2010,4
1470,5,3,3,2005,1
2166,3,1,2,1972,4
2115,5,1,2,2015,4
2377,2,3,2,2016,4
1833,4,3,3,1954,1
2823,3,3,3,1972,3
1726,4,2,3,2000,3
2982,2,3,1,1974,5
1853,2,2,2,1973,3
1050,4,3,3,1979,3
2688,3,2,2,2000,3
1574,3,2,2,2021,1
2213,4,1,3,1995,3
2148,3,3,2,2006,3
1313,5,2,1,2011,4
1569,3,1,1,1978,2
2365,2,1,3,1986,5
2715,4,3,2,2004,4
1681,4,1,1,1975,1
1837,3,3,1,1976,1
2806,4,2,1,2000,5
2077,4,3,1,1971,3
2002,3,1,3,2014,4
1443,5,2,1,1987,4
1612,5,1,3,1950,1
1992,5,3,3,1964,3
1263,5,3,3,1960,2
2076,2,2,2,2005,2
2595,3,1,2,1987,4
2003,4,1,3,2003,2
2643,4,1,2,1972,4
2126,4,3,2,2000,4
2219,2,3,1,2010,4
1773,5,3,2,1971,3
1876,3,1,3,2015,3
1991,4,2,3,2004,3
1883,2,1,2,2016,5
2373,4,2,1,1975,5
1046,2,1,1,1987,2
1866,4,2,3,1999,1
1822,5,1,1,1972,3
1935,3,1,3,2002,2
2843,5,2,2,1988,4
1655,5,3,2,1972,3
1268,4,3,2,2015,1
1369,5,2,3,1977,2
1635,3,2,2,2009,3
2129,2,3,1,2016,2
2693,2,1,3,1959,4
2682,4,3,1,1983,4
1656,3,2,2,1950,1
1119,3,1,3,1986,1
1830,2,2,3,2017,4
2810,2,3,3,2020,3
2627,5,1,2,2016,4
2081,4,3,3,2007,3
2974,2,3,3,1965,3
2369,2,3,2,2013,3
1740,3,1,2,1977,3
2497,3,3,1,2019,4
1116,3,1,1,1977,1
2853,2,3,1,1967,5
1790,4,3,3,1992,5
2150,5,2,2,1963,4
2416,4,3,1,1971,3
2931,2,1,1,1963,3
2012,5,2,2,1968,3
2664,4,1,3,1968,4
2081,2,3,2,1988,3
1633,4,2,2,1982,3
1512,2,2,2,1987,3
2774,3,2,3,1981,4
1801,4,1,1,1963,1
2119,3,2,1,1972,4
2661,3,2,3,1975,4
2141,5,1,2,1999,3
1559,5,1,2,2018,2
2624,4,1,1,2004,4
2260,5,1,2,1969,3
2908,5,1,3,2005,5
1896,3,2,1,1964,2
2295,3,3,3,2008,2
2212,2,2,3,2006,4
1703,5,1,2,1980,1
2470,5,1,3,2018,4
1580,2,2,2,1963,2
1789,5,3,3,1971,1
1860,4,3,1,1996,2
1246,4,2,2,1991,2
2986,2,1,2,2020,4
2099,3,3,2,2010,1
1153,2,3,2,1954,2
2679,4,2,1,1973,4
2458,5,3,2,1963,4
1996,5,1,2,1997,3
2109,3,2,1,1964,4
1696,3,3,3,1977,4
2308,4,1,1,1982,5
2243,2,2,2,2000,3
2092,4,2,2,2005,3
2070,5,1,3,2015,1
2008,5,1,2,2003,4
1093,5,3,1,1950,1
2773,3,3,1,1962,3
1957,4,3,1,2004,4
2011,3,3,3,1993,4
1452,2,3,3,2003,3
2227,4,2,3,2016,3
1911,3,3,2,1998,1
1217,5,3,3,2019,3
1473,5,3,1,1958,1
1431,2,1,3,1992,2
1340,2,3,1,2014,3
1550,2,2,2,2013,1
2635,5,1,3,1988,4
2312,3,1,1,1986,3
2277,5,3,1,1975,4
2757,5,1,3,1983,4
1356,5,3,2,1985,1
1022,3,3,3,1995,1
2785,5,3,2,2013,5
1521,2,2,1,1975,3
2781,2,1,3,1959,5
2860,2,1,3,1980,5
2123,2,1,1,2007,1
1801,5,1,2,1977,4
2203,5,1,3,1984,4
2246,5,3,3,2006,5
2929,2,3,3,1969,5
1761,3,3,2,1985,3
2682,4,2,1,2012,3
1441,4,2,1,2019,5
2631,4,2,1,1993,5
1768,3,2,2,1962,3
2015,5,1,2,1982,4
2348,4,2,1,1999,3
1515,4,1,3,1994,1
2039,5,1,2,2004,3
1791,4,1,1,1999,2
1335,5,3,1,2001,4
2782,4,3,3,1996,5
1257,5,1,3,1992,3
1496,2,2,2,1959,3
1895,3,1,2,1997,2
1159,4,3,1,2017,2
2498,5,2,2,2004,5
1851,2,3,3,1991,3
2687,5,2,2,1980,4
2931,4,3,2,1979,5
1689,4,1,2,2019,3
2698,4,3,2,1956,5
1379,4,2,3,1981,1
2568,4,3,2,1991,4
1956,5,3,2,1961,2
1690,5,3,1,1963,2
2450,4,1,2,1990,4
2636,5,2,3,1992,5
2291,2,2,3,1979,4
2858,4,1,1,1958,5
2600,3,3,1,1969,4
2440,2,2,3,2017,4
2191,4,2,3,1974,4
2066,2,1,3,1986,4
2579,4,1,3,1977,4
1284,5,2,1,2009,3
1396,5,3,3,2009,4
1011,4,3,1,1969,2
2630,2,1,2,2018,4
2325,4,3,1,1957,2
2921,4,1,2,2021,4
2276,4,2,1,1981,4
1498,4,2,1,1973,4
1753,4,2,2,1974,2
1034,5,1,3,1969,3
1726,4,3,1,2002,3
1848,2,2,3,1970,2
1775,4,3,3,2011,2
1604,2,1,2,2021,1
2945,3,1,1,1983,4
1969,2,3,1,1996,2
2625,5,3,3,1991,4
2021,5,2,1,1958,2
1417,3,2,3,1985,2
1114,3,2,2,1956,1
1616,3,3,2,2016,1
2926,5,1,1,1983,4
2219,5,3,3,2005,3
1825,2,2,2,1986,3
2524,5,2,1,2019,5
2649,3,1,3,2004,4
2516,4,3,3,1985,4
2098,4,2,1,1959,2
1412,3,1,3,1990,1
2399,5,2,1,2000,3
2443,3,1,1,1954,4
1728,5,3,2,1986,1
2300,4,1,2,2006,4
2020,2,3,1,1978,2
1760,5,3,3,2005,5
1675,2,2,2,1980,3
2417,4,3,3,2001,4
2892,2,2,1,1962,4
1456,2,2,1,1978,3
1919,3,3,3,2007,3
1191,2,1,2,1977,1
1738,4,3,2,1980,3
2712,5,3,2,1996,5
2122,2,1,2,2014,2
2571,5,2,3,2009,3
1977,3,2,2,1979,4
2008,4,3,3,2017,3
1095,4,1,2,2021,2
2687,5,1,2,2003,3
1662,4,1,3,2013,3
2213,3,1,3,1961,1
2759,5,3,3,1961,3
2803,3,2,3,1968,5
2392,3,1,1,1985,4
2718,2,3,3,1963,3
2548,4,3,3,1953,2
1278,5,1,3,1954,3
1216,2,1,1,1991,2
1866,5,2,1,2009,3
1872,2,1,1,1986,3
2821,3,2,3,1980,3
2296,2,2,3,2006,3
2904,2,1,1,2001,4
1595,4,3,3,2004,1
2903,2,1,2,1958,5
1728,3,1,1,2001,3
2365,5,2,3,2002,4
1396,4,1,2,1982,2
1698,3,3,2,1951,4
2042,4,3,1,1972,4
1176,5,1,3,1965,2
2635,5,1,3,1997,3
1395,5,2,1,1953,1
2256,4,2,3,2017,3
2938,5,1,2,2016,3
1075,5,2,1,1988,2
1264,3,3,3,1971,2
1454,5,1,2,2009,1
2819,2,1,2,1985,5
1717,4,2,2,1998,3
1734,3,2,2,1982,3
2407,4,1,2,1968,3
2587,5,2,3,2020,4
1850,2,1,3,1955,3
2529,5,3,2,1977,3
2390,4,2,3,2014,3
1143,3,1,3,1963,1
1884,4,3,3,1961,3
2092,3,1,1,2008,3
2122,2,1,2,2020,3
1395,5,3,2,1957,1
2048,5,2,3,1959,3
1947,2,3,3,2019,1
1890,4,1,3,1997,3
2492,2,3,1,2003,5
2507,5,1,1,1999,5
2588,3,3,2,1996,5
2174,5,2,2,1978,3
2167,4,3,1,1958,4
1568,3,3,1,2015,1
2062,4,2,1,2018,3
2716,5,3,2,1965,3
2065,3,1,2,1957,1
2209,4,3,3,1971,4
1934,3,2,2,1964,4
1397,3,3,3,1977,2
2246,4,1,2,1978,2
1633,3,1,2,1981,1
2156,2,2,2,1965,2
2186,3,1,3,1982,5
2238,5,2,1,1985,3
1732,4,2,3,1988,2
1234,5,1,2,1999,2
2866,2,1,1,2017,4
1657,2,2,3,1963,2
1750,3,1,1,1988,3
1587,5,2,3,2020,3
2032,3,3,1,1969,4
2097,3,1,2,1999,3
1953,5,1,3,1988,2
1491,2,2,3,1957,2
1912,2,3,3,1979,3
2276,2,3,1,1969,3
2253,4,1,2,1977,2
2542,4,2,2,2019,4
2197,3,2,2,2003,4
2676,4,1,3,1969,4
2191,4,3,3,1972,5
1169,5,2,1,1988,1
2416,3,2,3,1983,3
1945,3,1,2,1971,3
1794,5,1,3,2006,4
1633,2,3,2,1996,3
2217,5,3,2,1967,2
2540,2,2,1,1957,4
1028,3,1,2,2010,1
2188,3,1,2,1979,1
2671,5,3,1,2012,3
2519,4,2,3,1998,3
2388,3,1,3,1992,4
2856,3,3,3,1966,3
2365,2,1,2,2021,3
2680,2,1,3,2004,3
1510,3,2,3,2011,2
2350,4,3,1,1971,5
2324,3,2,2,2017,2
2155,2,2,1,1969,3
2093,2,3,2,1995,4
2275,2,1,3,1963,3
2438,3,1,3,1980,3
2810,4,1,2,1980,4
1444,5,3,1,1952,1
1875,5,2,1,1971,4
2205,2,1,3,2002,3
1166,3,3,3,2003,3
1713,3,2,1,1981,1
2554,3,3,3,1988,4
1038,5,3,1,2011,1
2149,5,2,1,2006,5
2474,5,3,3,2016,4
1172,3,2,1,2011,2
1652,3,1,3,1982,3
1753,2,2,1,2009,3
2243,5,1,3,1979,5
2661,2,3,2,1962,3
2081,3,1,1,1969,4
1475,5,3,2,1957,1
1455,5,3,1,1970,1
1828,5,2,3,1962,5
1894,5,3,1,1979,3
2384,5,2,2,1998,4
2958,3,1,3,2007,3
2024,5,1,3,1995,4
1386,5,3,1,1951,2
2996,2,2,2,1968,5
1347,4,2,1,1976,2
1189,5,1,1,1956,2
1504,2,1,1,1999,3
2214,3,3,2,2002,4
2531,2,2,3,1990,3
2392,5,3,2,1961,2
2432,2,3,2,1966,3
1823,2,3,3,2021,3
1928,3,2,1,2005,3
1933,2,1,1,1970,3
2140,3,2,2,1963,3
1057,2,2,3,1958,1
2579,5,3,2,1955,4
1684,4,3,1,1978,2
1671,2,2,3,1993,2
2852,2,3,1,1993,3
1814,4,1,3,1978,3
2172,4,2,3,1970,3
1079,3,2,1,2015,2
1885,4,3,3,2021,3
2236,4,2,3,1985,5
1202,2,2,2,1952,3
1763,3,2,2,2006,3
2252,5,2,1,1998,5
2699,3,3,1,1990,3
2250,4,1,3,1999,4
2682,4,3,3,1963,3
2464,5,2,3,2015,4
2425,5,2,1,1989,4
2328,4,2,1,1995,4
2549,3,2,1,1997,3
2166,4,2,1,2018,5
2438,5,1,1,1979,4
2536,5,3,2,1989,5
2396,5,2,1,1991,5
2282,3,1,1,2014,4
1655,4,2,3,2003,2
2976,3,1,2,2009,4
1970,2,1,3,1987,2
2035,2,2,1,1951,3
1735,2,2,1,1957,2
1783,3,3,3,1960,2
1967,4,3,2,1991,3
1971,2,1,1,1990,3
2431,2,2,3,1952,3
1667,5,1,2,1960,3
1372,4,3,1,2009,1
2031,4,1,1,1959,3
2145,5,3,1,1961,4
2371,3,2,1,2017,4
1675,3,3,3,1950,3
1089,2,1,2,1989,2
2671,4,3,1,1988,5
1697,2,3,3,1965,1
2339,5,1,2,1974,3
2201,2,2,2,1977,4
1539,3,3,1,1992,3
1731,3,1,2,1956,3
1868,5,3,1,1978,4
1040,3,3,3,2012,2
1739,5,3,2,1960,3
2727,4,2,1,1950,5
2946,5,3,3,1977,5
1501,5,1,1,1995,2
1958,5,1,2,1952,4
2168,3,3,3,1963,3
2224,4,2,2,1988,4
1928,2,1,2,1974,3
1460,3,2,1,1979,1
1731,4,1,3,1989,1
1751,4,1,1,1960,2
1924,5,2,3,2015,2
1908,5,3,2,1988,3
2581,3,2,2,1977,3
2570,5,1,2,2013,5
2276,3,2,2,1952,4
1389,2,1,3,1955,2
2617,4,3,3,1985,3
1882,2,3,2,1952,3
1255,2,3,1,1969,2
2838,5,3,3,2006,4
2944,2,1,1,2001,4
1449,4,2,2,1958,3
1009,2,3,2,2017,1
1823,2,1,3,2019,3
1797,4,2,3,1999,3
2265,5,2,3,1955,2
2274,3,3,3,1992,4
1876,4,3,1,2005,2
2028,3,2,1,1966,3
2142,4,2,3,1981,2
2015,4,1,1,1960,2
2824,3,3,2,1975,3
1373,3,2,1,1967,2
2088,5,2,2,1979,4
1223,4,1,2,1981,2
2262,4,1,3,2006,3
1176,5,3,3,2011,3
2802,3,1,3,1956,5
1852,4,1,1,1954,2
2305,3,1,2,2019,4
2240,2,2,3,1995,2
2877,3,1,1,1961,4
1826,5,3,3,1999,3
1794,2,3,2,1990,3
1688,4,3,3,1957,1
2484,4,1,3,1952,3
2952,3,3,1,2001,4
2633,2,2,3,1960,4
2122,4,3,2,1961,2
1510,4,2,3,2000,1
1384,2,2,2,1953,1
1404,5,1,3,1966,2
1822,4,1,3,1978,4
1517,4,1,2,1972,1
1708,5,1,3,1961,2
2886,4,2,1,1997,4
2668,2,2,1,1982,4
1770,5,3,2,1987,1
2460,3,3,3,1999,4
2046,4,3,2,1961,4
1996,2,1,3,1975,2
2588,4,3,1,2014,5
1676,2,1,3,1952,4
1713,5,1,2,1957,2
2481,3,1,2,1979,5
1082,5,1,3,1992,1
2168,4,3,2,1963,2
2108,4,2,3,1966,4
2101,3,1,1,2020,2
1456,2,3,3,1989,1
1050,4,2,3,1955,3
1716,5,2,1,2015,4
2795,2,3,3,1951,4
2469,4,1,2,2009,2
1448,5,2,1,1952,3
1880,2,1,3,1956,2
1033,4,2,2,1984,2
2371,5,3,3,2008,4
1094,4,2,1,2011,2
2095,2,3,3,1996,3
2574,5,2,1,1966,4
1153,4,2,3,2002,3
1249,5,3,2,1982,2
1673,2,3,2,2012,3
1437,5,3,1,1991,2
1770,2,3,2,2011,2
2914,2,1,1,1956,5
2329,4,1,2,2004,5
1267,4,1,2,1987,2
2077,4,3,3,1988,3
1235,3,3,2,1978,1
1388,5,1,2,1978,2
1989,2,3,2,2004,3
2757,4,1,2,2009,4
1762,2,2,1,2015,2
2848,3,3,1,1953,4
1400,4,2,2,1969,3
1623,4,3,3,2000,3
1766,4,3,3,2019,3
2326,4,3,1,2004,1
1918,2,2,2,1995,4
2230,4,2,3,1996,3
2252,3,1,2,2019,5
1852,4,2,1,1963,2
2933,3,2,1,1954,4
1577,3,1,3,1981,2
1074,2,2,2,1991,1
1434,4,2,1,1989,3
1102,3,1,3,1969,1
2445,4,2,2,1994,3
2727,2,1,2,1961,5
1763,2,3,1,1990,2
1737,4,3,3,1959,2
1805,3,2,2,1951,3
2329,5,3,3,2005,4
1097,5,2,2,1965,2
1797,3,1,2,1996,1
2358,5,1,3,1990,4
1858,3,3,1,1993,2
1434,4,1,2,2020,1
1446,2,1,1,2007,3
2331,4,2,2,2004,5
1248,4,2,1,1974,4
1165,4,2,3,1961,1
2504,3,2,2,1967,3
1983,5,1,2,2014,4
2358,4,2,1,2003,3
2019,2,3,1,2013,2
1541,3,3,1,2012,3
1758,5,3,3,1964,3
2129,4,2,2,2018,4
2586,2,1,3,1955,4
1080,4,2,3,1978,2
1132,5,3,1,1975,1
1796,5,2,1,1950,2
1899,4,3,2,1978,4
1137,4,1,2,1964,1
1183,3,1,2,1995,2
2424,5,1,1,2013,4
2353,5,1,1,1986,4
1784,4,1,3,2004,3
2531,2,2,2,2005,4
2875,4,1,3,1966,2
1983,4,2,2,2021,3
1068,5,3,2,2006,2
1545,3,3,2,1971,3
2797,4,1,3,1956,3
1052,2,2,3,1952,1
2473,2,1,3,2003,2
1204,4,3,1,2005,3
1125,2,2,1,2013,1
2770,2,3,3,1958,5
1042,4,2,1,1999,3
2775,2,3,1,2020,4
2994,2,1,3,2006,4
2906,4,1,2,1957,5
1110,5,1,1,2002,3
1760,3,3,3,1984,3
2686,3,3,2,1998,5
2206,5,3,1,1973,5
1847,4,1,3,1956,3
1094,5,3,2,1989,2
2397,3,1,3,1985,2
2543,3,2,1,2002,3
1899,4,3,3,2016,3
1359,3,1,2,1982,2
1899,3,2,3,2015,2
2719,4,1,1,2003,4
1280,5,1,2,2014,2
2218,4,1,3,2018,4
2887,3,2,3,1989,5
2218,2,2,2,2013,3
1666,4,1,2,1959,1
1671,5,2,3,2000,3
2969,3,1,2,1950,5
1060,2,3,3,1974,2
1633,4,1,3,1971,2
2074,4,2,3,1985,3
2426,4,2,1,1976,4
2028,4,2,1,1980,4
2489,4,1,3,1955,3
1603,2,1,1,2001,2
1681,4,3,1,1957,3
1533,5,3,1,1959,5
2428,2,3,1,2020,3
1837,5,1,1,1989,3
2536,2,1,3,1984,5
1644,3,1,2,1975,3
1232,4,1,2,2021,2
1523,5,3,3,2013,2
1345,4,2,1,1953,2
2069,4,1,3,2020,3
1545,2,2,2,1953,2
2101,2,3,1,1962,3
2753,4,2,3,1999,5
2096,3,1,2,1952,4
1793,4,3,2,1987,3
1248,2,3,2,2016,1
2144,3,2,3,2006,4
1238,2,2,3,1976,1
2079,4,2,3,1965,5
1349,5,3,2,1953,3
1106,3,2,1,1999,1
1830,2,1,1,1995,3
1047,3,2,3,1991,2
2596,5,3,3,1998,5
1336,4,1,3,1993,1
2049,4,3,3,1981,4
1803,4,2,3,2021,2
2280,3,3,1,1995,4
1007,3,3,1,2020,1
1624,2,2,1,1986,2
2890,5,3,2,1951,4
2276,5,3,2,2016,4
2715,5,3,3,2018,4
1718,3,1,2,2012,5
1302,4,3,1,1960,1
1638,5,2,3,1967,4
1055,2,2,2,1998,1
1725,3,3,1,1963,3
1525,4,2,3,1971,3
1473,5,1,3,1971,1
1027,4,2,1,1974,2
1077,2,2,1,1965,1
2239,5,3,2,1988,2
2409,5,1,1,1979,4
1364,4,1,1,1970,2
1665,3,2,1,2021,2
1525,4,2,3,1992,2
1698,2,3,1,2010,4
2335,4,3,1,1968,5
1882,4,1,3,1969,1
2030,5,3,3,1996,2
2026,3,1,3,1973,3
1918,3,2,3,1969,4
1749,3,1,1,2014,2
1362,4,1,1,2020,1
2774,5,1,2,1974,5
2531,5,1,1,2006,4
2297,3,2,3,1982,2
2529,4,3,1,2010,4
1805,3,3,1,1993,2
1738,3,1,2,2010,1
2906,5,3,3,1996,4
2038,5,3,1,1981,2
2215,3,1,2,1953,3
2654,4,1,1,2014,3
1484,3,3,1,1979,2
1027,5,2,1,1951,1
1713,5,3,2,1997,3
2062,4,1,1,1955,3
2296,3,3,2,2019,4
2254,2,2,3,1983,4
1085,3,3,3,1952,2
2497,4,3,1,1986,4
1125,5,1,2,2003,1
1811,2,2,1,1971,3
1536,4,3,1,1951,3
1144,4,3,2,1955,1
2548,2,1,3,1987,2
2235,3,1,2,2017,3
2603,4,2,1,1955,4
2417,3,2,2,1983,3
1066,5,1,2,2001,1
1232,2,1,1,1955,2
1108,4,1,2,2013,3
2169,3,1,2,2008,2
1110,4,2,2,1989,2
1110,3,2,2,2015,2
2493,2,1,2,1959,4
1033,5,1,2,1979,4
1622,3,1,1,1982,2
2799,4,1,1,2017,4
2959,3,3,1,1988,4
2392,5,2,1,1953,5
1747,4,2,3,2013,2
1594,3,3,1,1974,3
1612,5,2,2,2018,2
2541,3,1,1,1992,4
1691,5,1,1,2000,1
2305,3,1,2,1964,2
2343,4,3,1,2004,2
2761,5,2,3,1952,3
2466,4,1,2,1959,5
2975,5,2,1,1973,3
1314,4,3,2,1991,2
1876,3,2,1,2015,4
2764,4,2,3,1990,4
2312,5,3,2,2002,4
2460,4,2,1,2018,4
1661,2,1,2,2006,4
1276,2,3,2,1969,2
2733,4,2,2,1971,4
2605,4,2,3,1999,5
2526,4,1,3,2021,5
1623,5,3,1,1957,4
1515,3,3,3,1961,1
2373,2,1,1,1978,5
1842,2,2,1,1987,2
2469,5,2,3,1975,4
2853,4,3,3,1959,4
2630,3,2,1,2000,3
2687,3,1,2,1974,4
1822,2,1,1,1998,4
2160,3,2,1,1964,3
1758,2,1,2,1991,4
1898,5,3,1,1970,4
1242,4,2,1,1976,1
1542,4,1,3,2012,3
2063,2,1,3,2000,3
1228,4,3,2,1981,1
1547,5,3,3,1961,2
1919,3,2,3,1973,3
2246,5,3,3,1992,4
2345,5,2,2,2019,5
1467,4,1,3,1976,1
2755,2,3,1,2011,4
1074,3,2,2,1963,1
2870,4,3,1,1951,5
1645,4,1,1,2018,1
1880,5,3,1,2014,5
2629,5,3,1,1953,5
1503,5,1,1,1996,2
1946,3,3,3,1994,4
1573,2,2,3,2019,3
2464,4,2,3,2014,4
1193,4,1,3,2019,2
1846,3,1,2,2008,2
1714,2,1,3,1981,3
2415,3,3,3,1992,2
2049,5,1,1,1987,3
2458,5,2,3,1978,3
1172,4,2,3,2018,2
2323,4,3,1,1995,5
2668,4,3,3,1950,5
1325,4,3,1,1955,1
2433,5,3,2,1985,3
1835,2,2,1,1976,5
2810,4,1,2,1950,3
1723,3,3,1,1978,3
1531,2,2,2,1981,1
1112,5,1,1,1951,1
1139,4,2,2,1973,1
1558,2,2,2,1965,3
1089,5,1,3,1975,1
1653,2,3,2,1950,3
1319,2,3,1,1973,4
2573,3,1,3,1977,3
2828,5,1,1,1982,5
1138,5,3,3,1999,4
2891,5,3,3,2011,5
1844,5,1,3,1996,3
1258,2,2,2,1955,1
1901,3,2,1,1998,2
1689,3,1,3,1957,2
1009,2,3,3,1978,1
2942,5,1,2,1961,5
2673,3,1,2,1987,4
1171,5,1,2,2004,2
1012,5,1,3,1967,2
2191,2,1,2,2015,2
2665,4,3,3,2013,5
2619,3,2,2,1950,4
1320,2,2,2,2018,2
2342,5,3,1,2012,5
2636,2,2,2,1961,4
1328,2,1,2,1958,2
1784,4,1,3,1965,3
1776,3,2,3,1990,2
1910,2,2,2,1963,1
2442,2,3,3,2007,5
2629,3,2,3,1955,5
2118,3,3,3,1952,5
2840,5,3,3,1987,5
2604,2,1,3,1981,5
1317,2,2,1,1974,2
2979,2,1,1,1955,5
1235,4,1,3,1983,3
2908,4,3,3,1956,4
1375,5,3,2,2007,1
2482,2,1,3,1969,4
2160,4,3,3,1984,4
2953,3,1,3,1968,5
1587,4,1,1,1960,3
1512,3,2,2,2006,1
2343,2,1,3,1962,3
2595,4,1,1,2003,5
2855,5,2,1,1966,5
2372,4,1,3,1956,3
2802,3,1,1,1955,2
1872,2,2,1,1991,3
2252,5,3,2,1957,2
1269,5,3,2,1979,3
2851,3,3,2,1989,4
1797,2,2,1,1951,2
2314,3,2,3,2017,3
1724,3,3,2,1997,3
2188,5,3,3,1976,3
1850,4,3,2,1999,1
2402,5,1,2,1954,4
2433,5,3,3,1997,5
1573,2,3,1,1981,2
1131,5,2,1,1950,1
1600,2,2,3,2012,4
2772,3,1,2,2005,3
2065,3,2,2,1960,3
1088,2,2,1,1959,2
1401,5,1,3,1984,2
2863,5,2,1,1953,4
2318,4,3,2,1977,2
1615,3,1,2,1975,2
2549,5,2,2,2003,4
1799,5,1,1,1961,2
2714,4,3,1,1985,4
2660,5,1,1,1965,4
1421,2,2,2,2018,1
2888,3,2,3,1999,4
2046,2,3,2,2003,4
1574,4,3,1,1958,1
1142,2,3,1,1993,2
1992,5,3,1,1963,2
1664,4,2,1,2002,2
1144,4,2,1,1997,2
2248,2,2,3,2003,3
2006,4,1,1,1952,2
1502,2,1,3,1969,2
1820,4,3,2,1992,3
2639,4,2,2,1967,5
1103,3,1,2,2015,2
2970,2,3,3,2019,4
2062,2,3,3,1989,2
2669,2,3,1,1984,5
1578,2,3,2,1993,1
1390,2,3,1,1999,1
2202,3,3,2,1973,2
1553,5,1,3,1997,3
2471,2,3,3,1967,5
2523,2,2,3,2004,5
2038,3,3,1,1959,3
2646,3,2,1,2000,5
2692,2,3,1,1962,3
2312,2,3,1,1963,3
2254,3,3,3,1975,3
1922,5,1,1,2000,2
1419,5,2,2,1985,3
1156,2,1,1,2008,2
1549,3,2,2,1970,3
2120,2,3,1,1965,3
2020,5,3,1,1996,4
1996,5,2,2,2002,3
2434,5,1,3,1979,2
1950,4,3,3,2013,3
1288,2,1,2,1975,3
2277,5,1,3,1980,2
1195,2,2,1,1971,2
1597,2,3,3,1993,2
2857,3,2,3,1975,4
2545,2,2,1,2014,3
1516,5,3,2,1958,2
2658,2,1,3,1999,4
2865,3,2,1,1998,4
1864,4,3,1,1957,2
2141,4,1,1,1995,5
1805,3,1,2,2009,3
2932,5,1,3,1968,4
2182,5,2,3,1964,3
1814,5,2,2,1976,3
1227,2,3,2,2018,3
2900,4,1,1,2012,4
1215,5,1,2,1993,2
1947,4,3,2,2007,2
2719,3,1,3,1988,4
1014,4,1,3,2017,1
2180,5,3,3,1967,2
2671,4,3,1,2003,3
2284,3,2,1,1997,4
2180,4,2,1,1978,3
1046,2,2,1,1979,1
1323,3,3,3,2018,3
1843,2,2,3,1974,2
2708,2,1,2,1976,4
1129,5,2,1,1979,2
2434,5,2,2,1989,4
1094,3,2,1,1981,2
1754,4,1,1,1990,3
2955,3,3,3,1960,5
2315,5,1,1,1993,5
1793,5,2,2,1983,3
2306,2,1,3,1977,3
1068,4,3,1,2009,2
2683,2,3,3,2003,3
1010,5,2,2,1976,1
2277,2,1,1,1995,4
1871,5,1,1,1978,4
1549,3,1,2,1968,3
2157,4,2,1,1981,4
1711,5,3,1,1950,3
1022,4,2,3,2016,1
1814,4,1,3,2007,2
1345,2,3,1,1975,1
1301,5,2,1,1999,1
1362,3,1,2,1956,1
1395,4,2,2,1968,2
1217,4,1,2,2017,1
1140,3,2,3,2007,2
1957,5,2,3,1986,3
2233,3,1,2,1957,4
1984,5,3,2,1950,3
1992,3,3,2,2021,4
2646,4,1,1,2020,5
2639,3,3,1,2018,4
1827,5,3,2,1953,3
2483,4,2,3,1981,5
2003,2,1,3,1972,2
1355,4,1,1,1967,1
2007,4,2,2,1955,2
2347,2,1,1,2008,3
2156,3,1,1,2011,2
1887,4,3,3,1961,4
2828,2,1,2,1995,5
1126,2,2,1,1962,2
2129,4,1,1,1988,3
2008,5,2,2,1951,5
1603,4,1,2,1960,4
2822,2,3,3,2020,5
2401,5,2,2,2004,4
2928,4,1,2,1973,4
2013,2,1,1,2019,3
1050,5,3,1,1957,1
2052,4,1,1,1999,2
2485,2,3,2,2018,5
2319,4,2,2,1974,4
2320,4,2,1,1953,3
2749,4,1,2,2016,3
1778,3,2,1,1956,4
2430,4,3,2,1993,3
2792,5,3,1,1971,4
1813,2,1,3,2007,4
2636,2,3,2,1966,3
2428,3,3,3,1957,4
2369,3,3,1,2006,5
2645,3,1,3,1981,4
2205,4,3,3,1991,4
1982,5,2,1,1989,1
1824,2,2,3,2021,1
2024,2,1,1,1970,3
2854,4,1,1,2017,5
2973,2,2,3,1984,5
1566,4,1,1,1994,3
1370,3,2,1,1954,2
1935,4,3,2,1958,4
2934,5,2,1,1959,5
1660,4,2,3,1979,4
2454,4,3,1,1995,3
1968,2,1,2,2011,4
2332,4,2,1,1951,3
2160,5,1,1,2002,2
1201,4,3,1,1998,3
2459,4,2,1,1950,3
1312,3,2,2,1967,1
2689,4,2,1,1982,5
1936,4,1,1,2001,4
2826,5,1,3,1954,5
1574,2,3,1,1951,2
1243,3,1,2,1984,3
1536,3,2,1,1958,2
2625,4,3,2,2020,4
2829,2,2,2,1979,4
1385,4,3,1,1957,1
2233,2,2,3,1964,3
1474,4,3,1,1962,3
1417,2,1,3,1964,1
1346,3,3,1,1984,1
2552,4,3,3,1992,5
1639,2,3,1,1952,1
1938,2,1,3,1982,2
1954,4,3,3,1977,4
1875,2,1,2,1964,3
1762,4,2,2,1957,1
2202,4,3,1,2008,3
2205,5,2,1,1956,4
1663,5,2,3,1979,2
1024,2,1,2,1968,2
2990,2,2,1,1963,5
2203,2,2,2,1979,5
1709,3,3,1,2003,2
2524,4,2,2,1973,4
2879,4,3,1,1968,5
2184,3,2,2,1968,4
1176,3,1,3,1969,4
1062,4,1,2,1961,3
2002,5,3,3,1995,4
1661,5,3,1,2006,3
1665,3,2,2,1999,2
1155,3,2,1,1988,1
2492,4,3,3,1962,5
2072,5,3,1,1985,2
1966,4,1,2,1973,5
1848,2,2,1,1972,2
2107,3,3,1,2010,1
2384,5,3,3,1988,5
1688,5,2,3,1986,1
1147,2,2,2,1969,1
1341,4,3,3,2018,2
1475,3,2,2,2004,2
2086,2,1,1,2007,2
2383,2,1,1,1988,4
1560,5,2,2,2016,2
2792,4,3,2,2005,5
2759,5,2,3,2012,5
2164,3,3,2,1964,4
1989,2,1,3,1996,3
1214,4,1,1,2015,2
1434,5,1,3,1974,3
1951,2,1,3,1954,3
1722,3,2,2,2010,3
2341,3,1,2,1975,3
1031,2,1,1,2000,2
1669,5,2,3,1952,1
1284,4,2,3,1967,2
2328,4,2,3,1957,3
1428,5,3,3,2007,2
2500,2,1,2,1993,5
1285,4,3,3,1999,1
2167,4,1,2,2015,4
2447,2,1,1,1998,4
2042,4,1,1,1968,2
1017,5,1,2,2015,2
1768,5,3,2,1989,4
1589,2,1,3,2017,2
2394,2,3,3,1965,4
2198,5,2,3,1961,3
1193,5,1,1,1954,1
1501,5,3,3,1996,2
1987,5,3,3,1958,2
2136,4,2,2,1972,1
1113,2,2,1,2012,1
2245,4,2,2,1956,3
2701,2,1,3,2002,5
1946,3,3,1,2004,3
2667,4,2,3,2000,3
2920,4,1,1,1958,5
2287,3,1,2,1980,4
1924,2,1,2,1954,2
1054,3,2,3,2010,2
2894,2,1,2,2001,5
2666,2,1,1,1982,4
1799,2,1,2,2007,2
1777,2,2,1,1990,1
2481,2,2,1,1966,4
2901,3,3,1,2001,4
2403,3,3,1,1997,4
1054,4,3,2,2010,2
2499,5,1,3,1994,5
2201,3,2,1,2013,3
2414,5,3,3,1956,4
2372,2,1,2,2001,4
2031,2,1,2,2011,3
1832,4,2,3,1969,4
1312,2,2,3,2009,2
1758,2,3,1,1952,2
2858,5,1,2,1992,3
1442,3,2,2,2002,1
2790,2,1,2,2007,4
1327,2,2,3,1958,2
2077,3,3,1,1975,2
1760,5,2,1,2016,2
2262,5,2,2,2008,4
2252,2,2,2,1970,2
1578,4,3,1,1994,3
2074,3,3,3,1984,3
2632,5,3,1,1983,4
2627,2,2,3,2016,5
2006,5,2,3,2019,3
2287,2,1,3,1985,3
2441,3,3,2,1983,5
2826,4,3,1,1955,5
1095,3,2,3,1992,2
2111,5,3,1,1996,3
2311,5,3,2,1952,5
2143,4,3,1,1985,5
1813,3,3,3,2001,1
1490,2,1,3,1982,3
2935,3,1,3,1950,5
2523,4,1,3,1993,4
1164,3,2,2,1983,1
1181,5,3,1,1986,1
1468,4,1,2,1960,2
1909,5,1,2,2000,3
1734,5,1,1,1960,2
1822,3,2,2,1972,4
1943,2,1,3,1985,3
1329,2,2,1,2010,3
1774,4,1,2,1981,2
2696,4,2,1,2001,5
1150,4,1,1,1960,2
2108,5,1,2,1985,4
1146,5,1,1,2002,3
2404,3,2,2,1983,4
1914,5,2,3,1992,5
2571,5,1,2,2002,3
2308,3,2,1,2007,4
1699,5,1,3,2015,2
1081,3,2,3,2002,2
1513,2,2,2,2011,2
1814,2,1,3,2002,2
1708,5,1,3,1959,4
2939,2,2,3,2006,5
2546,3,3,1,2014,4
1745,2,3,3,2011,3
2022,4,2,1,1963,2
2409,3,2,2,1952,3
1706,3,1,2,1954,2
1470,2,1,3,1991,3
2142,5,1,3,1999,3
1395,5,2,3,2012,3
2555,3,1,3,1951,5
1804,2,2,1,1953,3
1933,3,3,2,2009,2
2279,3,1,3,1987,4
2757,5,3,2,1957,5
1904,3,1,2,2006,2
2249,2,1,3,2001,4
2076,3,1,3,2017,2
1939,3,2,1,2011,5
2890,3,2,3,1966,4
2523,4,1,2,2009,5
2529,3,1,1,1968,3
1853,2,2,1,2000,3
2387,5,2,3,1976,5
2303,5,3,3,1964,2
1592,4,2,1,1953,4
1713,2,1,3,1968,4
1631,5,3,3,1978,2
1058,3,3,1,1953,1
2750,3,1,3,1954,3
1127,3,2,3,1977,1
1735,4,3,3,1954,2
1720,3,3,1,1981,3
2138,4,1,1,1962,2
2232,5,3,1,1976,5
1525,5,2,3,2004,2
1520,2,1,1,1967,2
1551,2,2,3,1982,3
1236,2,3,2,1998,2
2304,2,1,3,2011,4
2382,2,1,1,2011,3
2224,3,2,3,1967,5
2781,5,1,1,1981,3
2301,2,1,1,1987,3
2258,2,1,1,2009,3
1493,3,1,3,1977,2
1003,5,3,2,1976,1
1665,4,2,2,1960,4
1441,5,2,1,1981,2
1028,5,1,3,1978,1
2132,5,1,3,2021,4
1609,3,2,1,1955,3
2750,5,2,2,1952,5
1804,4,3,1,1993,3
1074,2,1,3,1956,1
1837,5,2,3,2020,3
2169,3,3,3,1952,3
2876,5,1,3,1980,4
1041,4,3,2,1997,3
2379,4,3,3,1987,5
1040,3,3,1,1950,1
1933,3,3,1,1982,3
2040,3,1,2,1986,4
2176,2,1,1,2018,3
1997,2,1,3,2005,3
2401,3,2,1,1984,3
1587,3,1,2,2002,3
2622,2,1,1,1959,5
2652,4,1,2,1978,4
2897,2,3,1,1997,5
1341,3,3,1,2019,1
1026,4,3,2,1965,3
2848,3,1,3,1968,5
2310,5,2,2,1990,2
1645,4,2,3,2009,3
1730,3,1,1,1979,3
1167,2,2,2,2018,1
1609,3,2,1,1997,2
1267,2,1,1,1956,1
2772,4,3,2,2003,4
1820,2,2,1,2017,3
1454,4,3,1,2013,2
1905,3,1,3,1984,3
2708,2,3,3,2006,5
2424,4,2,1,2018,3
1921,4,3,3,2021,2
1980,4,3,3,1996,3
1701,4,1,2,1966,2
1633,3,1,2,2018,3
2581,3,1,1,2012,4
2599,3,1,2,2013,3
1129,4,3,1,2008,1
2019,3,2,3,2021,4
2845,4,3,2,2015,5
2386,4,3,3,1950,3
2728,4,3,3,1956,5
1818,5,2,1,1961,2
1692,2,2,2,1974,4
2315,3,2,1,1974,3
2394,5,3,1,1971,4
1793,3,1,2,1960,2
1028,5,1,3,1975,1
1148,2,3,1,1990,2
2802,2,1,3,1973,4
2319,2,1,3,2012,3
1010,2,3,1,1955,2
2535,4,3,1,1974,4
1675,3,1,2,1964,2
2136,3,3,3,2001,2
1186,3,1,3,1954,2
1806,4,2,1,2002,4
1743,3,2,3,2012,2
2250,2,3,2,1982,3
2333,3,1,3,1970,4
1097,3,2,3,1960,2
1054,5,3,2,1982,1
1622,4,2,3,1972,3
1663,2,2,3,1959,3
1757,2,3,2,1955,3
1405,2,2,1,1987,1
1068,3,3,1,1970,3
2335,2,3,1,2020,2
2312,2,2,1,1999,3
2785,5,2,1,1956,5
2571,3,1,3,1955,3
1750,5,2,3,1953,3
2171,4,1,2,1980,4
2762,5,2,3,2008,4
2267,4,2,2,2017,4
2514,5,3,2,2021,4
2872,4,2,3,1965,4
1957,2,1,2,2009,4
2530,2,2,1,1985,4
1364,3,1,2,1977,3
1481,5,2,3,1981,1
1200,5,2,1,2001,3
1153,4,3,1,1966,1
2473,3,1,3,1959,3
1072,5,3,2,2005,2
1712,4,3,2,2018,4
2040,2,3,1,2012,3
2664,2,1,3,1976,4
2240,4,1,2,1992,3
1938,2,1,3,1994,3
2639,4,1,1,2021,4
1041,2,2,3,1956,2
2062,2,2,2,2006,4
2826,4,2,1,1998,5
1130,3,2,1,2005,2
2521,3,1,1,2009,5
2252,4,2,3,1952,5
1107,5,1,2,1954,1
1171,4,1,1,1970,3
2458,5,1,3,2008,2
2501,2,1,2,1984,4
1101,5,3,2,1981,3
1865,2,1,1,2006,2
1523,3,1,2,1972,2
2636,5,2,1,2010,3
2067,3,1,3,1983,2
1816,4,3,3,1980,3
1956,5,2,1,1978,2
2040,5,3,2,1964,3
1329,4,2,3,2000,3
2592,4,3,2,1953,4
2846,3,3,2,1992,5
2838,3,2,3,1994,2
2341,4,1,2,1950,3
1215,3,3,1,2007,1
1338,2,3,1,1988,2
2799,2,3,3,1960,4
1660,5,2,2,2018,3
2104,3,3,2,2004,3
2750,3,1,3,1984,5
2508,2,3,1,1976,3
1373,3,1,3,2015,2
1975,3,3,1,2003,2
1709,5,3,2,1960,3
2223,2,3,1,1955,3
2560,3,1,1,2007,5
1465,5,1,3,1981,1
2112,4,2,2,1990,3
2291,2,1,2,1986,4
2678,5,3,3,2000,5
2594,4,1,2,1971,4
2945,3,3,3,1956,4
1488,3,3,3,1978,2
2900,4,1,3,1989,4
2561,5,2,3,1989,4
1046,3,1,2,2002,3
2311,3,1,2,1976,3
1777,5,3,3,2017,3
2039,5,1,2,1992,2
1710,4,2,2,1969,3
1400,3,3,3,1993,1
2817,2,2,1,2021,5
2109,4,2,3,1985,5
1249,4,2,2,1987,2
1390,4,3,3,1955,3
2805,2,1,1,2007,4
1334,4,2,2,1979,2
1628,4,3,1,1981,2
2542,5,1,1,2005,4
1136,3,2,3,1959,1
1882,4,3,3,1976,4
1687,5,2,3,1999,1
2521,3,1,2,2009,4
1826,5,1,1,2020,3
1726,5,3,3,1996,2
2500,4,1,2,1985,3
1593,4,1,3,2017,1
2246,5,3,2,1994,4
1989,2,1,1,2019,5
1934,5,1,1,1976,3
1994,5,3,1,1987,3
1401,2,1,1,2009,3
2466,3,2,1,2020,2
2513,5,3,3,1990,4
1614,5,2,3,2014,3
2296,4,3,2,1980,2
2182,2,3,1,1968,4
2175,5,2,1,1980,4
1994,3,1,3,1978,4
1619,3,1,1,1973,1
1187,2,1,2,1979,2
2836,5,1,3,1983,4
2121,5,3,3,2005,2
1130,5,3,2,2004,2
2194,5,1,3,1984,4
1935,3,3,3,2015,3
1985,4,1,2,1980,5
1982,4,2,1,1987,3
1363,3,3,2,1965,2
1038,2,1,2,1989,1
2550,5,2,1,2001,5
2911,4,2,1,2015,5
1496,3,1,1,1988,2
2539,4,1,1,1957,5
2372,5,2,3,2005,5
1981,2,2,2,2021,3
1920,5,1,1,2010,3
1721,3,2,3,1953,2
2184,4,3,3,2015,3
1015,2,2,2,1956,1
1492,2,2,3,1960,2
2131,4,1,1,1955,2
1893,5,2,1,1985,2
2473,5,1,1,2002,4
1310,3,3,3,1981,3
1738,3,2,2,1984,1
2193,5,1,1,1976,4
1545,5,1,2,1998,3
1413,5,1,1,1961,2
1250,4,1,2,1959,1
1758,2,1,1,2007,2
2804,3,1,1,2020,4
2164,3,2,1,2010,4
2297,4,2,3,2011,5
2439,5,3,2,2020,4
2631,4,1,1,1963,3
2762,5,3,1,1967,4
2914,3,2,2,1986,4
2062,2,3,3,1970,4
1813,4,2,3,1966,2
1957,3,3,2,2000,3
1476,2,2,3,1962,2
1317,4,2,1,2007,2
1244,4,3,2,1957,1
1747,3,3,2,1956,3
1696,4,1,1,2009,1
1271,3,3,2,1999,1
2463,4,2,2,1989,4
2262,2,2,2,1966,4
1376,4,3,1,1978,2
1925,5,3,1,1960,3
1920,4,3,2,1981,2
2382,5,3,1,1996,2
1339,3,1,3,2004,2
1388,5,3,1,1974,3
1576,4,2,3,2004,1
2712,2,1,1,1960,5
1002,3,1,2,1985,1
2452,2,1,2,1960,3
2165,2,2,1,1979,4
1375,2,3,1,1957,3
2693,4,1,2,1956,4
1323,3,3,3,1987,1
1145,5,3,1,1957,3
1292,5,1,1,1967,3
2688,3,2,3,2001,5
1431,3,1,2,1978,1
1704,5,1,1,2018,1
1948,5,3,3,1993,4
2998,2,3,2,1998,5
1584,5,1,3,1994,3
1816,4,3,1,1997,3
2367,2,1,2,2011,2
1963,3,1,3,1974,3
2163,5,2,1,2011,3
1186,4,1,3,1995,1
2828,3,1,1,1958,5
1060,4,3,1,2017,2
1938,2,3,1,1983,2
1709,4,3,3,2006,3
1806,3,1,1,1962,3
2463,2,2,2,1965,3
2342,4,1,1,2000,5
2325,4,1,3,2013,2
2367,3,1,3,2011,2
1010,4,2,2,1960,1
2085,2,3,2,1962,3
2868,4,3,3,2019,4
1225,5,3,3,1998,3
2176,5,1,2,1981,2
1563,5,3,1,1969,3
1771,5,2,2,1978,3
2594,4,2,3,1974,4
2607,2,1,2,1961,3
2884,4,3,3,1972,3
2598,5,3,2,1993,4
2333,4,2,3,2002,4
1884,5,2,1,1978,3
2266,5,2,1,2017,4
2516,5,2,1,1969,2
2389,2,3,3,2014,3
2353,3,3,1,1973,3
2130,2,1,1,1958,4
1225,5,2,1,1961,1
1824,4,3,2,1982,3
1217,4,2,2,1952,2
1936,5,3,1,2015,1
1505,2,3,1,1952,2
1258,2,3,2,2018,2
2911,5,1,3,1996,5
2797,5,2,1,2006,4
2540,3,3,1,2006,4
2796,2,1,3,1958,4
1053,3,1,2,2003,1
2070,2,1,2,1997,4
1726,3,3,1,1970,3
1688,3,2,2,1984,3
2544,3,3,1,1988,3
2122,4,3,1,1989,5
2043,4,3,1,1996,3
2913,4,1,1,2015,5
2596,3,3,1,1985,3
2914,5,2,3,1950,4
2513,5,3,1,1962,5
1418,2,2,3,1972,2
1689,2,1,3,1955,3
1849,5,2,1,1963,3
2168,4,1,3,2003,2
1215,2,2,2,1986,2
1159,2,3,2,2019,2
2762,5,3,1,2017,5
1780,4,3,3,2001,2
2143,3,2,1,1989,3
1892,3,3,3,1988,2
2112,5,3,1,1983,4
1328,2,1,2,1978,1
1579,5,2,2,1983,2
2933,5,1,1,1990,4
2380,3,1,1,2019,3
2633,4,3,3,1976,5
2290,3,3,2,2010,4
2640,5,2,2,1967,5
1951,5,1,3,2014,3
2346,2,3,2,1978,3
1634,2,1,3,2003,2
1987,5,3,2,1985,4
2564,3,3,3,1965,5
2218,4,3,1,1987,5
1920,4,2,1,1955,4
1737,5,1,1,1960,4
2355,4,1,1,1968,4
1169,4,2,1,1984,2
1520,2,2,2,1955,2
2486,2,2,1,2013,4
1039,3,3,2,1978,1
2560,2,3,2,1977,4
2284,3,1,1,1998,3
2418,2,2,1,1994,4
1954,5,1,3,1955,3
2249,3,2,3,1974,2
1983,5,1,1,1954,4
2147,3,2,3,1989,2
1974,4,2,2,2011,3
1037,3,3,1,2000,1
2274,3,3,3,1985,4
2924,3,3,2,1968,5
2199,3,1,2,1951,3
2625,4,3,2,1970,4
1913,3,2,3,1968,2
1453,5,2,2,2020,5
1036,3,2,2,1956,1
2339,3,2,2,1972,4
2711,5,3,2,2018,4
1972,2,1,1,1970,2
1795,2,3,3,1997,2
2988,4,1,2,2007,4
1972,3,1,1,1953,4
1592,3,3,1,1961,2
2137,2,3,1,1988,3
2063,3,2,2,1992,1
2324,4,1,2,1950,4
1223,5,1,1,1951,2
1317,3,1,1,1971,1
1348,5,2,1,1972,3
1114,4,1,1,1998,2
1697,2,1,2,1990,3
2346,4,2,1,1994,4
2591,4,3,1,1988,4
2063,4,2,2,2010,2
2889,4,2,3,2000,4
1039,5,3,3,1973,1
2882,4,1,2,1972,4
2996,4,3,1,1985,5
2772,4,1,2,1998,4
2312,4,2,2,1957,3
2285,5,1,2,2000,4
1215,4,2,1,1994,2
2170,2,1,2,1950,4
1335,4,2,2,1952,2
2191,4,1,1,1999,2
1352,3,1,3,1968,3
1570,3,3,3,1955,2
2594,4,2,1,2000,3
1815,2,2,2,2017,1
2704,2,2,3,2005,2
1780,3,3,1,2007,2
1362,3,3,3,1963,3
1556,4,3,3,1950,3
2368,2,3,1,1951,4
2193,3,2,3,1956,4
1190,3,3,1,2016,3
2690,3,3,1,2021,4
1421,5,1,2,2007,1
1699,5,2,3,2009,2
1006,4,3,2,2007,1
1132,3,1,1,2000,1
2770,4,1,1,1961,5
1556,5,1,2,1953,2
1825,2,1,1,2014,2
1760,5,2,1,1975,3
2054,5,2,3,1954,4
1534,5,3,3,1977,2
1425,2,3,1,1960,2
2417,5,2,3,1963,2
1671,3,2,2,1978,2
1362,3,1,2,2007,3
2460,5,1,2,2018,4
2693,4,1,1,1972,2
2574,4,3,3,2014,4
2950,2,3,3,1952,5
1081,2,3,2,1997,2
1355,3,3,3,2014,3
2281,3,1,3,1973,5
2741,5,3,2,2009,5
1588,4,3,3,2009,2
2547,3,1,2,1963,4
1294,4,1,2,1979,2
2985,2,2,1,1957,3
2247,2,1,2,2009,3
2548,5,3,3,1975,4
2069,5,1,3,2001,4
2690,3,3,2,2013,5
2136,4,2,1,2003,3
2256,3,2,2,1986,3
1359,4,3,1,1981,2
2246,3,3,1,1960,3
1865,5,2,2,1957,3
1699,4,2,1,2018,1
1447,4,3,3,1979,3
1855,3,3,2,2006,4
1364,4,3,3,1974,1
1674,5,3,1,1977,1
2007,5,2,3,2021,3
2349,2,2,1,2014,2
1466,2,1,2,1989,4
1413,2,1,1,1975,1
2478,2,3,2,1968,5
1585,3,2,1,1970,3
2247,2,1,3,1992,2
1993,2,3,3,2014,4
2854,2,1,2,1990,3
2435,3,1,2,1969,4
1334,4,3,2,1970,2
2245,5,2,2,1984,3
1988,3,1,1,1991,2
1277,3,3,2,1995,1
2219,3,3,2,1978,3
1915,5,3,1,1975,3
2887,2,3,2,1980,4
1483,3,1,3,2018,3
2265,2,1,3,1990,2
2347,3,1,2,2017,4
1730,5,2,2,1987,2
2040,4,2,1,1987,3
1523,5,3,3,1983,3
1917,2,1,1,1974,3
1400,3,2,1,2005,2
2929,4,3,1,1996,5
1885,5,3,1,1976,3
1704,2,3,1,2003,1
1021,4,1,1,2007,2
1473,5,3,2,1971,2
2143,3,2,3,2018,3
1209,5,3,3,1985,1
1305,2,1,2,1966,3
2293,4,1,2,1977,5
1703,3,3,1,1993,3
1686,2,1,3,1978,2
1284,5,1,1,1952,2
1715,4,2,2,1960,3
2699,4,2,1,1952,4
1762,2,3,1,1986,3
2250,3,1,3,2005,3
1947,2,1,3,1980,4
1380,4,1,3,1996,2
2030,4,1,1,1998,5
1906,4,1,2,1977,3
2056,4,2,2,2005,3
2669,2,3,2,1980,3
1878,4,3,2,2021,2
1946,4,2,3,1954,2
1458,2,2,2,1958,2
1569,2,2,1,1998,2
2561,5,1,1,1986,3
2505,2,2,1,2013,4
2453,2,1,3,1970,2
1737,3,2,1,1988,1
2308,4,1,1,1983,3
1515,3,2,3,1952,3
2122,4,2,1,1972,4
2512,4,1,1,2019,4
1038,2,3,1,1996,1
2294,4,3,2,2006,4
1886,2,1,1,1984,4
1796,4,1,2,1956,4
1156,4,3,2,1995,2
1883,2,2,1,1951,2
2823,4,2,3,1977,5
2153,2,1,2,1979,3
2710,3,3,1,1956,3
1973,4,3,2,1987,3
2107,5,1,2,1981,2
2045,5,3,1,1984,5
2482,2,2,1,1968,2
2562,5,3,2,1961,3
2730,2,3,1,1992,4
1848,2,2,2,2015,1
2405,5,3,3,1991,2
1747,5,2,3,2016,3
2463,3,2,1,1958,2
2627,2,2,2,2005,4
1988,5,3,3,2021,2
1020,3,2,2,2014,2
1302,3,1,1,1999,1
2999,2,3,3,1964,5
1868,4,2,3,2013,2
2978,5,1,2,2009,5
1083,5,1,3,2009,1
2797,5,2,2,1996,3
2682,5,1,2,1967,3
2976,5,2,1,2002,4
2476,5,1,1,2014,3
2410,3,3,3,1994,3
2530,2,2,1,1981,3
2280,3,1,3,1980,3
1569,5,1,1,2008,2
2915,2,2,1,2010,5
1933,5,3,3,1976,3
2550,2,2,1,2018,3
2185,3,1,2,1962,4
2186,3,3,2,2018,3
2855,5,1,3,1987,4
2008,2,3,3,1969,4
1792,4,3,1,1974,2
1791,4,1,1,1994,3
2547,3,3,1,1968,5
2809,3,1,1,1985,4
2294,3,3,2,1972,2
1491,3,3,1,1971,2
1207,5,1,3,1982,1
2562,4,3,1,1978,3
2607,3,3,1,1976,3
2083,2,3,2,2017,3
1984,5,3,1,1960,3
2680,3,2,2,1980,5
2628,2,1,2,1952,4
2332,3,1,2,1970,1
1519,2,1,3,1971,1
1590,5,2,2,1960,2
2050,2,1,3,2018,3
2709,3,1,3,1963,4
1198,5,2,1,1993,2
1386,4,2,1,1979,2
1348,3,2,3,2004,2
1959,4,1,1,1974,3
2963,3,2,2,1959,5
1692,5,1,2,2012,3
2559,2,1,1,1971,5
2851,4,1,1,2002,5
1898,5,3,1,2002,3
1915,5,2,3,1973,2
2581,5,2,1,1986,4
1733,3,1,1,1988,2
1205,3,3,2,2017,2
1454,4,1,1,1954,2
2296,5,2,3,1973,4
2917,4,2,2,1989,5
2259,3,3,3,1992,5
2875,2,1,2,1964,4
2763,4,2,1,2021,4
1520,2,3,3,1970,1
2701,3,2,1,2009,3
2967,4,3,2,1954,5
1955,4,2,3,1999,4
2854,2,2,2,2015,4
1725,3,1,2,2009,4
2013,5,1,1,2017,3
1500,5,3,1,2010,3
1116,3,1,2,1961,1
1385,4,2,3,1972,3
2367,5,2,3,1981,4
1583,4,1,3,1975,1
1394,3,1,1,2007,2
2087,2,1,1,1977,4
2740,4,1,2,1969,5
1720,2,2,1,2004,2
1071,2,3,1,1954,1
1273,3,2,3,1959,2
2343,2,3,2,1958,4
1337,2,1,2,1950,1
2389,5,3,1,1982,4
2518,5,2,1,2008,4
1606,3,1,3,1965,2
2567,2,1,1,1959,5
2324,2,1,1,2004,4
1728,3,1,2,1985,2
1800,4,3,3,2004,3
2448,2,3,2,1980,4
2415,3,3,2,1991,4
1778,4,3,3,1975,3
2111,4,1,3,1996,1
2576,3,1,1,1978,4
1400,3,2,2,2000,1
1587,5,2,2,1965,3
1888,4,1,1,1975,2
2069,4,2,2,1967,3
2695,4,1,3,2002,4
2486,2,1,2,1980,4
1591,3,1,3,2002,2
2333,5,1,2,2006,5
2109,4,1,2,1964,2
1091,5,1,3,1973,2
2683,2,1,3,2008,3
1713,5,3,1,1970,3
1935,4,2,3,1963,2
2951,5,2,3,2007,4
1241,4,3,1,1978,2
2888,4,3,3,2016,3
1224,5,2,2,1974,2
1800,2,1,1,1956,1
2768,3,2,2,1962,3
2996,2,1,2,1969,5
2949,4,1,1,1958,4
2952,5,2,2,1954,5
1588,3,1,1,1977,2
2689,3,3,3,2019,5
1917,3,3,2,1955,4
2126,5,2,1,1978,3
1193,4,2,2,2009,3
2189,3,2,1,1959,5
1870,4,2,1,2010,5
1089,2,1,1,1963,1
2709,4,3,2,1970,4
1121,3,2,3,2004,1
1142,2,2,2,2003,2
1993,2,3,3,1986,2
1105,2,2,1,1995,1
1886,3,3,3,1996,4
1427,4,3,1,1963,1
2328,5,2,1,2013,4
2895,4,1,1,1988,5
2994,3,2,2,2006,5
1316,3,1,2,1962,1
1634,4,1,3,1957,2
2925,3,3,2,1962,5
1773,5,2,1,2010,2
2096,4,2,2,2005,4
2382,2,1,3,1975,5
1222,2,1,3,1958,1
2439,2,1,2,1990,4
1552,4,1,1,1964,3
2393,3,1,1,1950,4
1715,3,2,2,1950,2
2287,5,3,1,2011,5
2863,5,1,1,1955,5
2713,3,3,2,1950,4
2883,3,3,3,1968,4
2107,5,1,3,2021,4
2341,2,1,2,1951,4
1110,2,1,2,1965,1
1250,2,1,1,1987,1
1382,2,2,3,2015,2
2107,4,1,2,2001,4
1207,2,3,2,2018,3
1899,3,3,1,1996,4
2413,3,1,3,1982,4
2337,3,1,2,2000,3
1021,2,3,3,1971,2
1409,3,3,2,2013,3
1894,5,1,1,2007,3
1514,2,3,1,1975,3
2150,2,2,1,1984,1
1808,5,3,1,1951,3
2723,4,1,1,1987,5
1873,4,2,1,2017,2
1013,2,2,3,1993,1
1970,2,3,3,1999,4
1977,2,1,1,2008,3
2013,5,3,2,1974,4
2035,3,3,2,1970,4
1086,5,3,2,2020,2
2547,3,2,1,2007,4
1908,3,3,1,1991,3
2560,4,3,2,1999,3
2324,5,3,3,1993,5
2266,5,3,3,2007,4
1121,2,1,3,1968,2
2170,5,1,2,1962,3
2590,3,1,1,1965,4
1749,3,2,2,1973,4
2379,5,1,3,2001,2
2756,2,1,1,1988,4
2654,2,2,1,1953,2
1308,3,2,2,1970,1
1694,5,2,1,1981,3
1287,3,3,1,2001,2
1306,3,1,3,1951,1
2835,5,2,2,1983,5
2617,3,3,3,2008,3
2989,3,2,1,1981,4
1913,4,2,2,1996,4
1661,4,3,1,1972,2
2375,2,3,2,1997,3
1872,4,1,2,1953,2
2082,5,2,3,1969,3
1923,5,2,2,1998,4
2737,5,1,3,2011,2
1754,2,2,1,1957,1
1034,2,2,2,1983,2
1444,4,2,1,2020,1
1092,4,3,1,2011,2
2973,3,3,3,2020,4
2230,5,3,3,2014,4
1352,3,3,1,1960,3
1902,2,2,3,2020,1
2355,4,2,1,2015,4
2840,3,2,3,2018,3
1861,5,3,3,1997,4
1956,5,3,2,1951,2
1023,4,3,2,2011,1
1403,4,1,3,2011,1
1804,5,1,3,2019,3
1515,4,2,1,1964,3
1731,4,2,1,2015,3
2387,4,3,2,1982,3
2405,5,1,3,1981,4
1531,2,1,1,2017,1
1955,2,2,1,2016,3
1151,4,3,3,1966,1
2585,2,2,2,2001,5
2712,4,3,2,1988,4
1946,2,1,1,1956,3
1607,2,3,2,1951,3
2640,3,1,1,2017,2
1419,4,1,1,1986,3
2273,2,1,2,1973,5
2140,2,2,3,1996,2
1865,3,2,1,1951,1
2535,2,2,1,2004,4
2763,3,3,3,1992,5
1577,2,2,1,2008,1
1334,3,1,3,1986,1
2441,3,2,3,1951,4
1931,5,1,3,1963,3
1294,5,3,1,1983,2
2961,4,3,1,1983,4
1754,2,1,1,1985,3
2394,4,2,3,2004,4
1185,5,2,2,2001,1
2269,4,1,1,1985,3
1636,5,3,1,1965,3
2291,4,2,1,1990,2
2666,2,2,2,2005,3
2260,2,2,3,1981,5
1529,4,3,2,1991,1
2575,4,2,2,1971,5
1910,4,2,2,1957,3
2760,3,3,3,1956,5
1866,2,1,2,1959,1
1793,2,3,2,1993,2
2543,5,1,2,1989,5
1099,5,2,1,1983,3
1751,3,2,3,1956,3
1477,4,2,3,1973,2
2622,3,1,1,1961,4
2321,4,2,2,1996,3
1939,5,3,1,2015,1
1525,4,3,1,2021,3
1374,2,1,3,1969,1
1292,4,1,1,1961,1
1836,5,2,2,2019,4
2957,3,1,3,2016,5
2004,5,3,2,1979,3
1552,5,3,3,1973,3
1317,5,2,3,2004,2
2525,2,1,3,1997,5
2851,5,2,2,1998,4
1380,4,2,2,2012,3
2646,2,2,3,1978,4
1013,2,2,1,1978,2
1503,2,2,1,1988,3
1230,5,1,1,1982,2
2107,3,3,3,2021,3
1129,5,1,1,1962,2
1837,3,2,1,1960,2
2168,5,3,3,1965,4
1890,4,1,3,1982,1
2880,3,1,1,2007,4
2186,2,3,3,2015,1
2252,2,1,2,1999,4
1260,3,2,1,1975,1
2472,5,3,2,2009,3
2447,4,1,2,1961,4
1459,5,1,2,1952,1
2975,4,3,1,1967,4
2699,2,3,2,2003,4
1918,2,3,2,1958,5
2326,3,3,3,1991,4
1286,4,3,2,2004,2
2418,5,2,2,1990,5
2033,4,2,1,2013,4
2730,5,3,3,1998,5
1629,5,1,2,1951,2
1269,5,2,1,1980,2
1591,4,2,3,2005,2
2993,2,1,2,1956,5
2628,3,2,2,2010,5
2801,3,2,2,1983,5
1843,2,3,3,1989,2
1861,3,2,3,1997,5
2384,5,2,1,1970,3
2280,3,2,2,1998,4
1132,4,3,2,1951,2
2299,2,1,3,2021,5
2799,2,1,2,1969,4
2706,2,1,2,1968,5
1971,2,1,3,1979,2
1512,4,2,1,1969,3
1312,5,3,2,1980,2
1575,5,3,1,1966,3
1885,5,2,1,1952,3
2307,3,1,3,1960,3
2144,5,3,3,1952,2
2130,3,2,3,1994,2
2956,4,2,3,2008,4
1686,3,2,3,2005,2
2227,5,2,1,2004,4
1164,2,3,1,1976,1
1304,4,2,1,1950,2
2655,5,2,3,1954,4
2847,4,3,2,1953,2
1155,2,2,1,1990,1
2390,2,1,1,1968,4
2742,2,3,3,1974,5
1619,3,2,1,1966,3
2274,5,3,3,1982,5
1956,2,3,2,2009,1
2939,4,1,2,1982,4
2905,3,3,2,1977,5
1333,3,1,1,1966,2
2665,5,3,1,1997,5
1968,4,1,2,1961,2
1510,3,3,3,1952,2
2316,2,3,1,2015,3
2043,5,1,3,2001,4
1281,5,1,3,2010,3
1796,2,1,2,1963,4
2024,2,3,2,2016,2
1197,4,3,2,2008,2
1484,3,3,1,2007,3
2780,4,1,1,2002,4
2082,5,1,1,1993,2
1836,4,1,2,2021,4
2184,2,2,2,1976,3
2008,3,3,2,1963,4
1690,2,3,2,1956,2
2229,5,2,2,2018,4
2035,3,1,3,2013,2
1489,3,1,3,1981,2
1692,3,1,2,1968,4
1241,2,2,2,2003,2
2239,4,1,3,1966,3
2274,5,1,3,1998,3
2834,2,2,1,1960,3
1216,3,2,1,1974,2
2329,5,1,1,1994,4
2208,5,1,2,1960,2
2062,3,3,1,1993,4
2246,4,2,2,1991,3
2207,4,1,1,1976,2
1494,4,1,2,1992,1
1426,2,1,3,2015,3
2201,2,3,2,1982,4
1918,3,1,1,1951,2
2451,4,2,1,1959,3
2317,5,1,3,1982,1
2875,4,2,1,2018,5
1150,2,3,3,1973,1
1383,3,2,3,2000,1
1307,2,3,1,1980,2
2359,5,2,3,1975,4
2969,4,2,1,2010,5
1745,5,2,3,1996,3
1891,4,1,2,1992,1
1374,3,2,1,1961,1
2031,4,3,3,1963,3
2364,5,2,2,1954,5
1128,5,3,3,1981,1
2014,2,2,3,1957,4
1668,4,3,2,2016,2
2375,3,2,3,1996,3
2381,2,1,2,1987,4
1516,5,1,3,1982,3
2518,4,3,1,1998,4
1085,2,3,3,2001,1
2198,3,3,1,2010,4
2825,2,1,2,1999,4
2216,4,3,2,1999,4
1310,4,3,3,2007,1
2142,3,1,2,1997,2
2241,3,3,3,1951,3
1426,3,2,3,1995,1
2993,5,2,3,1991,4
2437,2,2,1,1958,4
2168,2,1,1,1968,2
2561,5,2,2,1985,5
2671,2,2,1,1987,3
1302,3,1,1,2009,1
1743,2,1,2,2021,2
2904,5,1,2,2011,4
1587,5,2,1,1985,3
1986,2,3,1,2011,2
1344,5,2,1,2006,2
1813,2,3,1,1966,2
1800,5,1,2,2021,3
2024,2,2,2,1968,3
2170,3,2,3,1983,5
2310,3,3,2,1961,3
2677,4,1,1,2008,5
2076,4,3,3,1975,5
2327,2,1,3,1986,5
2092,2,3,2,2021,3
1360,3,2,1,2012,2
2243,4,1,1,1988,4
2985,4,3,3,2008,4
2009,5,3,2,1993,4
1703,5,1,1,1952,2
2989,4,1,2,2010,4
1574,3,3,2,1976,3
2608,2,2,3,1957,4
2184,2,2,2,2013,4
2704,3,1,1,1972,4
2112,5,2,2,1989,3
1687,5,3,1,1975,2
1780,3,2,1,2002,4
1584,3,3,1,2012,1
2780,5,1,2,2020,5
1588,4,2,2,2001,3
2182,5,2,1,1986,3
1488,4,3,2,2011,3
1970,2,3,1,1951,3
2347,2,1,3,2017,5
2633,4,1,3,1991,5
2404,4,3,2,1950,5
2125,5,3,1,2010,4
2667,4,3,1,1986,3
2637,2,2,2,2018,5
2477,2,2,2,1958,4
2505,5,3,3,1963,5
2617,3,1,1,2000,5
1396,3,1,3,2015,1
2000,2,1,3,2010,3
2302,4,3,2,2017,4
1850,4,1,1,2016,3
2388,2,1,2,1991,4
2354,4,1,1,1986,3
2664,4,1,1,2009,3
2367,2,3,1,2020,5
1821,2,1,2,1951,3
1454,3,1,2,1953,2
2624,2,3,1,2000,5
1724,3,1,3,2001,4
2678,3,2,1,1977,3
2088,5,1,3,1962,2
2099,4,1,2,2001,1
1710,2,2,2,1968,2
1142,4,3,3,1968,1
1916,5,1,2,1993,3
2938,2,2,2,1975,3
1827,2,3,3,1970,1
1604,5,3,2,1989,4
2496,4,2,3,1964,4
2440,3,3,3,2021,4
1304,5,3,1,1958,3
1735,5,2,2,2005,4
2520,2,3,1,2007,4
1290,3,2,3,2000,2
2963,5,3,2,2020,4
1101,4,2,2,1952,2
2290,5,3,3,1998,4
1866,4,2,1,1998,4
1967,2,1,3,1957,2
1973,4,2,3,1996,4
1841,2,3,1,1971,2
1961,2,3,3,2010,4
1941,2,1,3,1952,2
2800,5,3,2,1998,3
2026,2,3,3,1997,2
1084,2,1,2,1987,1
2817,4,2,1,2009,4
1815,5,2,2,1978,3
2473,3,2,2,1961,4
1453,2,2,3,1967,1
2947,5,2,3,2014,5
1628,2,1,2,2003,1
2244,5,2,2,2006,4
2177,2,1,1,2010,3
1664,4,3,1,2005,3
1011,3,1,1,2017,1
2156,3,1,3,1978,1
1303,5,1,3,2006,1
2316,5,1,1,2018,3
1974,3,2,3,1965,3
2323,4,3,3,2009,4
1782,2,3,3,2018,2
1943,3,1,3,1973,3
1342,3,2,1,1970,2
2349,4,2,1,1954,3
1497,3,1,3,1984,1
1363,3,1,1,2014,2
1890,3,1,3,1980,3
1426,3,3,1,1989,1
2004,3,3,2,1993,3
1020,4,1,2,1954,1
1406,4,1,1,1998,2
1618,2,3,2,1997,4
2014,2,3,1,1970,2
1335,5,2,1,1996,3
2838,2,2,3,1951,5
2140,4,2,2,2011,4
2147,2,1,2,1964,2
1398,2,1,3,2006,1
1792,4,1,1,2018,2
2827,3,3,3,1950,4
1714,4,2,2,1960,3
1050,4,3,1,1983,1
1323,5,3,3,2013,1
1788,5,1,1,2008,1
1140,3,1,2,1963,1
1469,2,3,2,1991,2
1786,5,2,2,1993,3
2825,4,1,1,1967,5
2357,5,1,3,1986,2
2916,4,3,2,2003,3
1963,3,1,1,1978,5
2007,5,2,3,1980,5
1372,4,3,1,2001,3
2587,2,1,2,2008,5
1493,3,3,1,2007,2
2562,4,3,2,1966,5
2692,2,2,2,1950,3
1750,2,2,2,2018,2
2179,4,1,2,2016,4
1290,5,3,1,1994,3
2671,2,1,1,1979,2
2167,3,1,3,2021,5
1105,2,1,3,1952,2
2443,5,2,3,2014,4
1669,3,3,3,1953,2
2681,3,3,2,1964,4
2968,4,2,1,1984,5
1588,2,1,1,1976,2
1643,5,1,3,1990,2
1089,4,2,1,1971,2
2368,4,2,1,1989,4
2482,4,3,2,1986,3
2286,2,3,3,2007,4
2374,4,2,3,1992,2
2131,4,1,1,1994,4
2609,3,3,1,1961,5
2062,3,2,2,2018,3
1908,4,2,2,2018,2
1158,3,1,1,2008,1
2606,5,3,2,1999,4
1958,5,3,2,1975,2
1311,5,2,1,1959,2
2264,4,3,1,1998,4
2961,2,1,2,1952,5
1444,2,3,1,2013,3
1297,3,1,3,2020,3
1951,2,2,2,1955,1
1035,2,1,2,2004,2
2107,4,1,2,2015,2
2475,3,1,3,2007,3
2909,2,1,2,2004,4
2798,5,2,1,1951,5
2845,3,1,3,1980,3
2408,3,2,3,1992,3
2195,3,3,3,2014,4
2399,5,3,3,2004,3
2708,2,3,1,2014,4
2385,5,3,3,1974,3
1558,3,2,2,2016,2
1890,3,2,3,1988,4
1140,4,3,3,1990,2
1886,4,1,3,1999,3
2941,4,3,3,2006,5
2141,4,3,2,2011,2
2300,3,3,2,1968,3
1725,5,2,3,2001,3
2243,4,3,3,1997,4
2928,5,3,2,1977,5
2049,4,3,3,1991,3
1520,2,2,2,1984,2
2806,4,3,1,2008,3
1009,5,3,1,1985,1
1983,4,1,3,1957,3
1377,2,3,1,1950,3
2656,5,2,1,2012,5
2660,5,1,2,1984,5
1681,5,3,2,1958,4
1583,3,2,1,1955,1
1719,3,2,3,1973,4
2072,2,1,3,2009,2
2177,5,2,1,1953,2
1858,5,1,1,2021,2
2603,2,3,1,1980,4
1049,3,3,3,1988,1
1663,4,3,2,1968,2
1530,2,1,2,1974,2
2635,2,1,3,1977,5
2083,2,1,1,2013,5
2190,3,1,2,1973,2
2225,3,1,3,1989,5
1856,3,1,3,2009,3
1145,3,3,1,1964,1
1914,3,1,1,2003,2
2699,5,2,2,2007,4
2993,4,2,3,1954,5
1992,4,2,3,1988,4
2462,3,1,3,2012,4
1241,3,3,2,2021,3
1580,5,2,2,1950,2
1686,3,1,2,1969,2
2584,5,1,3,2018,3
1482,5,3,1,1998,3
2131,2,1,3,1967,3
2249,2,1,1,1972,2
1672,3,2,2,1967,2
1630,5,2,3,2009,1
1660,3,2,1,1992,3
1661,2,2,3,2021,2
2455,2,2,3,2003,4
1804,2,1,3,2000,3
2678,2,1,3,2009,3
1418,2,3,2,1973,3
1987,3,2,2,1999,2
2478,3,2,1,1986,1
2183,2,2,2,2006,5
2546,3,2,2,1979,2
1649,2,2,2,1997,4
1968,2,1,2,1970,3
1589,2,1,1,1964,3
2100,3,2,2,2020,2
1508,3,1,2,1981,2
1440,5,2,1,1996,3
2277,3,3,2,1991,5
1920,3,2,1,1954,3
1769,4,3,2,1970,3
2343,2,3,2,1974,3
2826,2,2,3,1987,4
1262,3,2,1,1974,1
2620,3,2,1,1994,4
2681,5,2,3,1995,5
2858,4,1,1,2014,4
2577,2,1,1,2013,4
2397,2,3,1,2013,3
2190,3,1,1,2017,5
2960,4,1,2,2000,3
2776,2,1,2,1966,5
1458,4,3,1,1964,3
1998,2,1,3,2016,3
1699,4,1,2,2018,2
1301,5,2,2,1959,1
2603,5,2,1,1957,3
2241,5,3,2,2013,4
2125,5,1,2,1965,4
1553,2,1,1,2021,2
1287,5,3,1,2020,2
2190,2,3,2,1953,3
1620,4,3,2,1969,5
2005,3,2,2,1979,5
1035,2,2,3,1981,2
1743,2,1,1,1974,3
2764,4,2,3,1998,4
2699,3,3,3,2009,5
2922,4,1,1,2016,5
1647,3,3,2,1997,1
2376,3,1,3,2015,4
2914,3,2,1,1997,4
2093,5,2,3,1979,4
1424,5,1,3,1966,2
1998,2,2,1,1968,3
1707,5,3,3,2020,4
2804,4,3,2,1995,3
1560,3,2,2,1987,2
1827,2,2,3,2009,5
2665,4,3,2,2005,4
1955,3,1,3,1977,2
1516,4,2,2,1956,3
1427,5,2,3,1999,2
2562,4,1,2,1988,5
1159,5,3,2,1992,1
1148,4,1,1,1984,2
1775,2,1,3,1957,2
2253,5,1,2,2004,4
2735,5,2,1,2017,4
2585,3,3,1,1966,5
1066,5,3,3,1970,1
2013,3,2,2,1972,2
2835,5,1,2,2016,4
1380,5,2,2,1980,2
2282,5,1,1,2021,4
1341,3,1,1,1976,1
2861,2,1,1,1998,4
2153,4,2,3,1974,2
1726,5,1,3,2014,2
2195,5,2,1,2009,2
1769,2,1,2,1991,2
1613,3,2,2,1980,3
2232,4,3,1,1992,3
2826,2,2,2,1977,5
2494,2,2,3,2004,3
2821,2,3,1,1962,4
2287,4,1,3,1992,4
1661,5,3,2,1997,4
2835,2,1,1,1998,4
2571,2,1,2,1953,5
1452,3,1,1,1962,1
2868,2,2,2,1993,4
1286,3,3,1,1993,2
2326,5,3,3,2002,3
2016,4,3,3,1965,4
1310,2,2,1,1959,1
1207,2,2,2,2015,1
1617,3,3,3,1952,4
1445,4,1,1,2021,2
1669,3,2,1,1996,2
1632,2,1,2,1958,2
1054,5,2,3,1995,2
1911,5,2,2,1976,2
2035,4,2,1,2000,2
1656,2,2,1,2012,3
2931,2,2,3,1987,5
1979,3,3,3,2009,2
1514,4,3,3,2019,3
2679,3,3,1,1993,2
2565,4,3,1,1983,4
1236,5,1,2,2020,2
2302,4,3,3,2001,3
1347,4,3,2,1959,2
1626,4,3,3,1996,3
2127,5,1,2,2009,2
1629,4,3,2,1965,3
2540,3,1,2,1983,2
2271,4,1,2,1956,3
1363,3,3,2,2006,2
1320,4,1,3,1975,2
2656,5,1,1,1999,2
1148,4,1,2,1978,1
2107,2,1,2,1963,2
2989,5,1,2,1963,4
1405,2,1,1,2010,2
1977,4,1,3,1987,2
1455,3,2,1,1957,2
2766,4,2,2,1978,4
1799,3,3,3,1988,2
2184,4,3,2,1985,4
2012,4,3,2,2001,2
1783,3,3,1,1998,3
1459,3,3,2,2009,1
2573,4,3,2,1967,4
2523,2,2,2,1980,4
1737,5,2,2,2009,1
1508,2,2,3,1963,2
2677,2,1,2,1994,4
2827,2,1,1,1989,5
1480,2,3,1,2011,1
2686,3,2,3,2018,5
1113,2,3,2,2020,1
1748,5,2,1,1950,3
1340,3,3,2,2004,1
1769,2,1,3,1964,2
1760,2,2,3,2010,2
1968,5,1,3,2005,3
1448,3,1,1,1988,1
1834,4,1,1,1968,3
2203,2,2,3,2010,4
2725,2,2,1,1999,5
2430,5,1,2,1967,5
2689,5,2,1,2010,4
2219,3,1,3,1994,3
2489,5,3,1,1960,3
1310,3,1,2,1962,2
1261,2,3,3,1988,2
2442,2,1,2,2015,4
1405,3,1,3,1994,1
1142,5,3,3,1982,2
1341,3,2,2,1980,1
2339,2,1,3,1967,3
2124,3,3,1,2014,5
1243,5,1,2,1998,2
1489,3,3,3,1964,2
1011,2,3,3,2013,1
2262,4,1,1,1956,4
1560,3,1,2,2006,2
1041,4,2,3,1998,2
1677,3,2,3,1970,3
1593,5,1,1,1989,3
2826,4,2,2,1971,4
2181,3,1,2,1958,4
2239,5,3,1,1980,3
2693,4,1,2,1952,3
2485,4,2,1,1992,4
2090,5,1,3,1972,3
2871,4,3,2,2010,5
2030,2,3,3,1964,3
1947,2,2,1,1995,3
2549,5,2,1,2005,4
1072,5,2,2,1963,1
1398,2,2,2,1997,1
2428,4,2,1,1994,3
2698,3,1,1,1973,3
1858,5,2,1,1968,4
1129,5,3,2,1956,3
1930,3,3,3,2011,1
2489,4,2,3,1996,4
2229,3,1,1,1999,2
2811,4,3,1,2012,4
2791,4,3,2,1999,5
1265,2,3,2,1974,1
2560,4,3,3,1988,5
1792,5,1,3,2004,1
1252,5,3,2,1972,3
1821,2,1,1,2008,3
2312,3,1,2,1981,3
1163,5,2,3,1966,1
2805,3,2,2,1992,5
1832,2,2,2,1998,3
2133,4,3,3,1993,3
1335,3,2,3,2006,2
1821,4,2,1,1963,3
1237,4,1,3,1976,1
1380,4,3,2,1956,3
2459,3,1,1,2005,4
1898,3,1,2,1996,3
1482,4,1,1,1961,3
2960,2,2,2,1951,5
1901,2,3,3,2021,1
2048,2,2,3,2005,4
2676,5,3,1,1965,5
2140,4,1,2,1974,3
1481,5,3,3,1952,3
2415,2,1,3,1994,3
1916,3,2,3,1999,3
1993,2,1,1,1954,4
1963,5,2,3,1982,3
1536,5,2,2,2014,2
2102,2,2,1,1981,3
2603,4,1,1,1978,5
2196,3,2,1,1972,2
2035,2,3,1,2009,4
2631,2,2,1,1987,5
1091,3,3,3,2017,1
2676,3,1,2,1970,4
1542,3,3,3,1955,2
1845,4,3,1,2020,3
2555,2,1,2,1985,4
2681,4,1,1,1964,4
1988,3,3,1,1958,3
2851,4,2,1,1996,2
1446,3,1,3,1960,1
1389,2,2,2,1966,2
1042,5,2,3,1979,1
1253,2,2,3,1961,1
2153,4,2,3,1956,3
2083,4,3,3,2015,2
1662,4,1,2,1970,1
1466,3,3,3,1999,3
1286,5,1,1,1950,2
2010,2,2,2,1998,2
2540,4,1,3,2015,5
2490,4,1,3,1975,5
2953,2,1,1,1974,3
1777,3,1,1,1978,3
1344,4,2,1,2001,2
1641,3,1,1,2013,3
1381,3,1,2,1977,3
2802,3,2,1,1988,5
1689,4,1,1,2017,3
2276,4,3,3,2010,4
2079,2,3,3,1959,3
2486,3,3,1,1989,4
1456,4,3,2,2000,2
1982,3,2,3,1992,2
1082,2,3,3,1988,1
2122,5,2,3,1991,4
1148,3,2,3,1975,4
2352,4,3,1,2008,5
2179,3,2,1,2007,3
1189,3,1,2,1980,2
2517,4,3,1,1976,4
1882,5,3,2,2011,3
1262,4,1,2,2006,2
1399,5,1,2,2001,3
1763,5,1,2,1988,2
1608,4,2,2,1950,2
2283,3,2,2,1965,4
2795,2,3,2,1994,4
2638,2,3,3,1983,4
2575,5,3,2,1971,5
1784,2,2,3,1952,2
2382,5,1,2,1951,3
2403,2,3,1,2003,5
1819,5,2,1,1989,2
2244,3,2,2,1991,4
1819,5,3,1,2007,1
1421,3,3,1,2010,2
2254,2,3,2,1991,3
2713,3,1,1,1976,4
2086,2,2,2,1969,3
2508,4,3,1,1970,3
2597,4,2,2,1978,5
1767,4,1,1,1989,4
1482,3,2,2,1976,2
1518,2,3,3,1964,2
1154,4,1,3,1999,2
1091,3,1,2,1961,1
1981,4,3,2,2003,4
2549,4,1,3,1990,3
1454,3,3,2,2021,3
1597,5,2,3,1998,2
2668,5,2,1,1974,4
1509,4,2,1,1996,3
2206,2,2,2,1966,4
1385,2,2,2,1987,2
2597,4,3,3,1961,4
2754,4,1,3,1955,5
1404,3,1,3,1958,2
1245,2,2,1,1995,2
1741,4,3,3,1971,3
2614,5,3,1,2004,4
1660,2,3,2,1952,2
1649,4,1,1,1983,1
2494,3,3,2,1953,4
2849,3,2,2,1951,4
2911,2,3,2,2007,5
2446,5,2,1,1962,5
1064,4,1,1,1958,1
2036,5,3,1,1957,4
1212,4,1,2,1999,1
1241,5,1,2,2011,2
1492,5,3,1,1979,2
2236,4,1,2,1973,3
2716,2,2,3,1997,4
1172,5,2,2,2017,1
1671,5,1,3,2000,2
1163,3,3,1,2011,1
1464,2,2,2,2016,1
1994,3,3,3,1965,4
1496,2,2,3,2002,1
1699,5,2,1,1987,4
1394,5,3,1,1997,1
1702,4,2,1,2008,2
2940,2,3,3,1956,4
2791,2,2,2,2010,5
1628,2,2,2,1980,2
2817,2,2,3,2019,5
1509,3,1,1,2006,1
2731,4,3,3,1962,3
1545,5,3,3,2005,4
2587,3,3,1,1956,3
1623,3,1,2,1988,3
2787,5,1,3,2000,3
1593,4,3,1,2006,3
1743,3,3,2,1995,3
2250,5,1,1,1963,3
2768,4,1,1,2005,3
2756,4,2,2,1967,4
2459,2,3,2,2003,3
2948,3,3,3,2002,4
2445,4,3,3,1992,1
1553,3,3,2,1967,1
1553,3,2,2,2001,2
1396,4,1,2,1981,1
1624,5,2,2,1951,3
1104,5,2,3,1960,1
1191,2,3,1,1951,2
1016,5,2,3,1978,2
2143,4,2,3,1952,4
1392,2,3,2,2009,2
1424,4,2,2,2005,1
1128,4,2,3,1950,2
2153,2,1,2,2013,2
1571,2,3,1,1961,2
2583,3,3,3,1954,5
1028,4,2,2,2001,1
2120,3,3,3,2020,3
2033,5,1,1,1992,2
1241,5,2,3,2007,2
2849,3,1,3,1979,3
2979,2,2,3,1967,4
1231,5,2,2,1986,3
1788,2,3,3,1967,4
2307,3,3,2,1985,4
1714,2,2,2,2004,2
1758,4,1,3,2005,1
1801,5,2,3,2009,2
1775,2,2,3,1996,2
2978,2,2,3,1970,4
1199,2,3,3,1979,2
1944,3,3,3,1990,1
2936,3,3,1,2011,4
1955,5,2,1,1990,3
2878,2,3,1,1967,5
1855,5,3,1,1987,3
2196,5,1,2,1996,2
1466,2,1,1,2006,2
1580,2,2,3,1971,3
2439,3,2,2,1994,4
1939,5,3,1,2004,4
1086,2,1,1,2017,1
1100,5,2,1,1989,2
2031,4,3,1,1965,4
1844,2,3,1,2011,3
2223,3,1,2,1957,3
2528,4,1,3,1984,4
1086,4,1,1,1981,2
1042,3,1,1,1995,1
2644,4,2,2,2000,3
2458,4,1,1,1969,4
1407,5,3,2,2005,2
2506,4,2,2,1957,2
1663,4,1,3,2000,2
2040,2,1,2,1950,3
2668,3,3,3,1992,3
1276,5,1,1,2008,2
1231,3,2,1,1990,1
2849,5,2,1,1959,5
1365,5,2,3,1966,2
2251,2,2,2,1963,3
1435,5,1,2,1953,4
1398,3,1,1,1967,1
2234,3,2,3,1988,4
2414,2,1,2,1953,1
1498,2,3,3,1962,3
1539,4,2,2,2003,2
1562,2,2,3,1970,2
2514,5,3,2,1962,3
1441,2,2,2,1980,2
2284,4,2,1,1954,2
1349,3,3,3,1994,3
2375,3,1,3,1958,1
2343,2,2,1,2007,2
1137,4,1,3,1971,1
2573,4,2,1,2005,2
2646,3,3,3,1953,3
1991,3,3,1,1992,2
1367,2,2,3,1979,1
2243,4,2,1,1978,5
2360,3,2,2,1965,4
2246,2,1,3,1964,3
2671,2,3,1,1957,3
2791,2,2,1,1964,4
1359,3,1,1,2009,1
1920,3,2,1,1982,3
1328,3,3,3,2021,2
1961,5,3,1,1990,3
1462,5,3,3,2008,3
1945,5,2,2,1982,3
1962,3,3,2,1991,1
2584,3,2,2,1964,3
2827,5,1,3,1968,4
2405,4,1,2,1995,5
1835,4,1,3,1978,4
2613,4,2,2,1959,4
2640,4,3,2,2010,4
1168,5,3,3,1980,1
1216,2,2,2,1951,1
1377,2,1,3,1960,2
1118,4,1,3,1989,1
1189,3,2,2,1988,1
1766,4,3,3,1999,2
1369,4,3,1,1955,2
2801,2,3,1,1977,4
1148,3,3,2,1961,2
2699,2,1,1,1997,5
1651,3,3,2,2005,2
2511,2,3,3,1959,4
1769,5,1,1,1958,3
1373,5,3,1,2008,1
1780,4,3,1,1971,4
2716,3,2,3,1998,5
1159,2,3,1,2010,1
1350,4,3,2,1980,2
2935,2,2,3,2014,5
2311,5,2,1,1956,5
2311,2,2,3,1971,3
1891,2,2,3,1970,2
2249,4,1,2,1996,3
1522,3,3,2,1981,3
1521,2,3,1,1996,2
1782,5,1,3,2015,5
1272,5,2,2,2014,2
1935,4,3,2,2010,1
2425,5,2,1,1966,4
1182,2,2,3,1972,1
2992,3,1,1,1999,5
2688,2,1,1,2018,4
1487,4,2,1,2013,2
2850,5,3,3,1997,5
1845,2,2,3,1962,3
1984,5,2,1,2013,3
1789,3,3,3,1974,4
1413,3,1,1,1969,2
2748,5,1,2,2008,5
2195,2,2,1,2018,1
2311,4,3,1,1970,4
2458,2,1,3,1982,3
1685,5,3,3,2012,1
1887,2,3,1,1955,3
2940,5,2,3,1961,4
1121,2,3,3,2006,1
2567,2,2,3,2006,4
2245,3,1,3,2017,5
2654,5,3,3,1999,4
1496,3,1,1,2010,3
1779,3,2,3,1954,3
2256,3,3,1,2016,3
1942,4,2,1,1953,2
2553,5,3,2,1962,5
1148,2,1,2,1952,3
2420,2,1,2,2020,5
2021,2,3,1,1964,2
1660,5,1,1,1968,3
2661,4,1,1,1980,4
2927,5,2,3,1964,4
2383,5,1,3,2003,3
1237,5,1,2,2004,3
1646,5,3,2,2007,4
1662,4,1,3,2005,1
2759,2,2,2,2013,5
1202,5,2,1,1984,4
1255,5,2,3,1980,2
1597,5,1,2,1968,1
1661,2,2,1,2007,2
2368,2,3,1,2017,5
1533,4,1,1,1958,2
1859,3,3,1,1959,3
2820,5,3,3,1997,5
2804,4,1,2,1972,3
2489,2,1,1,1974,3
1769,4,2,3,2006,4
1540,4,2,1,1985,1
1212,3,1,1,1975,2
1462,5,3,3,1976,2
1435,5,1,3,1985,1
1282,2,2,2,1981,2
2585,2,1,3,1976,5
2630,3,1,1,1963,4
2486,4,3,3,1995,5
2430,4,1,3,1998,4
1087,2,2,1,1983,1
2067,5,1,1,1979,4
1460,4,3,2,1982,3
2706,2,3,3,1957,3
1420,4,1,3,2018,2
2376,5,1,2,2010,4
1695,3,1,2,1970,4
1514,3,1,1,1978,3
1702,2,1,3,1958,2
2653,2,1,1,2011,2
1018,5,2,3,2006,1
1022,5,2,3,1977,1
1412,4,1,3,1978,2
2053,4,3,1,1998,4
2830,4,3,3,2000,4
1107,3,2,1,2008,2
2390,3,2,1,1990,3
2304,4,2,2,1968,5
2151,5,3,2,1972,3
2252,2,2,2,2017,3
2134,3,2,1,1977,4
1135,3,2,1,2021,2
1361,4,1,1,1983,1
2209,2,1,2,1967,2
2679,3,2,3,1982,3
2607,2,3,3,2004,3
2284,2,1,3,1971,5
1514,3,3,2,1965,3
1448,2,2,1,1958,2
2127,3,1,2,2012,3
2506,3,2,1,1982,3
2247,5,1,1,1964,3
2855,2,3,1,1974,3
1873,5,1,3,1980,3
2514,5,3,1,1993,4
1472,2,3,2,1999,1
2033,5,3,1,1965,4
2428,3,1,3,2019,3
2919,2,3,1,1999,4
1301,3,2,3,1979,1
1230,3,3,1,1989,3
2754,4,3,3,1991,4
1922,3,1,1,1950,1
2089,3,1,1,2013,4
1936,2,2,3,1991,3
2036,2,1,1,1995,3
2416,5,3,1,1967,5
1499,5,1,3,2007,1
1931,2,1,2,2013,4
1597,5,1,1,1957,2
1601,5,2,3,1963,1
1313,4,2,2,1970,1
1565,2,2,1,2020,2
2035,2,3,1,2004,4
1208,5,2,2,1985,1
2997,2,2,1,1988,3
2037,2,3,2,1975,4
2441,2,1,3,1985,4
2460,3,3,2,2009,3
2400,2,3,3,1975,3
2043,4,2,2,1982,1
1586,4,2,1,1965,2
2935,2,2,3,1950,3
2778,4,2,2,2014,5
2758,4,3,2,2011,4
2014,4,2,2,1964,5
2093,5,2,1,1977,5
2847,4,1,1,1984,4
2234,3,3,1,1955,3
2124,5,3,3,1956,4
1697,3,3,1,1977,3
1131,3,1,2,1999,2
2646,3,3,1,1986,4
2404,5,3,3,1980,2
2155,2,2,1,1956,3
2043,4,3,2,2002,3
2929,4,2,3,1987,5
1535,2,1,2,1990,3
2013,2,2,1,1990,4
1226,3,1,3,2008,2
2177,5,1,3,1962,3
2828,3,1,2,1961,5
2765,4,2,3,1975,4
2492,2,1,3,2003,5
1821,4,2,3,1995,2
1870,2,2,2,1983,3
1201,3,1,2,2006,1
1037,4,2,1,1984,2
1941,5,2,1,1966,3
2795,4,1,3,1982,4
1187,2,2,3,2004,3
2080,4,1,1,1967,2
1940,5,1,1,1983,2
2043,5,1,3,1955,2
1272,3,2,1,2011,3
2142,4,2,1,2017,1
1582,2,3,1,2010,2
1515,4,3,1,2012,2
2244,3,3,1,1971,4
1525,2,1,3,1969,3
2538,2,3,3,1959,4
2751,3,2,2,2004,4
2764,2,1,1,2005,3
1335,5,1,2,2014,2
1697,5,2,2,1964,3
2078,2,3,3,1977,3
1499,4,3,1,1965,3
1899,2,2,2,2009,3
2911,4,2,2,2006,3
1765,3,3,2,1964,2
1535,5,2,3,1999,5
1161,5,3,1,1970,2
2693,3,2,1,1997,4
1593,3,3,3,1980,1
2938,5,2,1,2013,3
1158,3,1,3,2008,2
2211,2,1,1,1987,3
1914,4,2,1,1963,3
2342,4,3,1,2019,3
1405,4,1,2,1988,2
1663,2,3,1,2020,2
2132,5,2,3,1982,3
2099,3,2,1,2000,5
1541,2,3,2,1994,3
2337,3,3,3,1983,2
1997,4,2,3,1996,3
2140,5,3,2,1986,2
1926,2,2,3,1952,2
1867,4,2,2,2017,1
2727,4,1,3,1959,3
1018,5,1,1,1970,2
1431,3,1,2,2021,2
2708,4,3,3,2004,4
1739,5,2,3,2016,2
2373,5,3,2,2013,4
2206,3,2,3,1988,5
1480,3,1,3,2014,3
2169,4,2,1,2014,3
1830,3,2,2,2009,3
2651,5,3,1,1966,5
2136,5,3,2,2007,4
1762,4,1,3,1980,4
1475,3,2,2,1955,1
1762,5,1,1,2000,2
2326,4,3,1,1999,4
1970,5,3,3,2016,3
2848,4,1,1,2005,5
2019,2,1,1,1960,3
2141,2,2,3,1956,5
2836,4,1,1,1999,4
1160,2,1,3,2007,2
1400,2,2,3,1983,1
1197,3,3,1,1956,1
2283,2,2,3,1951,2
1659,3,3,2,1984,3
2775,2,3,3,1985,3
2070,2,1,1,1976,2
1398,5,1,2,1975,5
2733,4,1,2,2019,3
2582,2,1,2,2021,4
1077,4,1,2,1965,2
1123,4,3,3,1956,1
1074,5,2,3,1957,3
2894,4,1,3,1950,4
1136,4,3,1,1981,2
1601,2,1,1,1977,1
2423,5,2,2,2001,5
1836,4,3,1,1982,2
2528,2,2,3,1967,5
1499,5,1,3,1971,2
2596,2,3,3,1999,5
1137,5,2,3,1963,1
2794,3,1,2,2019,4
1972,3,3,3,1991,3
2642,3,1,3,1978,3
2648,4,2,3,1998,5
2885,2,1,2,1962,5
2653,2,2,1,1989,4
1709,4,2,2,1971,2
1562,2,2,3,1993,2
1756,2,3,3,2005,4
2449,2,3,2,1972,3
1546,5,1,1,2007,2
2325,5,2,3,1994,4
1921,3,1,3,1969,4
2372,3,3,2,1962,4
1048,3,3,2,1997,1
1916,5,3,2,2006,3
2097,4,3,1,2021,3
1703,4,1,2,1953,2
1260,2,3,2,1966,2
1355,3,1,1,1963,1
2605,2,2,2,1970,3
2625,3,3,1,2021,3
2283,2,1,3,2018,4
1637,2,3,1,2003,2
1742,5,3,3,2001,4
2318,4,1,1,1957,3
2009,4,1,3,1987,2
1930,4,1,1,1984,4
1640,5,3,3,2010,3
1791,4,2,2,1999,2
2336,5,2,1,2016,4
1611,3,3,2,1994,1
1808,2,1,2,1964,3
2205,2,2,3,2001,3
1685,3,2,3,1992,3
2851,3,2,3,1979,4
2387,2,1,2,1965,5
2592,4,1,2,2017,4
2619,3,1,3,1960,4
2687,2,3,1,2000,4
1984,5,2,3,2003,3
1547,3,3,3,1973,3
1724,2,3,2,1971,2
1925,4,3,2,1968,3
2431,4,1,3,1981,5
1875,4,1,3,1984,2
1617,2,1,1,1998,1
1413,4,3,3,2001,2
2365,2,3,1,1992,3
2243,3,3,2,2003,4
1902,5,2,3,2009,3
1162,4,1,2,1983,1
2974,3,2,1,1967,4
2243,3,2,1,1987,4
1269,2,2,3,2010,2
1631,3,3,3,2000,2
1905,2,1,3,2017,2
2871,2,2,1,1975,4
2423,3,1,2,2015,3
2205,2,1,3,1970,3
2641,2,3,2,2013,5
2752,2,2,3,1961,3
1204,3,3,2,2018,1
1581,5,1,1,2014,2
2579,2,2,3,1965,5
1840,4,1,1,1955,4
2836,3,1,1,2005,5
2251,3,3,2,1987,5
2719,2,2,2,1993,5
2642,3,3,1,1994,4
1595,4,3,3,1988,4
2873,5,1,2,1959,4
1249,3,2,1,2015,2
1874,3,2,1,1956,2
2464,3,2,1,2015,3
2556,2,3,3,1993,5
1195,4,3,2,1994,2
1689,5,3,2,1957,4
2542,4,3,3,1998,4
2093,3,2,1,2001,3
1638,5,1,2,1981,5
2422,4,2,3,1962,4
2226,3,1,2,1958,4
2171,2,3,2,1977,4
2495,5,1,3,1971,4
2678,3,3,3,1962,4
1943,2,1,2,1967,3
1198,3,1,2,1975,1
2449,4,3,1,1977,5
2689,3,3,1,2020,3
1491,5,3,1,2021,3
2911,3,1,2,1962,3
1895,5,2,2,1999,4
1141,2,2,3,1967,1
2336,2,3,2,1984,4
1164,5,3,1,1973,3
1313,2,1,2,1963,1
1020,3,1,1,1999,1
2105,2,1,3,2017,2
2604,5,2,3,2019,4
2154,5,1,3,1983,4
2622,4,1,3,1974,2
2753,5,1,3,1994,5
2956,2,3,2,1950,4
1983,5,1,1,2007,3
1304,2,3,1,1997,1
2938,2,2,1,1966,3
1370,4,2,2,2004,2
2880,2,3,1,1986,5
1852,5,3,1,2013,2
1383,5,1,2,1969,3
1444,2,2,2,1952,1
1424,5,2,1,2005,1
1160,3,2,3,1983,1
2201,3,2,3,1972,3
1628,5,1,2,1992,3
2731,2,1,2,1981,3
1894,5,2,2,2015,4
1489,3,1,2,2007,2
2016,2,1,3,2011,3
1326,5,3,3,1988,2
1597,2,3,3,2006,1
2014,5,2,2,1966,4
1288,4,2,3,1984,3
1592,2,2,3,1951,4
2687,3,2,2,1967,4
2596,3,2,2,2020,2
1572,3,1,1,1977,2
2377,3,3,3,1995,4
1027,5,3,2,1954,2
1953,5,3,3,1968,2
2704,4,1,3,1983,3
1422,4,1,3,1954,1
2621,2,3,2,1979,4
1176,3,3,1,1973,1
1528,4,3,3,1968,3
2517,3,1,1,1981,4
1197,5,1,2,1962,4
1609,5,3,3,2010,3
2600,4,1,3,1989,3
1841,5,3,1,2013,2
1852,2,3,2,2012,4
2540,4,3,3,1968,4
2537,4,1,1,1966,5
1021,3,2,2,1966,1
2135,5,2,2,1952,3
2080,3,2,1,1967,4
1841,5,2,3,2012,3
1097,3,1,2,1952,2
2167,5,3,2,1974,5
2903,4,2,3,1956,4
1434,4,2,3,1974,2
1636,4,2,2,1966,1
2702,2,3,1,2020,5
2109,3,2,3,1983,2
1587,3,1,3,1998,3
1343,4,3,1,1976,1
2959,3,3,3,2009,5
2317,4,3,1,1984,4
1570,5,2,2,2018,4
2673,3,2,2,1957,5
1610,4,1,1,1963,2
1242,5,3,1,2013,3
2854,5,1,2,2017,3
1560,5,2,1,1961,3
1959,4,3,1,2006,4
1390,4,1,3,1984,1
1276,5,2,3,1978,1
1531,3,3,1,1980,3
2177,5,2,1,2015,3
1382,2,1,2,1976,2
2091,2,3,2,1962,3
2901,5,1,2,1991,4
1883,4,1,1,1969,2
1213,2,3,2,1952,3
2678,5,2,2,2003,4
1375,4,1,2,1966,1
1743,3,3,1,1965,2
1212,4,2,1,1987,2
1078,2,2,2,1968,1
2749,4,1,1,2013,3
1627,4,3,3,2016,3
1603,3,2,1,1985,5
1781,5,3,2,1957,2
2404,3,3,1,2016,3
2000,2,3,2,1982,4
1679,5,3,3,1997,4
1057,2,1,2,1995,2
2049,4,2,1,1965,4
1880,4,1,1,1986,3
1065,2,2,2,1999,1
2944,2,1,1,1954,4
2783,2,1,1,2014,4
2277,4,1,3,1993,4
2922,5,3,2,1968,5
2991,5,1,3,1995,4
2067,2,3,2,1955,4
2120,4,2,1,1997,3
2577,5,1,2,2014,5
2011,5,1,1,2008,3
1226,2,1,1,1981,2
1773,2,1,3,1960,2
1678,5,2,2,1967,3
2459,4,3,2,1963,5
2814,3,2,1,1958,5
1600,5,3,3,2010,3
1378,5,2,3,1951,2
2201,4,2,1,1978,3
2450,5,2,3,1966,3
2938,3,1,3,2008,4
1708,4,1,3,1974,2
1306,3,3,1,1979,3
1778,3,2,3,1957,4
1503,5,1,1,2002,3
2609,5,2,1,1960,5
1007,5,3,2,2009,2
2943,4,3,1,1997,5
1507,4,2,2,1977,3
1475,4,2,2,2004,3
2320,5,2,2,1988,4
1163,3,3,1,2011,1
1484,3,3,3,2012,1
2620,4,1,2,2006,4
2095,4,3,2,2003,1
1566,5,2,3,1971,2
1904,2,2,2,1998,3
1558,2,3,2,2016,1
2934,5,1,2,1981,4
2967,2,3,1,1991,4
1237,2,3,2,2018,4
2127,2,2,3,1959,4
2233,4,2,3,1989,3
1553,3,1,2,2003,4
1827,3,2,1,1957,4
1467,4,1,2,2021,3
2477,4,3,3,1974,4
2291,4,1,3,1989,4
1385,2,3,3,1955,2
1774,5,3,1,1990,1
1847,5,2,2,1980,3
1386,2,3,2,1971,2
1876,2,3,1,2001,3
1258,4,1,2,2005,2
1282,4,2,2,1971,3
2649,3,2,3,1968,3
2898,4,2,2,1970,4
1039,2,3,2,1952,1
1485,3,3,3,2018,3
1928,4,1,2,1955,2
2152,3,2,2,1978,4
2014,4,3,1,1950,1
2023,5,1,1,2021,3
1612,2,2,3,1957,2
1927,3,3,3,1992,2
2915,5,1,2,2017,5
1687,5,1,1,2011,2
2642,4,3,3,1978,3
1612,4,2,2,1990,2
1259,2,3,2,1985,1
1989,4,3,3,1964,4
1965,4,1,2,2009,5
1365,3,3,1,2021,2
2781,5,1,2,1956,4
2810,5,1,3,2006,5
1543,4,3,1,1980,1
1648,4,1,1,1969,2
2547,4,3,1,1966,4
2930,2,2,3,1961,4
1813,2,2,3,1951,1
2910,3,1,2,1999,5
2039,2,2,2,1993,3
2152,5,2,2,1967,3
1574,2,3,2,2005,3
2132,5,3,3,2003,3
2910,2,2,2,1957,4
2012,2,2,3,1984,1
2556,3,3,2,1963,5
1669,4,3,1,1983,2
1268,4,2,2,1967,1
2185,4,1,2,1951,4
2283,3,3,3,1971,5
1923,5,3,2,1986,3
2125,2,2,3,2011,3
2758,5,1,2,2007,5
2594,3,3,3,2016,4
1246,3,2,2,2010,3
2663,5,2,3,2013,3
2818,4,1,3,2003,5
2860,2,1,1,1971,4
2560,4,3,1,1977,5
1130,3,2,3,1966,2
1195,3,3,3,1981,2
2816,4,1,3,2017,5
1929,4,3,2,1999,2
2689,2,3,2,1979,4
2405,4,1,1,1990,5
2021,2,1,2,1955,3
1644,2,2,3,2002,2
1700,5,3,3,1950,2
2499,3,2,2,1980,5
2500,3,1,1,1969,5
1264,2,2,3,2021,1
2395,2,2,3,1987,3
2509,2,1,3,2005,4
2457,3,2,2,1995,2
1645,2,1,2,1959,3
1210,5,2,3,1987,2
2595,5,2,2,1963,4
2400,3,2,3,2009,5
2418,4,3,2,2009,5
2473,3,2,3,1967,5
1942,4,3,3,1968,5
2387,4,2,3,1974,3
2899,2,1,3,2003,4
1456,5,2,3,1972,1
1724,2,1,3,1982,1
2751,4,1,1,2000,3
2249,2,3,1,1980,3
1981,4,1,3,1955,3
2154,2,1,3,1976,2
1587,5,3,3,1962,2
1475,5,2,2,1955,2
2821,3,2,2,2000,4
1985,4,1,1,1996,2
2300,4,3,1,1989,3
1155,2,2,1,2015,2
2783,3,3,2,2012,4
2241,5,3,1,2015,2
1189,2,1,3,1986,1
2440,3,3,1,2008,3
1980,5,1,1,1987,3
2698,2,3,3,1972,3
2715,5,1,3,2020,5
1545,4,2,1,2018,2
1040,3,3,2,2010,2
1942,3,2,2,1952,1
1337,2,1,2,1983,1
2337,3,1,3,1982,2
2098,2,1,2,1970,2
1952,3,1,1,2003,4
1278,2,1,2,2013,2
2199,2,3,2,1969,2
1895,2,2,1,1980,3
2685,5,2,3,1992,4
1272,4,2,2,1999,2
1836,3,3,1,1962,5
1619,4,1,2,1990,3
2674,4,3,2,2013,3
1861,4,1,2,1982,5
2806,4,3,2,1989,4
2882,3,2,1,1986,5
1930,3,3,2,2002,1
1288,4,1,1,1985,1
1723,3,2,3,2001,2
1892,3,2,3,1957,2
1271,2,1,3,1972,1
2089,5,3,1,1961,3
1482,4,1,1,2016,4
1935,3,1,3,1950,3
1247,4,1,2,1965,2
1155,3,2,1,2016,1
2070,4,1,3,2017,4
1453,3,2,1,1984,1
1200,3,2,3,2014,1
2683,5,1,1,2019,4
1123,3,1,1,2019,1
1967,5,3,3,1974,3
2782,2,3,3,1976,5
1854,4,3,1,1954,3
1639,3,1,3,2015,2
1190,4,2,1,2011,2
1515,3,2,1,2002,2
1441,3,3,1,1988,1
2829,3,2,1,2020,5
1142,3,3,1,1991,2
2214,3,2,3,1954,3
1532,2,1,1,1980,2
1226,4,1,3,2011,4
2336,2,3,2,1990,4
2652,4,1,2,1978,3
1948,3,2,3,1977,2
2325,4,2,1,1987,5
2677,4,3,3,1977,4
1459,4,2,2,1958,3
2424,4,1,1,1980,3
1550,3,3,1,1962,1
1392,5,3,1,1971,1
2890,2,1,2,1991,5
1844,3,1,2,1985,3
2230,3,3,2,1960,4
1209,3,3,2,1965,1
2138,3,2,3,1970,2
2760,4,3,2,2003,4
1645,2,3,2,1958,1
2274,3,2,3,1989,3
1218,2,3,1,2000,1
1406,2,2,3,2019,2
2466,2,2,1,1971,5
2377,3,1,1,1973,3
1887,3,1,3,1980,2
1557,3,3,3,1991,3
1141,3,1,1,1951,1
1611,3,2,3,2021,1
1500,2,2,3,1999,2
1839,3,1,1,2019,4
1701,4,2,3,1978,3
2682,4,3,2,1989,4
2565,4,3,2,1985,4
2869,4,3,1,1977,5
2530,2,1,1,1973,4
1595,3,1,2,2004,1
2904,4,3,3,1998,5
1280,4,1,3,1953,2
1423,3,3,2,1997,2
1855,2,1,3,1962,2
1269,4,1,1,1993,3
1153,3,2,2,2008,1
1613,3,3,3,1971,3
2750,5,2,3,1956,3
1661,4,3,1,1978,2
2967,4,1,1,1987,5
1082,5,3,1,1966,3
2645,3,2,1,1973,5
1946,3,2,2,1963,4
1898,4,1,2,1956,2
2298,5,1,3,2001,4
2736,4,1,3,1954,5
1979,2,1,3,1996,1
1172,5,1,3,1970,1
2350,3,2,2,1977,4
2741,4,2,1,1962,5
2086,3,2,2,1983,3
2096,4,2,1,1970,2
1762,2,1,1,2007,3
2659,5,3,2,1956,5
2398,5,3,1,1979,3
1632,3,3,1,1991,1
2531,2,3,3,1975,3
1786,3,2,3,2001,2
1942,2,1,1,2008,3
2011,4,2,1,1994,3
1397,4,2,1,1982,1
2143,2,2,2,2017,4
1933,4,1,1,1984,3
2460,5,2,1,1996,3
2852,2,1,3,1976,4
1675,2,3,1,1988,2
1935,3,2,1,1977,2
1464,2,1,3,1969,2
1285,3,2,1,1971,4
1264,2,3,1,1975,3
1319,5,1,2,2005,2
1672,5,3,1,1973,4
2399,5,3,3,1951,4
1819,3,1,1,2016,3
1088,3,2,1,1965,1
2677,4,1,1,1989,5
2226,3,3,1,1976,4
1820,3,1,3,1981,1
2762,5,2,3,1968,4
2000,2,1,1,1967,5
2978,3,3,1,1952,5
1333,4,2,3,2010,2
1221,2,2,2,1977,1
1040,3,1,1,1970,2
2731,2,1,1,1953,5
1067,2,1,3,2014,1
1987,2,3,1,1967,3
2799,2,2,1,1986,4
1513,2,2,1,1979,1
2896,3,2,1,2018,4
2660,2,2,3,2001,5
2645,2,2,1,2013,5
2621,4,3,2,1987,5
2960,4,2,3,1966,4
2655,2,1,3,1961,4
2150,3,3,2,1980,5
2278,4,3,2,1960,4
1694,4,2,1,1973,1
2039,2,1,2,1975,2
2085,5,2,1,1964,5
1880,3,3,1,1960,3
1431,4,2,3,1977,3
2693,4,3,1,1990,5
1267,4,2,1,2011,1
2058,4,1,3,1984,5
1778,4,2,1,1992,1
2599,2,1,3,1990,2
1493,2,2,3,2005,3
2585,2,1,1,1982,5
2492,4,1,1,2003,4
2790,2,1,1,1965,5
1660,4,1,3,2000,1
2348,3,1,2,1970,3
2327,5,2,3,1967,3
2299,3,2,2,1963,2
2986,2,3,1,2021,5
2707,5,1,3,1961,3
2952,3,3,3,2018,3
2012,3,1,3,2013,2
2224,5,1,3,2000,4
2468,3,2,2,1987,3
2928,2,3,1,1983,5
2347,3,1,2,2018,3
2058,5,2,2,1973,4
1976,2,3,2,2002,1
1481,5,3,3,1965,1
1727,4,1,2,1989,3
1479,4,1,3,2015,1
2088,2,2,3,2014,5
2031,2,3,3,1989,2
2324,3,3,3,2001,5
1342,5,1,2,1998,3
2454,4,2,2,1994,3
2447,3,3,3,1969,4
1331,4,1,1,2020,1
1437,3,3,3,1980,3
2611,3,3,2,1988,4
1173,4,3,3,1958,2
1558,3,2,2,1962,1
1526,4,2,2,2018,4
1658,5,2,2,1991,2
1025,3,3,3,1964,2
1819,4,2,2,2001,2
1604,4,1,3,1977,2
1405,5,1,1,1999,2
1231,5,1,1,1964,2
1532,5,1,2,1968,3
2842,3,1,1,1984,4
2573,4,1,2,1985,5
2811,3,3,1,1982,4
1504,3,2,2,1988,3
2692,2,1,2,1986,5
1178,5,1,3,1998,3
1131,2,2,2,2002,3
2846,2,2,3,1973,3
2478,3,3,2,1988,5
1347,3,1,2,1974,2
1539,4,1,2,1983,1
1771,2,1,1,1959,1
2429,5,3,1,2009,2
2964,4,3,1,2005,4
1853,2,1,3,1991,2
2515,2,2,3,1991,3
1193,4,1,2,1996,2
2185,2,3,3,1990,5
1346,3,3,3,1980,1
1950,2,2,1,2014,1
2384,3,2,3,2020,3
2792,2,2,2,1980,4
2110,2,3,2,1953,1
2285,3,2,2,1979,5
1213,5,2,3,2015,3
2688,3,1,3,1996,3
2745,2,1,1,1988,4
2936,4,1,2,2005,4
1572,2,1,3,2008,1
1779,4,2,2,1990,3
1261,5,3,3,1980,2
1729,4,3,2,1984,2
2671,4,3,2,1982,3
2490,4,1,3,2007,3
2403,5,1,3,2018,4
1361,4,1,3,1970,4
2472,2,2,3,2017,2
1440,3,1,1,1957,3
1092,3,1,2,2001,2
2644,2,1,3,1979,3
1752,5,3,3,1982,4
2447,2,2,2,2003,2
2314,4,3,3,1982,4
2455,5,1,1,1986,4
1748,5,2,1,1991,2
2875,3,2,1,2013,5
2847,5,1,1,1986,4
1652,3,3,1,1952,2
1997,4,2,1,1981,4
2325,3,3,2,1950,3
1880,4,2,2,1996,3
2213,4,2,3,1973,4
2159,4,2,2,2014,3
1554,3,3,1,1979,3
1403,3,2,3,1961,1
1891,3,2,3,1983,4
1864,2,3,2,1953,3
1601,3,2,3,1987,1
2830,4,1,2,1989,5
1340,3,3,3,1979,2
2780,2,1,1,2017,3
2968,4,1,1,2001,4
1703,5,2,1,1950,1
1317,3,2,3,1979,3
1617,3,2,2,2007,3
2386,5,3,3,2003,4
1381,3,3,3,2017,4
1232,2,1,1,1995,2
2800,4,3,1,1954,5
2367,3,3,2,1963,4
2572,4,2,1,1956,5
1816,3,1,2,1988,3
2552,3,2,2,1965,4
1855,4,2,2,2005,2
2812,3,3,1,2011,4
1818,3,1,1,1992,3
2594,4,1,2,1984,2
2958,3,3,1,1975,3
1182,3,3,3,1955,2
2064,4,3,3,1967,3
2574,5,1,1,2018,4
1396,2,1,2,1970,1
2727,2,2,3,1989,5
1778,2,2,2,1990,2
2517,2,1,3,1967,5
2682,2,2,3,2007,1
1906,2,1,1,1969,3
2356,4,2,1,1984,4
2581,4,1,1,1988,2
2580,3,2,1,2002,4
2191,5,2,3,1989,3
2643,2,2,2,2001,5
1018,2,3,2,1952,1
2355,4,3,2,2020,5
1583,5,1,1,1958,5
1455,3,2,2,1974,2
1956,3,3,2,1969,4
2132,4,2,3,1958,3
2291,2,3,2,1958,2
2263,3,3,3,1979,2
2952,2,2,3,1965,5
1601,3,1,2,1972,1
1987,3,3,3,1964,3
2273,2,3,3,1999,3
2476,2,2,2,1991,3
1519,2,3,3,1980,3
2176,5,1,2,1962,3
1858,4,3,1,1954,3
1173,2,1,2,1974,2
2366,2,2,1,1969,4
2693,3,3,1,1981,4
2004,3,1,1,1998,3
1430,5,3,3,1953,1
1726,4,1,2,1966,3
2712,3,1,2,2016,5
2710,5,1,3,1953,3
2875,5,3,2,1998,4
1849,5,1,3,2013,2
2681,2,3,3,1992,4
2985,4,1,2,2018,4
2347,4,1,1,1994,4
1989,4,3,1,2005,4
2696,2,3,1,1950,2
1638,2,3,3,1999,2
1419,3,2,1,2005,3
1593,3,2,3,1993,1
1484,3,2,3,1973,3
2682,5,1,1,2006,5
2774,4,1,1,1977,3
1935,3,3,3,1986,3
2107,5,2,1,2001,3
2136,2,1,2,1977,2
1331,5,2,3,1972,3
2401,5,2,1,1994,3
2778,4,3,1,1957,5
1654,2,1,1,1992,2
1040,2,2,3,1998,2
2958,5,1,1,1988,5
1958,5,1,2,2016,5
2820,3,1,1,1990,4
1104,2,1,3,1971,1
1201,2,1,1,1999,2
1449,4,1,1,2016,2
2842,2,3,3,1977,4
2866,2,1,2,1980,5
2996,2,1,2,1961,5
2289,4,2,3,2015,5
1909,5,2,1,1963,3
1209,2,1,1,1990,3
1562,5,2,3,1993,1
2141,4,3,2,1995,3
1712,5,3,3,2004,2
2400,3,3,3,2004,4
2574,2,2,2,2020,4
2563,4,3,3,1994,3
1770,4,3,1,1966,4
2107,5,2,1,1979,3
1453,2,1,3,1993,1
1666,4,1,3,2016,2
1628,3,1,2,2015,2
2537,5,2,3,1993,4
2628,3,1,1,2010,3
2701,3,3,2,1974,5
1386,5,1,3,1998,2
2935,3,3,1,1984,5
2373,5,1,3,1984,3
1295,5,1,3,2000,2
2104,4,2,3,2020,5
1267,3,3,2,1991,1
1418,3,3,3,1971,4
1234,3,1,2,2003,1
2856,3,2,2,1994,3
2334,4,1,2,2011,2
2836,3,1,2,2013,3
1985,2,2,2,1967,3
2380,5,3,3,1954,5
2236,5,2,1,1975,5
1573,4,1,3,1984,4
1048,5,3,2,1976,1
2150,3,1,2,1956,3
1920,4,3,1,1958,4
2302,5,1,3,1969,2
2431,5,2,1,1960,5
2528,2,1,2,1960,3
2317,2,2,3,2009,4
2819,3,1,2,2001,3
1276,5,2,2,1966,1
2461,3,3,2,2016,3
2130,5,1,2,1994,2
2681,3,3,1,2001,4
1610,5,2,2,2002,1
2452,2,1,2,1996,3
1374,4,3,3,1961,3
2972,4,2,3,1975,5
2657,5,3,3,1979,4
2053,3,2,1,2009,2
2211,5,3,3,1993,4
2387,3,2,3,1963,4
2889,2,1,3,1959,5
2474,3,3,3,1958,5
1194,3,1,3,2006,2
2179,5,3,1,1956,2
2195,2,2,1,2013,3
1846,5,3,1,1957,3
2064,4,3,1,2020,4
2086,2,3,3,1978,4
1022,3,2,2,2004,1
1359,3,1,2,1961,3
2098,3,2,2,1998,3
1559,4,2,1,1995,3
1671,4,3,1,2009,1
2141,3,1,1,2001,4
2635,4,3,3,1996,4
2403,5,2,3,1975,5
1678,4,1,1,1972,2
2313,4,2,3,2020,3
1439,5,2,2,1954,3
2691,3,1,3,1955,4
1932,4,2,3,1974,5
1006,5,2,3,2004,1
2219,4,3,1,1981,4
1420,3,1,1,2014,1
2591,4,1,1,2009,4
1832,3,3,2,2020,3
2216,5,1,1,1956,2
1558,2,1,2,1955,2
2171,5,3,2,1984,2
2810,2,3,1,1963,5
2225,2,2,2,1964,3
2467,5,3,1,2009,5
1913,3,1,3,2013,3
2442,2,3,2,1986,4
2450,2,3,1,1953,4
2006,3,3,2,1962,3
2502,3,2,2,1989,3
2498,2,3,1,1983,5
1125,2,1,1,1997,2
1394,2,3,2,2009,2
1816,4,3,1,2005,2
1880,5,3,1,1992,3
2829,3,2,2,1997,4
1575,3,1,3,1994,1
1324,5,1,1,2001,2
2415,3,2,3,1981,4
1929,3,2,3,2012,2
2711,2,2,3,2014,4
2651,3,1,3,1991,4
2463,4,1,1,1997,4
2227,4,3,3,2005,4
2509,2,1,2,1960,4
1832,2,2,1,1992,3
2054,3,1,1,2011,1
2411,2,1,3,1951,4
2648,2,1,1,1976,5
2900,5,1,3,2019,5
2457,2,3,3,1950,5
1836,4,2,1,1988,2
1925,3,1,2,2009,3
2399,2,2,1,2000,3
1442,3,1,1,1950,1
2602,3,3,2,2005,4
1074,3,3,1,1995,2
1556,5,3,1,1950,2
2795,4,1,1,2011,3
2178,5,1,1,1958,5
2453,3,1,2,1992,4
1362,5,1,1,1988,1
1447,3,2,1,1958,3
2257,2,2,3,1960,2
2586,2,1,1,1960,2
2841,5,3,3,1975,4
1261,4,2,1,1958,1
2850,3,1,1,1958,5
1124,5,1,1,1957,1
1910,5,2,3,2003,3
1244,4,2,2,2018,1
1541,3,1,2,2018,3
2961,5,3,2,1964,5
1484,4,1,1,1983,2
1124,2,2,2,1967,1
2572,4,1,3,2016,4
1123,2,1,1,1976,1
2892,3,3,1,1956,5
2058,4,3,1,2001,2
2110,2,1,3,1965,3
1645,2,2,1,1991,3
1785,2,3,1,2018,2
1200,5,2,1,1951,1
1368,3,2,3,2016,1
1796,5,1,2,2020,3
1058,2,3,3,1955,2
1430,3,1,1,2018,1
1637,5,1,3,1960,3
2523,5,3,3,1968,3
1108,3,1,1,2018,2
2759,3,3,2,2021,4
2007,4,3,3,1999,3
2301,3,2,2,1963,3
1067,5,3,2,1952,2
2092,3,1,2,1953,1
2188,5,2,1,1982,4
2512,4,2,3,1989,4
1304,4,3,2,1986,1
2932,5,2,1,1975,5
1673,3,1,1,1961,3
1364,3,1,3,2001,1
1820,4,3,1,1976,3
2402,4,1,2,1950,4
1342,5,1,3,1969,1
1946,2,3,2,1967,4
1898,3,1,1,1955,2
2577,5,3,2,2020,4
2377,3,2,1,2005,5
2439,3,2,2,2019,4
2132,3,3,3,1954,3
2586,2,3,3,1997,5
1761,4,3,1,2016,3
2520,4,1,3,2018,4
1340,3,3,3,2007,2
1941,2,3,2,1957,2
1382,3,2,2,2014,2
2003,3,3,2,1984,2
2556,5,3,2,1953,5
1299,2,2,2,2018,1
1138,2,1,3,1958,2
1358,4,3,3,2021,2
1835,4,3,1,1996,2
2522,3,3,2,1972,5
2627,5,2,2,1979,5
2303,3,2,3,1969,4
2660,4,3,2,1968,4
1482,2,1,2,1957,2
1908,3,3,3,1986,2
2134,5,3,2,2004,4
1865,5,1,3,1958,1
1138,3,3,2,1974,2
1995,5,2,3,1990,2
1434,2,2,1,1953,1
1508,3,1,2,1972,2
1272,2,2,1,1974,1
2122,4,1,2,1964,3
2787,5,1,2,1988,4
2873,5,3,1,1970,4
1103,4,2,1,1972,2
2237,4,1,3,1997,4
2687,5,1,1,1961,5
1761,4,2,2,1954,3
1786,3,2,3,2015,2
1164,4,3,1,1996,3
1998,3,1,3,1995,2
2876,3,2,2,1983,5
1519,2,2,3,1955,3
2307,3,2,3,1995,4
1516,3,2,3,1972,2
1656,4,2,3,1972,2
1612,5,1,2,1953,4
1163,4,1,3,1951,1
2909,2,3,3,1990,4
2682,2,2,3,1975,5
1063,5,3,3,2002,1
2114,3,1,3,1978,3
2140,2,1,3,1974,2
1266,4,1,3,1951,3
2845,4,2,2,1984,3
2708,4,2,3,1961,5
2582,3,1,2,2001,4
2163,3,2,1,2012,2
1245,5,3,2,1973,1
2684,2,1,1,2020,5
2781,4,3,1,1961,3
1394,3,1,2,1973,1
2510,3,2,1,1970,2
1475,2,2,1,1990,2
2540,4,2,1,2005,4
1976,4,2,3,1951,4
2207,2,3,3,1977,4
2043,5,3,2,2001,3
2960,5,1,2,2014,5
1557,2,2,3,1975,4
2017,2,2,2,2020,3
2547,5,3,2,2018,4
2605,2,2,3,1962,4
1882,5,2,3,1966,3
1146,5,3,3,1959,3
1665,5,3,1,1962,2
2327,4,2,3,1972,4
1619,2,3,3,1971,2
1819,3,1,3,2005,4
1863,4,2,3,2006,4
1581,4,2,1,1967,2
2022,2,1,3,1984,4
1694,3,2,1,2003,2
2251,4,1,1,1954,5
2125,3,2,2,1990,4
2610,5,1,1,2009,5
2440,5,1,3,1959,2
2239,4,2,2,1986,2
1406,5,2,3,2000,1
1398,4,1,1,1951,2
2946,3,1,1,1996,5
1714,3,3,1,1969,4
1703,4,1,1,1969,1
1760,5,3,2,1991,3
1498,5,1,1,1958,2
2777,3,2,3,1990,4
2714,5,2,1,2001,4
2972,3,3,2,2015,4
1973,2,2,2,1959,5
2754,3,1,1,1988,3
1081,4,2,1,1989,2
1603,2,2,1,1961,2
2710,2,3,3,2006,4
2774,2,2,2,1980,4
1771,3,3,3,1969,3
1902,3,3,2,1960,3
1364,4,2,2,1985,2
1162,3,1,2,1971,3
1510,3,1,3,2010,2
2863,2,2,2,1969,5
1940,5,1,2,1970,3
1880,4,2,2,1979,2
1736,3,1,3,1960,2
1839,4,3,2,1961,3
1146,2,1,1,2001,3
2598,4,1,1,1968,4
2829,3,2,3,1982,5
2346,4,1,3,1974,4
1442,5,2,1,1966,2
1836,3,1,2,1981,3
2036,2,1,2,1983,3
1942,5,2,2,1950,4
2517,4,1,2,2010,5
2724,2,1,1,2011,4
1286,5,3,1,1986,2
1719,4,3,1,2014,3
2137,5,1,2,1951,1
1021,2,3,3,2004,2
2372,5,1,1,1992,3
2749,3,3,1,1998,5
1682,4,1,2,1967,3
2589,4,3,2,1964,4
1905,2,3,2,2014,3
2833,3,1,1,2007,4
1319,3,2,2,1975,1
1125,4,2,3,1985,1
1276,5,2,2,1951,1
2999,4,1,3,1996,4
2227,5,2,3,1973,3
1193,4,2,2,2006,2
2704,2,1,2,2021,5
2687,5,2,3,2013,3
2570,3,2,2,1985,3
1695,5,3,3,1971,2
2309,4,2,3,1959,4
1056,4,3,2,1990,2
2757,5,3,3,1990,4
2326,3,3,3,2008,5
2186,2,3,3,1962,4
1018,3,2,1,1985,1
2393,5,3,2,2013,5
1263,4,3,2,1990,3
1793,3,3,1,1984,3
2350,3,3,3,1952,3
1541,5,3,2,2017,4
1578,2,2,2,1967,2
2088,4,3,3,2016,3
2315,4,2,1,1951,5
1024,5,3,1,2018,2
2572,4,2,1,2009,5
1000,4,2,3,2009,3
1910,4,3,2,1959,5
2572,3,3,2,1991,5
1140,4,2,2,1959,1
2767,3,3,2,1955,4
1647,5,1,1,2020,1
1187,4,1,2,2016,1
2151,2,3,2,1995,3
1200,3,1,2,1954,1
2150,5,1,3,2021,4
1256,5,2,3,2005,1
2699,3,1,1,2016,4
1546,2,3,2,1958,2
1193,4,2,3,1978,2
1702,3,3,1,1969,4
2127,3,3,3,2001,3
2558,3,1,1,2008,4
2288,3,3,1,1983,4
1941,5,2,1,1990,3
2997,3,2,2,1995,3
2407,5,1,2,2012,4
2283,2,2,2,2007,5
1413,4,2,1,2000,1
2381,5,2,1,1999,3
2098,4,2,1,1963,3
2378,4,1,2,1985,2
2607,4,1,1,2014,3
1909,5,3,2,1957,3
2708,5,1,3,1961,4
2313,2,1,3,2007,5
2596,5,2,2,1979,5
1082,4,1,1,1967,3
2146,3,3,2,2002,4
1357,4,1,1,1981,3
2551,5,1,2,1971,4
2089,3,3,3,1990,4
1935,3,3,3,1963,4
2680,2,1,2,1961,3
2403,2,1,1,1951,3
2679,5,3,2,1965,5
1321,3,1,2,2001,1
1449,3,3,1,2020,2
2497,4,3,2,1960,4
2036,2,3,3,1963,4
1110,2,2,3,1960,3
2950,4,1,2,1994,5
1507,4,3,1,1982,5
2313,3,1,2,1969,3
1294,4,2,3,2017,2
2474,4,3,3,1986,4
1903,2,2,3,2011,2
2238,4,3,1,1982,3
1973,3,1,3,1985,3
1631,4,2,2,1950,1
2917,5,2,3,1991,5
2050,2,1,2,1956,2
2653,2,1,3,2021,3
1732,5,1,1,2021,2
2254,4,1,1,1976,3
2588,4,3,3,2016,4
2830,2,2,1,2009,2
1320,3,3,3,2020,3
1912,4,1,2,1987,5
2256,5,2,2,1967,2
2693,3,2,1,1968,4
1436,3,1,2,1972,2
1780,4,3,3,1992,4
2556,3,3,2,1957,3
2426,2,1,2,2008,3
2076,3,2,3,2009,4
2336,4,3,1,1995,2
2304,3,2,3,1962,3
1725,5,1,3,2004,3
1030,5,2,2,1989,2
1336,2,3,3,1952,1
2046,4,1,2,1971,3
1543,3,3,1,1984,2
2469,2,1,3,1952,2
2097,2,2,2,2001,1
2033,4,2,1,1992,3
2507,3,2,1,1997,4
2479,3,1,1,1975,4
2589,2,3,1,2017,5
2587,3,1,2,2007,5
1659,3,2,1,1999,2
1159,3,2,2,2001,1
2905,5,2,1,1992,4
2037,3,2,2,1977,3
2201,5,2,1,1997,4
1411,3,1,2,2001,2
2901,3,2,3,1986,3
2011,3,1,3,1968,3
1052,2,1,2,1972,1
1407,2,2,1,2003,1
1846,5,2,3,2017,4
2045,3,2,3,2014,3
2053,5,1,2,1985,3
1702,3,3,2,1992,3
1259,4,1,2,2003,1
2082,2,1,2,1951,3
2494,4,3,3,2019,2
1775,2,3,2,1979,1
2489,4,3,1,1986,4
2035,4,1,2,1977,3
2654,4,3,1,2005,4
2313,2,2,2,1961,4
1849,5,3,3,2007,4
2783,2,1,3,1961,5
1353,3,3,1,1956,1
2662,2,1,3,1992,4
2098,2,2,2,2016,2
1872,5,1,3,1985,5
2739,2,1,3,2008,4
2584,5,3,1,1981,2
2614,2,1,1,1996,4
2464,3,2,2,1956,3
1990,5,1,3,1996,4
2264,5,1,3,1991,4
2017,3,1,1,2010,4
2884,5,2,3,2000,5
2177,2,2,1,2005,4
2809,4,1,2,1985,2
2119,5,1,1,1992,3
1293,2,3,3,1962,3
1208,3,2,3,1994,1
2366,5,1,1,2021,4
2111,4,1,2,1999,3
1817,3,2,1,1980,1
2799,3,3,3,1987,5
2960,5,1,1,2018,4
1389,4,2,3,1980,1
1939,2,2,2,1957,4
1888,3,2,2,1961,1
2855,4,1,2,2008,5
2180,5,2,1,2018,4
1667,3,1,3,2004,2
2674,5,3,1,1981,5
1632,4,1,3,1975,1
1576,2,2,2,1961,3
2642,2,2,2,1958,5
2682,2,2,1,1950,4
1136,5,1,3,1964,2
2946,3,3,3,1984,5
2697,2,3,3,1957,3
1427,2,2,1,1955,2
2475,2,1,3,1971,4
1611,2,2,1,1989,3
2873,4,1,2,1985,5
1910,4,3,2,1996,3
1818,3,1,2,1994,3
2106,4,2,1,2017,4
1176,4,1,1,2004,1
1197,5,3,1,2020,2
1623,4,3,2,1987,1
2591,5,3,2,2004,5
1690,4,1,1,1994,2
2444,5,1,3,1973,3
1400,2,2,2,1998,1
2721,3,3,3,2001,4
1470,4,3,2,1974,1
1217,4,2,3,1971,2
2948,3,2,1,1993,5
1928,4,3,2,1998,3
2851,4,3,1,2003,4
2752,3,1,1,2013,5
1631,5,3,3,1995,2
1950,2,3,2,1950,3
1905,5,1,3,1980,2
1022,3,1,2,1952,3
2940,5,3,1,1977,5
2036,2,3,3,1991,2
2124,2,2,1,1975,2
1928,2,1,1,1971,2
2559,4,2,3,1980,5
1522,2,2,1,1985,4
2475,5,2,1,2021,3
1430,5,3,2,1978,3
1792,2,1,1,2021,3
2629,3,1,3,2019,4
2736,4,2,3,2011,5
1532,2,2,1,1991,3
2875,2,2,1,2005,5
1978,4,1,1,1986,3
2746,3,3,2,1981,5
2675,2,2,3,1984,4
2316,5,2,2,1960,3
1809,5,2,3,1956,2
2124,3,1,1,2019,4
2525,5,3,2,2008,3
2327,5,2,1,1956,4
1870,4,2,3,1993,3
1539,3,1,1,1967,2
2023,2,1,3,1962,3
2576,4,2,3,1963,5
2378,4,2,1,1965,3
2326,4,2,3,1967,2
2519,3,1,3,2011,4
2681,3,2,3,1997,4
2791,3,3,2,2010,5
2997,2,1,2,1962,5
2259,4,3,2,1998,4
1872,5,1,2,1972,2
1891,2,2,1,1968,2
2478,2,3,1,2021,4
2036,2,2,3,1985,1
1209,4,3,1,1957,3
1740,3,1,3,2006,2
1396,4,2,3,1979,1
2123,5,3,1,1955,3
1897,5,1,1,1973,5
2551,2,3,3,1973,5
1648,2,1,3,1961,1
1328,4,3,2,1984,3
2189,3,2,3,1985,2
2482,2,1,1,1997,4
1951,5,3,1,1988,3
2123,4,2,1,2013,2
1620,3,3,3,1952,2
2878,3,1,1,2000,3
2196,3,3,3,1987,1
2772,2,3,1,1971,5
1161,4,2,3,1964,2
2928,5,2,2,2012,4
2751,3,3,3,1983,5
1775,4,2,1,2004,3
2286,2,3,1,1985,3
2827,5,3,3,1955,5
1273,5,1,1,1961,1
2026,5,3,2,1963,2
2051,2,1,3,2006,5
1325,3,1,2,1971,3
1939,2,3,2,2012,4
2172,5,2,3,1992,3
1539,4,3,2,1965,4
1487,5,3,1,1988,2
1821,4,2,2,1961,1
2461,2,2,1,1963,3
2088,2,1,2,1986,4
2556,4,2,1,1999,3
2275,2,2,2,2006,3
1226,5,3,3,1986,2
2548,3,2,1,1967,5
1048,2,1,1,1959,1
1117,5,1,2,1967,2
1053,2,1,2,1950,1
2673,2,3,1,1994,4
1564,5,3,3,1952,2
2067,5,2,1,1994,2
1557,3,2,1,2015,3
2548,3,1,3,1960,4
2125,4,1,1,1986,3
2815,2,3,1,1968,5
2793,2,1,3,1981,3
2872,3,1,3,1960,3
1867,2,2,1,1960,1
1397,4,3,1,1979,3
2161,4,3,1,1951,2
1674,2,3,2,1984,2
1386,4,2,3,2000,1
1110,5,2,2,1954,3
1613,5,2,3,2018,1
1016,2,1,2,1971,2
2803,3,3,3,1977,4
2205,2,2,1,1974,2
1883,3,2,2,1953,1
2559,3,2,2,1995,4
1540,5,2,1,1982,5
1170,4,3,2,1972,2
1408,4,1,3,1987,3
1739,2,1,2,2002,1
2401,2,2,1,2012,5
2211,3,1,2,1953,4
1857,4,2,3,1986,2
1229,3,2,1,1950,1
2856,5,3,2,2016,5
2875,5,1,2,1953,3
1118,3,1,1,1967,1
2179,3,2,1,1995,2
1783,3,3,3,1956,3
2710,3,2,2,2010,4
1464,3,3,1,1950,3
1103,5,1,3,2006,1
2627,5,3,1,1962,4
1697,5,1,2,1973,3
2995,2,1,2,1977,5
2818,5,1,3,2001,4
2525,4,2,3,2019,5
2705,3,3,2,1976,5
2722,5,2,2,2008,5
1174,3,2,2,2003,1
2757,3,3,3,1980,4
1744,4,1,3,1993,4
2444,3,2,2,2017,3
2157,4,1,1,1962,3
2414,3,3,3,1985,3
2524,3,2,3,1994,4
1664,2,2,1,1959,3
1032,4,3,1,1970,2
1054,4,1,1,2002,1
2977,5,2,2,2005,4
1518,4,1,1,2012,2
1755,5,3,3,1967,3
2848,3,3,1,2014,4
2661,2,3,2,1982,4
2551,3,2,2,1953,4
1719,3,2,2,1999,3
1554,5,2,1,1963,3
1372,2,3,1,1984,2
1483,3,2,3,1995,2
1972,5,2,3,1957,4
2670,3,2,1,1988,4
2251,2,3,3,1997,4
1622,3,3,3,2008,2
1456,4,1,3,1980,3
1159,5,1,2,1997,1
1330,2,2,3,1979,2
1775,5,2,1,1965,4
1224,4,2,1,1990,1
1982,3,3,3,1973,3
1728,2,1,2,2014,2
2527,2,3,2,1960,2
2479,5,1,2,1968,4
2068,3,3,3,1968,2
2237,4,3,1,1980,3
2082,3,2,3,1961,2
1643,5,2,1,1982,2
1615,2,2,1,2019,1
1194,2,3,2,1991,1
2948,3,2,3,2000,5
1488,3,3,1,2005,2
1156,3,3,1,2002,2
1609,3,2,1,1991,2
2249,4,2,1,2006,5
1411,4,3,1,1985,1
2228,4,1,2,1966,4
2102,4,1,2,1967,1
2147,5,3,1,1953,3
2241,5,2,3,2016,5
1515,5,3,1,2006,2
2625,4,2,2,1963,4
2127,3,1,2,1993,3
1392,2,1,3,1974,1
1630,5,2,1,2013,3
2668,3,3,1,1951,3
1607,5,2,3,1955,1
2354,2,3,2,2015,3
2166,5,3,1,1988,4
2823,2,1,1,1990,5
1539,4,3,3,1952,3
1277,2,2,2,2020,1
1232,4,3,2,1950,2
2552,2,1,3,1998,5
2594,4,1,2,1984,5
2113,5,1,2,1984,1
2515,4,2,3,1998,3
2222,5,2,3,2011,3
1361,3,2,1,1965,3
2464,4,1,2,2014,4
1025,5,3,2,1951,1
2048,3,2,1,1951,2
2417,2,1,3,2016,3
1506,3,1,2,2008,1
2324,4,2,3,1991,4
2362,3,3,2,1981,4
2716,4,1,2,2002,4
1455,4,1,1,2015,1
2383,5,1,3,1986,4
2091,2,3,2,2002,5
2006,2,2,1,2000,2
1862,3,2,3,2015,3
2435,2,3,1,1951,4
2994,4,2,3,1951,3
1490,3,3,1,1978,1
2856,5,2,3,2015,4
2072,3,2,3,1964,4
2710,3,3,2,1994,4
1563,5,2,1,2020,2
2125,3,1,2,1978,3
1215,2,1,1,1982,2
2461,3,3,2,2000,3
2723,3,2,1,1954,4
2592,3,3,3,1986,3
1558,4,3,2,1952,1
1158,4,2,1,1960,1
1488,2,1,1,1960,2
1685,5,1,2,1956,1
2265,4,2,3,2017,4
1793,4,1,1,1968,1
2776,2,3,1,1983,4
1004,5,3,3,1951,3
2619,3,1,2,2020,5
2843,3,2,3,1984,3
1360,5,2,2,1981,2
1458,5,3,3,1964,4
1247,5,3,1,1961,3
2589,2,3,3,2012,4
1945,5,2,3,2021,3
1421,5,2,3,1976,3
2946,3,1,3,2004,3
2761,3,2,2,2021,2
1735,4,2,2,1959,3
2596,4,2,1,1984,3
2145,2,1,2,1953,3
2581,3,3,1,1992,3
2413,2,1,2,1981,3
2317,5,1,3,2018,2
2597,2,3,2,1977,4
1597,2,2,2,1988,2
1445,5,1,2,1976,2
1209,3,3,2,2002,3
2613,3,3,2,1958,3
1713,2,3,2,2000,1
1301,2,2,3,1961,1
2932,4,3,2,1961,5
2246,5,2,3,1979,4
2757,4,1,1,1976,4
1002,2,1,1,1992,2
1989,4,2,3,2007,3
2541,4,3,3,2002,4
2116,3,1,1,1955,3
1519,5,2,2,1950,2
2451,3,3,2,1992,3
2258,4,2,1,1961,4
1619,5,3,2,1995,3
2184,2,3,3,1987,5
2744,5,3,1,2000,5
2775,3,2,1,1994,2
1330,4,2,3,1963,2
1049,3,3,1,1951,2
2546,4,3,2,1978,5
1862,3,3,1,2010,1
2691,4,3,2,1984,5
2515,5,3,1,2018,4
2605,3,1,2,1954,3
2704,5,3,1,1993,5
1271,5,2,3,1999,1
2275,5,2,2,2018,4
1559,3,1,2,2011,3
1695,3,1,1,1956,4
2855,4,2,3,2018,5
2722,5,2,3,1950,5
2113,2,2,2,1988,4
1445,2,2,1,1958,1
2016,3,2,3,2001,3
2355,4,1,3,1985,4
2162,5,1,1,1993,4
1356,3,1,3,2016,1
2624,4,3,2,1975,3
1273,2,2,2,1960,2
2042,3,2,1,1992,5
1310,4,3,3,1977,2
1869,2,2,2,1989,1
1885,4,3,3,1960,5
1153,3,3,2,1961,2
2413,5,3,2,1991,4
2283,4,3,2,1982,4
1619,5,2,3,1954,2
1882,3,3,2,1970,1
1796,2,2,1,1979,3
2594,4,3,1,1982,5
1124,2,1,3,1950,2
2377,5,2,2,1978,4
2296,5,3,1,2020,4
1618,2,3,1,2000,2
1244,5,1,3,1997,1
1847,3,2,3,1982,2
1449,2,1,3,1952,1
1929,3,1,3,2015,3
2270,5,1,2,1967,4
1519,2,2,3,1967,4
2164,3,1,2,1961,3
1361,3,2,2,1976,1
1477,5,3,3,2018,2
2375,4,1,3,1984,2
1494,3,1,2,1975,4
2629,5,1,2,1959,5
1832,2,2,2,2001,1
2450,2,2,2,1952,4
2062,2,2,2,1970,3
1592,3,1,1,1983,3
1186,3,2,2,2003,2
2619,2,2,2,1975,5
2623,4,2,1,1959,5
1753,4,3,1,1969,2
2877,5,2,2,2004,4
1085,2,2,3,1998,1
2067,3,3,1,2011,3
1073,2,3,2,1962,1
2571,5,1,3,1974,4
2636,4,3,1,1994,4
2535,2,2,3,1998,4
2179,2,2,2,1991,2
2961,2,2,1,1977,4
2278,4,2,3,2010,4
1170,2,1,2,1988,2
2751,5,2,3,1987,5
1169,4,2,3,1959,3
1871,5,1,2,2008,3
1321,5,3,1,1962,1
2590,5,2,3,1974,5
1455,4,2,1,2004,1
1943,5,2,2,1966,2
2626,4,1,2,1955,4
1789,2,2,3,1970,3
1612,3,3,2,1970,2
2178,2,3,3,1977,5
1888,5,1,1,2021,5
2474,4,2,2,1969,3
2676,5,1,1,1972,4
2196,3,1,3,1958,4
1739,4,3,3,2001,2
2288,5,1,1,1978,5
2461,4,1,2,1986,3
2783,5,3,2,1979,4
2270,5,3,2,1966,3
1666,3,2,1,1999,4
1545,5,2,2,1953,3
2522,2,2,2,2016,3
2695,5,1,1,1968,4
1600,5,3,1,1950,2
1604,3,2,2,2021,3
1326,4,3,2,2015,1
2776,3,2,2,2001,3
2858,4,3,1,1952,5
1979,3,2,2,1993,5
1403,3,3,3,1980,2
1628,2,2,2,1959,3
2629,3,1,3,2003,4
2698,2,2,1,2001,5
2634,5,3,1,2007,3
2648,4,2,3,2018,3
2382,4,1,1,2019,5
2626,2,1,3,2007,4
2881,4,2,3,1980,4
1717,4,3,2,1985,2
2040,3,3,2,1963,3
1273,2,3,1,1990,3
1684,4,3,2,1957,3
1115,5,1,1,2019,1
1860,2,1,1,1981,3
1692,3,2,1,1992,2
2114,5,3,1,1979,2
2105,4,2,3,1996,2
1323,4,1,3,1952,3
1960,2,2,2,1959,3
1113,4,2,1,1966,1
2081,4,1,3,1963,4
1153,5,1,3,1959,2
2900,3,2,1,1966,5
2427,5,1,3,1968,4
2651,3,3,2,1958,4
2289,4,1,2,1995,4
1314,5,3,3,2008,4
2738,4,1,1,2019,5
2064,2,3,3,1997,4
1104,3,2,3,1954,1
2924,5,3,3,2012,4
2913,3,1,2,1977,3
2216,3,2,1,1992,3
2424,2,1,1,1957,3
2301,3,2,1,1983,5
2015,3,2,2,2001,2
2772,3,2,1,1966,5
1732,2,2,1,1978,1
2603,4,2,2,1968,3
1708,4,3,3,1975,1
2279,4,2,3,1993,5
1650,5,1,2,1974,3
1823,5,3,2,1967,4
1946,3,3,2,1988,3
1660,3,2,2,1990,2
1098,4,3,1,1979,2
1587,3,1,1,2007,4
1281,3,2,3,1984,1
2906,5,2,3,2000,5
1402,4,2,1,2003,2
2132,2,1,2,1996,2
1699,4,1,2,1994,4
1198,5,1,2,2002,1
2326,4,3,1,2016,4
1326,2,3,1,2015,2
1153,3,2,3,2013,2
1551,4,2,3,1993,4
2668,5,2,3,1997,3
1404,5,3,1,1988,3
1461,4,1,1,2014,2
1131,3,1,1,1986,1
1790,3,2,2,1966,1
1873,5,1,3,1960,4
1083,5,3,3,1960,2
2422,2,1,3,2003,3
1753,3,2,2,2015,1
1627,4,2,1,1957,2
2132,5,1,3,1963,4
2927,5,2,2,2017,2
1552,5,3,3,1965,2
2391,3,3,2,2020,3
2170,5,1,3,1982,2
1111,3,2,2,1955,1
1614,2,1,1,2001,2
2581,2,3,2,1957,3
1923,4,3,1,1979,5
2517,5,3,3,1956,5
2528,4,1,1,1968,5
1474,3,3,3,2012,2
1835,4,2,3,1952,1
2913,4,3,1,1980,5
1270,5,1,3,1996,2
1420,3,3,3,1962,2
2920,3,1,1,1992,4
1706,5,2,3,1968,2
2390,3,3,1,1976,5
2303,2,1,1,1983,3
2306,5,2,3,1968,3
1188,2,2,3,1997,3
2187,3,2,3,1961,4
1993,2,1,2,2019,3
2559,2,1,1,1968,5
1535,2,1,2,1975,2
2027,4,3,1,1987,3
2858,3,2,3,1974,2
1289,3,3,1,1961,1
2976,5,3,3,2012,5
1432,5,1,3,1989,3
1470,4,2,2,1977,2
2204,2,3,3,1955,3
2271,5,3,2,2009,2
1627,3,3,1,2001,3
1278,5,3,1,1972,2
1876,2,1,3,1951,2
1580,4,3,2,1975,2
1862,2,1,2,1966,5
1253,5,2,3,1979,4
1180,4,3,2,1997,2
2853,4,1,1,2009,4
1680,2,1,2,1970,1
1824,5,3,1,1967,4
1699,5,1,3,1975,3
1565,3,1,1,2010,2
2349,4,2,1,1954,3
2380,5,3,1,1962,5
2848,2,2,3,2011,3
2673,2,1,3,2007,4
1679,3,3,2,1989,1
2638,3,3,1,1997,3
2957,4,3,1,1990,4
2108,3,2,3,1994,3
2340,4,2,2,2005,3
1211,3,2,1,1964,3
2538,4,1,1,2009,3
1341,4,1,3,2000,3
2838,5,2,1,1985,4
1843,5,3,3,2015,4
2061,3,3,2,1976,2
2534,2,1,3,1950,4
1750,2,3,2,1987,2
2192,4,1,3,1988,3
2988,2,1,2,1977,5
2932,3,1,3,1978,5
2366,2,1,2,1982,3
2849,3,1,3,2018,4
2565,3,1,3,1957,5
1701,2,2,3,1984,4
1868,5,3,3,1968,4
1536,4,1,2,2007,3
2135,5,3,1,1991,4
2434,5,3,2,2005,5
2208,5,2,3,1979,4
2405,2,1,3,2014,4
1495,3,1,3,1992,1
2402,3,3,2,1996,3
2070,5,1,1,1959,3
2909,2,3,2,2012,5
2763,5,2,3,2011,5
2574,5,1,1,2021,4
2551,4,1,2,1982,4
1503,2,2,2,2007,3
2045,5,2,2,2006,3
1212,3,3,3,2006,2
1309,4,2,3,2003,3
1660,5,1,1,1962,3
1752,5,2,1,1971,1
1271,2,1,2,1992,1
2594,5,1,1,1965,4
2822,3,1,3,1989,5
1937,4,2,3,1974,1
2225,2,3,3,1962,3
1031,4,2,2,1990,2
1442,3,3,2,2002,3
1161,5,2,2,1999,1
1766,2,1,3,2000,1
1253,5,2,3,1952,1
1520,2,3,3,2017,5
1976,5,2,1,2014,4
2503,3,2,3,1973,3
1009,5,3,2,1968,2
1725,3,1,1,1957,3
1504,5,1,1,1951,3
1784,2,3,3,1979,1
2859,3,1,2,1979,3
2583,2,3,3,1993,5
1435,5,3,3,2014,1
2134,2,1,2,1987,3
2658,5,3,1,1980,4
1916,3,2,2,1985,2
1868,3,2,1,1958,2
2125,4,1,3,1952,4
1752,5,3,2,2004,3
2856,5,2,1,1972,5
2214,5,2,1,2004,3
2752,5,1,1,1957,5
1562,2,1,2,1963,2
2827,5,2,1,1962,3
2104,2,2,2,1961,3
1488,2,1,1,1961,2
1894,3,1,2,2011,2
2111,5,1,1,1988,2
2217,2,3,2,1958,2
1103,5,1,3,1972,2
2806,4,1,2,1969,5
2119,2,1,2,1997,3
2446,3,3,1,1984,3
2221,3,1,3,2010,3
2024,2,1,3,2003,2
2006,2,3,1,1951,3
2401,5,2,3,1964,4
1166,2,3,3,1970,2
2661,3,1,2,1962,5
2616,5,1,3,1974,5
2441,2,3,1,1989,4
1762,5,2,3,1971,3
1680,5,1,3,1953,1
1072,4,2,2,2004,2
2164,5,3,1,1990,2
1581,3,3,3,1978,2
1261,5,1,1,1970,3
2363,5,3,2,1962,4
2331,4,2,1,1976,4
1244,5,3,1,2018,1
2538,2,3,1,1958,5
2360,4,2,2,2004,4
2598,5,3,1,2004,5
2099,2,1,3,1996,2
2903,5,2,3,1981,5
1174,3,3,2,2016,1
1108,3,2,1,1957,1
1182,5,3,1,1991,1
1191,5,1,2,1966,1
1962,5,2,1,1985,2
2123,5,1,1,1968,3
2567,5,2,1,1987,4
1863,2,3,1,1992,3
2151,5,2,2,1987,3
2475,3,1,3,2021,4
1368,3,1,2,1950,1
1850,5,1,3,1970,2
1042,2,3,2,2011,1
2907,3,3,3,1953,4
2442,5,2,3,1994,4
1487,5,3,3,1969,2
1077,5,2,3,1997,2
1825,5,1,1,1985,2
2824,2,2,3,1951,5
2293,4,3,2,1997,3
1673,3,2,2,1967,2
1700,5,3,1,1979,4
1758,2,1,1,1957,1
2923,4,2,1,2020,4
1727,2,2,2,1974,2
2338,5,2,1,1987,2
1924,4,2,2,1957,3
2874,3,1,1,2009,3
1901,3,3,1,1971,3
1888,2,2,3,1987,3
2968,3,3,2,2009,5
2191,4,1,3,1957,3
1338,3,2,3,1998,1
2476,4,1,3,1970,4
2359,3,2,3,1962,4
1389,2,1,3,1955,3
1999,2,3,2,1971,2
1524,3,1,3,1981,1
2263,4,1,3,1966,4
2981,5,3,2,1989,3
2506,2,2,2,1989,3
1658,4,1,1,1993,2
1715,3,3,2,2005,3
2615,4,3,2,1966,4
1890,5,2,2,1966,3
2578,4,3,3,1965,4
2481,5,1,3,1977,4
2112,2,3,3,1995,4
2683,4,1,1,2010,4
2118,3,1,1,1964,3
1451,4,1,3,1971,2
1427,4,2,3,2007,1
2174,5,2,2,1970,4
2537,5,2,1,1985,5
2399,3,3,1,1969,4
2045,2,3,2,2019,2
1882,2,3,1,1950,4
1312,5,2,3,1966,1
1839,3,1,3,1971,4
1518,4,1,1,1955,3
2229,3,2,1,1989,3
2975,3,1,3,2012,4
1374,3,1,1,2013,2
1450,2,2,1,1978,2
2649,4,1,2,1997,4
2014,2,3,3,1993,3
1594,2,1,1,2009,3
2202,5,2,1,2008,2
2233,4,3,3,1964,5
1499,3,1,3,2012,1
1463,4,3,1,2014,2
2863,5,1,1,1979,5
2147,5,3,1,1970,4
1112,3,3,1,1969,2
2035,2,1,1,1968,3
2149,5,2,1,1960,4
2588,2,3,2,1975,2
1330,5,2,3,1989,3
2924,4,3,1,2009,5
2306,3,3,3,1975,3
1139,5,1,2,1994,2
2424,4,3,3,1964,4
1901,5,3,3,1962,4
2120,3,2,3,1991,2
1516,4,2,2,1976,2
1568,2,2,1,2015,1
1845,5,2,2,1950,3
2092,4,1,2,2002,3
1887,5,2,2,1988,1
2082,4,3,2,2018,4
2056,3,3,3,2013,4
2341,5,2,3,1977,3
2903,3,1,2,1984,3
2512,5,2,3,1976,2
1018,5,1,1,1950,2
1725,3,2,1,2004,2
1196,3,3,3,1998,2
2914,4,3,2,1989,5
2473,5,1,2,1958,3
1558,5,3,1,2019,2
1451,5,1,1,1988,1
1288,5,1,3,1955,2
2164,5,1,1,2016,4
2107,2,2,2,1977,4
2717,3,1,1,2019,5
2614,2,2,1,1957,5
1214,3,2,3,1996,1
2549,2,1,1,1964,3
2426,2,3,3,2001,4
1127,4,1,3,1977,1
1759,3,1,2,1974,2
1403,3,2,3,2017,1
2052,2,1,1,1980,3
2815,3,2,1,1962,5
1337,3,1,3,1975,1
1830,4,1,1,1984,3
1713,5,2,1,1956,1
1360,2,3,2,1951,3
1568,5,1,2,2004,4
2415,5,3,1,1958,2
1217,5,3,3,2004,2
2597,2,1,3,1966,4
2692,3,1,2,2000,5
1321,3,3,3,1988,2
1517,5,2,2,1965,2
2593,4,2,1,1985,4
2348,2,2,3,1957,4
2435,5,2,1,2010,5
2341,2,1,3,2020,2
1680,4,2,1,1962,2
2988,2,3,1,1970,4
2105,3,1,2,1954,3
2497,5,1,3,1954,4
2491,2,3,1,1990,4
2754,4,3,1,1992,4
2712,4,2,3,1953,3
2227,5,1,2,2005,3
2018,3,3,3,1989,3
1386,2,1,2,1958,2
1777,2,2,2,1989,3
2368,3,1,1,1982,2
2826,2,1,1,1999,4
1207,3,2,3,2009,2
2537,5,1,2,1987,5
2659,2,2,2,1991,4
2815,5,2,1,1966,5
1585,4,1,2,2003,4
1165,4,3,1,1960,3
1021,5,1,1,1967,1
1153,4,3,2,1968,2
2962,5,2,2,2001,5
2318,5,1,1,2009,3
1218,4,1,2,2016,1
1668,4,1,1,2010,3
2518,4,2,2,1989,4
1229,5,1,1,1975,2
1552,4,3,1,1989,2
1949,3,2,1,2016,1
1147,4,2,1,2020,2
2131,2,1,3,1952,2
1402,2,1,2,1967,1
1595,2,3,2,1993,2
2506,3,3,3,1952,5
1366,4,2,3,1969,2
2857,5,1,3,1979,5
2437,3,1,3,2018,3
2332,4,1,1,2002,4
1801,2,1,3,2018,3
1917,3,3,3,1956,2
2858,4,1,3,1982,5
2157,5,3,3,2009,3
2742,3,2,1,1997,3
2306,5,1,3,2020,3
2801,3,3,2,1962,4
1072,2,3,2,2017,1
1480,2,3,1,1992,3
2375,2,1,1,1976,4
1559,5,3,2,1977,2
2349,2,3,1,1999,3
1744,5,2,2,1973,2
2466,5,1,1,1958,3
1099,5,3,1,2021,2
2082,2,3,3,2012,4
1507,4,1,2,2018,3
1257,5,1,1,1993,2
1412,4,3,2,2000,2
2475,5,1,1,1999,5
2088,2,1,2,2013,3
1594,2,1,3,1953,2
2177,2,1,3,1958,3
1265,3,1,3,1958,1
1820,2,3,2,2000,3
2102,4,3,2,2000,2
2338,5,2,1,2020,4
1661,4,2,3,1987,4
1946,3,1,2,2010,4
1559,4,1,2,1951,2
1916,5,3,3,2007,2
1890,5,2,2,1988,3
2271,2,1,1,1961,4
2813,3,1,3,1992,5
1867,3,2,3,1985,2
1609,4,2,3,2016,3
1413,2,1,3,1952,2
1024,2,2,2,1965,1
1283,2,2,3,1991,2
2472,5,2,1,1950,4
1880,3,3,3,1979,3
1300,4,1,2,1979,1
2091,4,2,1,1977,3
2030,4,2,1,1990,3
1816,2,1,1,1969,5
2160,3,3,1,2017,2
2187,3,1,3,1981,2
1082,5,2,3,1984,1
2443,4,3,2,1987,3
2096,4,1,1,1977,3
2260,3,1,2,1963,4
1045,5,1,1,2016,1
1617,4,3,1,1977,4
1927,5,1,3,2020,3
2823,5,1,3,1974,4
1261,3,1,1,1956,1
1175,3,2,3,1973,2
2189,4,3,2,2004,4
1656,3,2,3,2013,2
1841,5,2,1,1959,3
1369,3,1,1,1961,2
1053,5,1,2,1978,2
1689,4,1,3,2007,2
2442,4,1,3,1978,3
2779,4,2,3,1999,4
2530,5,3,1,1997,3
2364,3,1,2,1986,4
2150,4,3,1,1968,4
2432,4,3,3,1974,5
1366,3,1,3,2005,2
2294,4,2,1,1999,5
1643,5,3,1,1980,2
2628,5,3,2,1972,4
1378,4,3,2,1984,3
1072,3,1,2,1959,1
1914,2,3,2,1957,2
2271,3,1,1,1997,4
1859,3,3,1,2001,4
1042,5,2,1,2015,1
1376,5,3,1,2005,1
2064,5,1,1,1964,4
1211,3,1,3,2003,1
2516,2,2,3,2007,4
2703,2,1,2,1957,4
1038,2,3,1,1956,2
1368,2,2,3,1965,4
1756,2,3,1,1952,5
1150,2,1,1,1951,1
2134,4,3,2,1979,3
2503,2,2,2,1978,4
2459,2,2,2,2006,3
2070,5,2,2,2013,3
2023,2,2,3,2009,3
2598,2,1,1,1993,3
1736,5,3,3,1958,3
2389,5,1,1,1984,4
1068,5,2,3,1973,1
1298,3,3,1,2009,1
1943,2,2,2,2015,4
1801,2,3,2,1951,3
1295,2,3,1,1968,1
1202,5,2,3,1960,1
1060,4,1,1,1965,1
1945,2,2,2,1981,2
1962,5,3,2,2007,3
2853,5,1,2,2002,5
2337,5,1,3,2000,2
2184,3,1,1,2007,2
2551,4,3,2,1967,4
1337,3,3,2,1957,1
2629,5,2,3,1993,4
2327,4,3,1,1981,5
2526,4,2,3,1953,5
2673,2,3,2,1999,5
2361,5,2,1,1955,2
2573,5,1,1,1980,4
1638,2,1,1,1993,1
1274,4,3,2,2007,1
2187,5,1,2,1983,4
2466,2,2,2,2014,4
1318,2,2,2,1968,2
1588,4,1,3,1951,1
1503,4,1,1,2004,3
1386,5,3,2,1985,1
2993,3,2,2,2010,4
1869,4,3,1,1961,2
1832,3,3,1,2009,2
2014,3,2,2,1979,3
2911,2,2,2,1998,4
1602,2,2,1,1996,3
2799,4,2,3,1956,4
1690,4,1,3,1971,1
1493,3,2,1,1975,3
1489,3,3,3,1984,2
1720,5,1,2,1967,2
2096,2,1,1,2013,3
1508,4,3,2,1975,3
1389,4,3,2,2000,1
2642,4,2,1,1995,4
2880,4,1,2,1958,4
1294,2,2,3,1999,3
2392,5,1,2,1965,3
2979,5,3,3,2001,4
1795,2,1,2,2013,2
1864,5,1,1,2010,2
2717,5,1,2,1950,5
1548,3,2,1,2001,3
1567,3,1,3,2017,3
2210,2,2,2,1959,4
1852,2,2,3,1978,3
1769,4,1,2,1951,3
2593,3,3,1,2008,5
1362,3,1,3,1982,2
1122,2,1,1,1998,2
2211,4,3,1,1953,4
1741,2,2,2,2001,4
1679,5,3,1,2004,1
1419,5,3,1,2018,5
2649,5,3,2,1997,3
2275,4,2,3,1994,3
2642,2,3,2,1977,5
2572,3,1,3,2010,4
1091,5,2,2,1995,1
2553,2,1,1,2017,4
2889,3,2,3,1989,5
1062,4,3,1,1967,1
2685,5,3,3,1965,5
1511,5,1,2,2002,1
2162,5,1,3,1967,5
2721,3,3,1,1985,4
2208,5,3,1,2006,2
2228,3,1,1,1983,3
1771,5,2,2,2012,4
2237,5,2,2,1997,3
2596,4,2,2,2012,3
1874,2,2,2,1958,2
1821,5,3,2,1972,2
1087,5,3,2,2019,2
2859,2,3,2,1986,4
1987,2,3,2,1971,2
2230,2,3,2,2021,5
2152,5,1,2,1957,3
1822,5,2,3,1958,3
2026,5,2,1,1975,4
1973,3,1,2,1996,3
1933,4,2,3,1998,3
2777,4,2,3,1979,5
1120,2,2,3,1993,2
2408,2,3,3,1984,3
2637,5,3,3,2011,4
2061,4,1,1,1987,5
2364,4,3,3,1957,4
2007,3,2,1,2005,4
1924,5,1,3,2019,2
1644,5,2,1,1987,4
1713,4,2,1,1967,3
1859,4,1,3,1950,4
1241,3,1,1,1961,2
1454,5,1,2,2014,1
1962,3,2,2,2009,3
1620,4,2,3,1966,2
1302,5,2,2,2019,3
2619,4,2,1,1971,5
2618,5,1,3,1996,5
1802,5,3,2,2021,4
1963,4,2,2,1970,5
1068,5,1,3,1954,1
2152,5,3,3,1980,3
1195,3,1,3,1979,2
2467,4,3,3,1990,5
1282,3,3,3,1978,3
1311,5,2,3,1990,1
1745,2,3,1,2003,4
2558,2,3,1,1959,3
2688,4,1,3,1996,3
1276,3,2,1,1968,1
1060,5,1,2,2013,3
2342,3,2,3,1997,3
2913,5,2,2,2012,3
1152,2,2,1,1997,2
2772,3,2,3,1996,4
2334,4,2,3,1988,4
2837,3,2,1,2019,5
1543,4,1,2,1980,2
1566,5,3,3,1981,4
2887,5,2,1,2000,4
2412,2,3,1,1994,4
2571,4,3,1,1952,3
1621,2,2,1,1960,2
2200,2,2,2,1953,4
2385,4,3,3,2002,4
1313,4,3,3,1953,1
1847,2,3,1,1972,4
1096,5,2,1,2005,1
1880,3,3,3,1966,2
2236,3,2,3,1961,3
1828,2,1,3,1988,1
1136,2,2,1,1991,1
2029,4,2,2,1998,2
2010,4,3,3,1954,3
1108,2,3,2,1964,2
1546,2,2,3,2012,1
2062,3,1,1,1975,2
1661,5,2,1,1973,4
1629,3,2,1,1985,2
1260,5,2,1,1975,2
2449,2,1,3,2013,5
1464,3,2,2,1969,2
1075,3,2,1,2001,1
1470,5,3,1,1982,4
2999,4,3,2,1955,5
2986,4,1,3,1951,5
1413,2,1,3,1968,3
1824,4,2,2,1979,3
1894,2,1,1,1974,2
1725,2,2,3,1963,1
1456,2,1,2,1965,1
2308,5,3,2,1957,5
2262,3,2,1,1964,3
2700,4,2,2,2014,5
2622,5,3,2,1966,4
1652,4,1,1,1987,3
1671,5,2,3,1963,2
2581,4,3,2,1997,4
2395,4,1,1,1991,3
1494,3,1,1,1964,3
2647,4,1,3,1970,4
2068,4,3,2,2020,3
2424,3,2,2,2006,4
2270,4,1,2,1950,3
2639,5,2,2,2020,3
1596,4,1,3,2013,2
1449,3,1,2,1969,3
1484,3,3,1,2009,3
1645,3,2,2,1981,2
1619,3,3,3,1954,3
2041,2,2,3,1993,3
2629,3,2,2,1971,4
1661,4,2,2,1981,2
1757,4,1,1,1991,4
1288,4,3,1,2020,1
2437,4,3,2,2020,3
1720,2,3,3,2000,3
1637,2,1,1,1970,1
1234,2,2,2,1993,1
1415,4,2,3,1993,2
1937,5,1,3,2003,3
1498,5,2,1,2008,2
1973,4,2,3,1993,3
1633,3,3,2,2008,3
2673,3,1,2,1964,5
2019,4,2,2,1998,1
1931,3,1,3,2021,2
1673,5,2,3,1951,4
2736,4,2,2,1973,5
2257,2,1,3,1952,3
2563,5,1,2,1994,4
2034,4,2,2,1970,3
1205,4,3,1,2001,1
2702,5,2,2,1960,4
1246,3,1,3,2014,1
2582,3,1,3,1993,4
1757,5,2,3,1955,3
2150,4,2,2,2020,2
1146,2,1,1,2017,2
1117,4,1,1,1957,2
2934,2,1,2,1972,4
2405,2,3,1,2002,3
1411,4,3,2,2011,2
2607,4,1,3,1963,4
1362,2,2,3,2004,3
2532,3,1,1,1982,3
1136,2,3,2,1954,1
2198,2,1,2,1955,3
2312,2,3,1,1994,3
1957,5,2,2,1964,3
2504,3,3,2,2010,3
1018,2,2,2,2002,2
1194,2,3,3,2002,2
1329,5,3,2,2006,1
2959,2,3,1,2016,4
1174,3,3,2,1963,1
2001,2,3,2,1970,2
1448,3,2,1,2015,2
2948,3,1,3,1998,5
1945,4,2,1,1969,1
2377,5,1,1,1967,4
2522,5,2,2,2001,5
1140,5,3,1,1966,2
1757,4,1,3,1962,2
2920,4,1,1,1976,5
1929,3,2,2,1955,3
1092,5,1,2,1984,1
2967,4,3,1,1967,5
1238,4,1,3,1983,2
1204,4,2,1,1985,2
1559,3,1,2,1971,1
2456,2,2,1,2017,3
1244,4,3,3,2012,2
1831,4,2,3,1990,2
2340,4,2,1,2005,4
1924,5,1,1,1981,4
1294,5,2,3,1965,3
1639,4,2,1,2014,3
1855,3,2,2,1965,3
2305,2,2,2,1994,3
1070,2,2,2,1992,1
2292,4,1,2,1969,3
2348,5,1,2,1981,3
2817,2,2,1,2020,3
1304,4,2,2,2019,4
2474,5,2,2,1968,4
2030,4,3,3,1957,3
2337,5,2,2,1998,4
1816,2,1,2,1968,2
2126,2,1,1,1958,3
1820,5,2,2,1983,3
1192,3,1,1,1983,1
2776,4,1,3,2015,5
2597,2,3,2,1966,5
1528,3,2,3,1959,1
1170,5,1,3,2017,2
2560,2,1,2,2013,4
1250,2,2,3,1972,3
2788,4,1,2,1957,4
2410,3,3,3,1995,5
2230,4,2,1,1988,4
1540,5,1,1,1967,3
1793,4,3,3,1987,2
2403,3,1,3,2019,4
2167,5,3,3,1957,5
1024,2,2,3,2005,1
2845,3,3,3,2009,5
1667,5,2,2,2000,1
2096,5,1,1,1961,3
1631,2,1,1,1964,2
2847,4,1,2,1953,3
2856,2,1,1,1993,5
2116,2,2,1,1966,5
1504,3,2,1,1976,3
2621,3,1,2,1996,3
1335,4,2,3,1984,2
1424,5,2,3,1978,1
1498,3,2,3,1962,3
2387,4,1,3,1973,5
1946,2,3,1,1967,4
1629,5,3,2,2011,3
2768,2,2,3,1963,4
2222,5,3,2,1964,2
1717,3,3,1,2013,3
2436,2,2,3,1974,3
1338,2,2,1,1958,1
1658,5,2,1,1978,3
1961,4,1,3,1962,4
2960,5,3,2,1965,5
1428,3,3,3,1976,1
2806,4,2,1,1955,5
1898,2,1,2,1959,5
1138,2,2,2,1984,1
2716,2,1,3,1975,4
1941,3,3,3,1973,3
1541,2,2,3,2004,1
1056,2,2,2,2000,1
2255,4,3,2,2010,5
1657,3,1,3,1959,2
1383,4,3,2,1972,4
1559,2,1,1,1992,3
1193,4,3,3,1988,3
2759,2,3,3,1958,5
2671,3,3,1,1975,4
1533,5,1,3,1971,1
1517,3,2,1,1953,3
1715,4,3,1,1993,2
1184,3,3,1,1966,2
2895,2,1,3,1968,5
1291,3,3,3,1984,4
2358,4,1,3,1974,3
1731,5,3,3,2018,2
1115,3,3,3,2011,1
1824,2,3,2,2016,2
2072,2,1,2,1994,4
1684,2,2,2,1966,2
1833,4,1,2,2013,1
1556,2,1,1,2021,4
1334,5,2,2,1965,3
1531,2,2,3,1971,2
1220,3,3,1,2018,3
1634,3,3,1,1981,1
2769,2,1,1,2006,3
2756,3,1,2,1961,4
1322,2,3,2,1976,2
2874,5,1,1,1997,3
2717,3,2,2,1995,5
1205,2,3,1,1994,2
1950,4,2,3,1967,4
1573,5,3,2,1975,2
1643,4,1,2,2017,2
2530,4,1,2,2000,4
2595,5,1,1,1952,5
1842,3,3,2,1998,1
2145,4,2,3,1992,2
2502,2,3,2,1953,5
1618,2,2,3,1967,2
1095,2,2,2,1972,3
2437,2,3,2,2015,4
2258,5,3,2,1986,3
1897,2,3,3,1970,3
2085,4,2,3,2016,3
2279,5,1,3,1996,4
1560,2,2,2,1968,3
1904,4,2,1,2000,3
1347,5,2,3,1962,2
1670,4,3,2,1966,4
2147,4,2,2,2008,3
2505,4,2,2,1960,4
1316,5,2,3,1954,2
2527,5,1,2,1974,3
1718,3,3,2,1997,1
2071,3,2,3,1959,3
2432,3,2,2,1959,4
2159,5,3,1,1977,3
2224,3,2,2,1983,5
1313,3,2,3,1999,1
2892,2,2,3,1982,5
2391,2,3,1,1977,3
2452,4,1,1,1978,5
2853,4,2,1,2008,4
1806,4,3,2,1990,2
2503,3,2,2,1954,3
2337,5,2,1,2010,5
2523,2,1,1,1991,5
2744,5,1,1,1962,5
2378,5,3,3,1979,5
1484,3,2,2,1975,3
2234,5,2,2,1954,4
2727,5,3,3,2019,4
2564,4,2,1,1999,4
1570,2,3,2,1991,2
1582,2,1,1,1994,2
2115,4,2,3,2010,2
1894,3,1,2,1950,4
1219,2,1,1,1996,1
2925,4,3,1,1997,5
1924,3,3,2,2009,2
1400,2,1,1,2015,1
2423,2,1,2,2002,3
1726,5,1,1,2014,2
1990,5,2,1,2014,3
1898,2,1,1,1979,2
2812,5,2,2,1956,5
2599,3,1,3,2004,3
1857,2,2,3,2012,2
1803,3,2,3,2012,3
1489,2,3,2,2015,4
2508,3,3,2,1953,5
2597,5,2,3,2012,4
1937,4,3,3,1978,3
1843,2,3,2,1986,2
2705,3,2,1,1967,5
2468,2,1,1,1960,5
2292,4,1,2,1981,1
1266,5,2,2,1987,3
1053,5,3,3,1994,3
1527,5,1,1,1954,3
2543,2,2,1,2016,3
1615,5,1,3,1989,1
2082,5,2,3,1972,4
2848,2,3,1,1982,3
2260,4,2,1,1995,4
1954,5,1,2,1958,5
1385,4,3,2,1954,3
2629,3,1,1,2010,5
1733,3,2,1,1993,2
1715,3,3,3,2012,2
1649,3,2,2,1953,2
1394,4,1,3,1998,2
2230,4,3,1,1957,4
2359,2,3,2,1977,2
1592,3,3,1,1977,1
2753,4,3,1,2002,5
1513,5,2,1,2011,3
2201,2,3,1,2003,3
1395,2,2,1,1975,3
1370,5,2,2,1994,2
1857,3,1,3,1956,2
1790,3,1,2,1959,2
1657,4,3,3,1957,2
2341,5,3,3,1965,4
1735,4,1,2,1956,4
2392,3,1,1,1964,2
1383,4,2,3,1989,1
1061,5,3,1,2008,1
2829,5,1,2,2015,5
1504,5,1,3,2011,1
1238,3,2,3,1997,1
1194,2,2,2,1990,1
1677,2,1,2,1968,3
2245,4,2,2,1994,4
1060,5,2,1,1967,3
2152,3,3,3,1998,5
1989,2,1,1,2018,5
1684,2,1,3,2019,4
2940,4,3,3,1991,5
2401,2,2,2,1955,5
2645,5,1,1,2001,4
2804,5,1,1,1959,4
1922,4,1,1,1981,2
1867,4,3,1,1974,3
1902,5,3,3,1976,4
2609,4,3,1,1966,4
1998,5,3,2,2006,3
2460,5,3,2,1984,5
1974,3,1,2,1975,2
2230,4,1,1,1958,2
1387,4,1,3,1953,2
2503,3,2,2,1966,2
1886,4,2,2,1984,3
1837,2,3,1,1962,2
2363,2,3,3,1953,4
2892,2,3,3,2006,5
1203,4,2,3,1988,1
2563,3,1,2,2019,4
1391,4,3,3,2007,2
1768,5,2,1,1961,4
2700,5,1,3,1978,5
1574,4,2,2,1981,1
1533,5,1,2,1998,1
2093,2,3,1,1958,2
1892,4,1,3,1952,3
1404,3,2,3,2011,2
1607,2,3,2,1959,1
2540,4,2,1,2000,5
1827,2,3,3,2000,2
2143,4,3,2,1964,2
2837,2,1,1,1959,4
1689,2,3,3,1987,2
2711,2,1,2,1997,4
1901,4,2,2,1972,3
2240,2,3,3,1986,3
1055,2,2,1,1982,1
1365,4,2,3,1984,1
2767,4,1,1,1963,5
1076,5,2,2,2010,2
1229,4,3,2,1955,3
2937,2,2,1,1978,4
2281,5,2,2,2008,4
2287,4,1,3,1983,3
1330,2,1,1,1988,2
2205,5,2,3,1995,4
1892,4,3,1,2007,4
2573,5,2,1,1975,4
1687,2,3,2,1969,2
1026,5,3,2,2021,1
2299,4,2,2,2010,4
1298,5,3,1,1998,2
1956,4,3,3,1977,4
1798,5,2,1,2004,4
2114,3,2,2,1993,3
1479,2,3,1,1994,2
1572,3,1,3,2016,2
1457,3,3,1,2008,2
2474,2,3,2,2011,5
1364,3,3,2,1989,2
1858,4,3,2,1982,2
2698,5,1,1,2017,5
1350,3,2,1,2007,3
2678,5,3,3,1994,5
2423,5,2,3,2021,2
1252,2,2,3,1977,2
1780,3,2,2,1986,5
2904,2,3,1,1972,5
2011,5,3,2,2021,5
1458,4,1,2,1968,1
2722,5,2,3,1982,5
1916,2,1,2,2008,4
1498,3,1,2,2019,3
1949,4,3,2,2020,4
2949,3,2,2,1972,5
1507,3,3,3,2016,1
2327,4,3,1,1994,3
1500,2,1,2,1986,2
1802,4,3,2,1981,4
1597,4,1,3,2016,2
1165,4,2,1,1955,1
2438,2,1,1,2007,3
1461,3,3,2,2013,1
1919,3,2,1,1968,3
1113,3,1,3,2010,1
2456,2,1,3,2001,2
1991,2,2,3,2002,2
2379,3,1,3,1983,3
2951,5,1,3,1973,5
2718,5,1,1,1954,4
1206,3,3,1,2012,1
2791,5,3,2,1974,3
2258,5,3,2,2011,3
2465,3,1,1,2021,4
2378,3,2,1,2012,4
1514,2,1,2,1969,1
2231,5,1,2,1997,4
1708,5,3,3,1959,3
2876,3,3,1,2005,4
2148,4,1,1,2011,3
1137,3,3,1,1977,3
1338,2,1,1,1978,2
1536,4,3,3,1975,2
1067,4,1,1,1966,1
2596,4,1,3,1995,4
2564,2,2,1,1995,5
1382,5,3,2,2021,1
1018,3,2,1,1991,1
1682,2,3,2,1996,1
2473,2,3,2,1971,3
1073,4,3,1,1997,1
1572,4,2,3,1981,1
1938,2,3,1,2003,4
2688,5,1,1,2008,5
2299,4,1,1,1966,2
2071,2,3,1,2018,2
1210,4,3,1,1987,3
1854,3,3,2,1955,3
1650,3,3,1,2015,4
2645,4,3,1,1969,5
1993,4,2,3,1952,4
1694,5,1,2,2010,4
1539,3,3,3,1975,3
2732,5,2,3,2010,5
2214,2,2,2,1950,3
2338,2,3,1,1979,3
1900,3,2,2,1968,2
2586,5,1,2,2007,4
2684,4,3,1,2009,5
1779,5,3,2,1972,2
2585,2,1,1,2002,3
2923,5,2,1,1968,5
2781,2,3,1,1988,4
2136,2,1,2,1977,3
1169,5,1,1,1952,2
2491,4,3,3,1968,4
2701,2,1,2,1973,4
2037,2,2,3,1957,3
2738,3,3,3,2000,4
2930,3,1,1,2010,5
1188,2,1,3,2020,1
1913,4,2,3,1976,1
2178,5,3,1,1986,4
2590,5,2,1,2000,4
1693,4,1,3,1984,3
2745,3,2,3,1994,4
1887,3,3,2,1952,3
1470,4,3,1,2015,2
2098,5,3,1,1952,4
1276,4,1,2,1986,1
1939,3,1,2,1960,2
2668,2,3,2,1950,5
2448,4,2,2,2001,4
1570,2,2,2,1977,2
2534,3,3,3,1986,5
1856,5,1,3,1968,4
2000,4,3,1,2009,4
2205,3,2,3,1950,5
1457,4,2,1,1961,3
1917,4,1,2,1992,3
1832,3,1,3,1992,1
2087,3,1,1,2020,4
1838,2,2,1,1979,1
2283,3,2,1,1957,5
2678,5,1,1,2013,3
1615,2,3,2,1981,2
2995,5,1,2,1966,5
1405,3,2,2,1989,1
2749,2,1,2,1993,4
2777,5,3,1,1953,4
1942,2,1,2,2006,2
1720,3,2,1,1987,3
1092,2,3,3,2015,3
1429,2,1,1,1998,1
1653,2,1,3,2007,2
2457,3,1,3,1958,3
2427,3,1,2,1973,5
1433,2,1,2,1956,1
2135,5,2,3,2005,5
2952,5,2,2,2005,5
1374,3,3,1,1969,2
2082,4,1,2,1985,4
2066,5,2,1,1994,4
1779,4,1,1,1993,1
2319,3,3,3,1972,5
2141,5,1,2,2018,4
1531,4,3,1,1958,2
2245,3,3,1,1991,5
1165,3,2,1,1983,2
1642,2,3,3,2008,2
2179,5,2,3,2014,2
2207,4,2,1,2016,3
1089,2,1,2,1958,2
2117,5,1,2,1977,3
1012,4,3,3,1960,1
1972,3,1,1,1965,2
2857,3,1,1,1972,4
1804,5,3,2,1984,1
1944,2,1,3,1973,4
1741,4,2,1,1984,2
2857,4,1,3,1970,5
2827,3,1,3,1976,5
2561,2,2,1,1950,4
2991,3,2,3,1994,3
1875,2,3,1,1986,5
2834,4,1,3,1999,4
2173,5,2,2,1987,3
1659,3,3,3,1960,3
2031,5,1,3,2018,3
2052,4,3,3,1954,4
1985,4,1,1,1982,3
1925,4,2,1,2001,2
2744,3,3,2,1973,3
1639,4,2,2,1954,2
1339,5,3,2,1991,1
1627,2,2,1,1995,2
1438,3,1,3,1980,2
2167,2,3,3,2000,2
1941,5,3,2,1984,2
1829,5,2,1,1966,2
2770,4,3,1,2010,4
1518,5,2,3,1985,3
1975,4,2,1,1988,3
2068,3,3,2,2020,3
1954,2,2,1,1963,1
2262,4,3,2,2005,4
1951,4,1,2,1980,3
1943,3,2,2,2000,1
1154,5,1,2,2012,1
2204,4,2,3,1975,4
1087,4,2,1,1990,1
2279,5,2,3,1962,4
2534,4,3,3,1957,4
2096,2,1,1,1980,3
1930,2,3,3,2014,4
1178,2,1,1,1984,1
1211,4,1,3,1993,1
2828,5,2,3,2006,5
2257,3,2,1,1980,3
1464,3,1,2,1978,2
2246,2,1,2,1961,5
1630,2,2,2,1954,2
1824,2,3,3,2020,1
2287,5,3,2,1975,3
2230,2,2,1,1965,4
1606,5,3,1,2020,3
1884,5,3,2,1968,1
2757,5,1,1,1954,4
1365,4,1,3,1971,3
1275,3,2,2,1974,1
1379,5,1,3,1951,1
2766,3,3,3,1997,5
2332,5,2,1,1963,3
2654,5,2,2,2015,4
2291,2,2,1,2001,2
1944,3,3,1,1967,1
2087,3,3,3,1989,5
1809,2,3,2,1964,3
2373,5,1,3,1986,4
1924,2,1,2,2004,1
2938,5,3,1,2006,5
2546,2,3,1,1967,2
2121,4,1,3,1978,1
2969,5,3,1,1991,4
2094,5,1,2,1952,2
1363,5,2,2,1971,2
1569,3,1,2,2008,1
2825,4,3,1,1997,4
1762,3,1,1,1994,3
2381,2,1,3,1980,3
1727,4,2,2,1963,1
1905,2,2,1,2020,4
1927,5,2,1,1959,2
1563,5,2,3,1962,3
1782,2,1,2,2012,3
1484,4,2,3,2017,2
2107,3,1,2,2017,4
2922,4,2,1,2011,5
2828,2,2,3,1971,5
2661,2,3,1,1995,5
2831,3,1,2,2018,5
1583,3,1,1,1952,2
2319,3,1,1,2002,3
1235,2,3,3,2003,2
1055,5,1,1,1990,2
2942,4,3,2,2012,4
1359,3,1,2,1974,3
1109,4,3,3,1961,1
1191,3,3,2,1957,2
1903,5,3,3,2003,5
2116,4,1,2,1969,3
1861,4,2,1,2009,3
2083,2,3,3,1999,4
1649,2,1,1,2007,1
1038,5,1,3,1977,1
2563,4,2,3,2003,4
2072,3,3,2,1950,2
1636,3,3,1,2017,2
2036,3,3,1,2001,4
1100,3,2,1,2006,1
2817,3,3,1,1997,4
2109,5,1,1,1968,1
2539,2,3,2,1983,3
2246,3,3,1,2012,5
2361,3,3,1,1973,4
2983,3,3,1,1990,5
1165,4,3,1,1990,2
1382,4,2,3,2007,4
2879,2,1,1,1995,3
2918,5,2,1,1966,3
2399,2,1,3,1957,3
1789,2,1,1,1983,2
2665,5,3,1,2013,5
1030,2,2,2,1961,1
2398,3,1,3,1994,4
1010,5,1,2,1985,1
2325,5,3,3,1981,4
1095,5,3,1,2007,1
2213,2,2,3,1979,3
1452,2,1,1,1970,1
1191,3,1,2,1977,1
1485,5,1,2,1959,2
2289,3,2,2,1952,3
2151,4,3,3,1980,4
1237,2,2,1,2016,2
2943,3,3,1,2010,4
2378,2,1,1,1986,3
2963,2,1,1,1952,4
2135,4,2,3,2012,2
2851,4,3,1,1952,4
2469,5,2,2,1954,3
2366,4,2,1,2019,5
2168,5,3,2,2021,2
2088,4,2,2,1988,4
2270,4,1,3,1995,4
1734,3,2,1,1970,3
1990,4,1,1,1981,5
2513,3,1,3,1952,5
1824,4,2,1,1961,3
2462,3,1,3,1997,3
1105,2,2,2,1997,1
1180,5,2,3,1973,2
1183,4,3,1,1998,2
1776,4,1,3,1979,4
1789,3,2,2,1998,2
2112,4,3,1,1950,4
1687,5,3,2,1956,5
1529,3,1,2,1966,2
2394,2,1,3,1991,5
1971,4,1,1,1980,3
1935,2,1,3,1962,3
2936,3,3,3,1960,3
2422,3,2,3,1977,5
2294,5,3,1,1964,3
2998,2,3,2,2017,5
1830,5,2,3,2003,4
2526,2,2,2,1956,4
1678,5,3,1,2013,3
2548,4,2,3,2011,3
1848,2,3,2,1973,3
2055,4,3,1,2016,4
1392,5,1,2,2009,1
1659,5,3,1,2020,3
2241,4,3,3,1951,1
2754,3,1,2,1982,3
1980,3,2,2,1991,3
2105,2,1,1,2008,5
1844,4,2,3,2009,3
2743,4,1,3,1988,4
1446,5,1,3,1982,3
2867,4,3,2,1990,5
2451,3,2,3,1954,2
2061,2,1,2,2008,2
2234,3,1,1,1986,3
1443,4,1,2,2009,5
2350,2,2,1,1993,2
1760,2,3,3,2014,4
1226,4,1,3,1979,2
1047,4,2,1,1977,2
2041,3,2,3,1958,1
1911,3,3,1,1981,3
2462,5,3,1,1991,5
2830,5,3,2,1983,5
2731,5,2,2,2017,4
1186,4,2,2,1967,2
1223,5,1,2,2007,2
1829,5,3,1,1997,3
1487,3,3,2,1965,3
2932,5,3,2,2019,5
1876,5,3,1,2002,3
1848,2,1,2,1952,4
2252,5,1,1,2013,2
2413,2,3,3,1994,4
1978,5,2,1,2005,3
2612,2,2,1,2015,3
2016,5,1,2,1956,3
1187,3,3,3,1995,4
2881,4,2,3,2010,5
1269,2,1,1,1957,3
2630,4,1,2,2014,5
1309,3,1,3,2010,1
2155,5,1,1,2010,4
2574,5,3,2,1954,5
2095,3,1,1,1980,3
1844,4,3,2,1997,3
2695,4,1,3,1960,5
2210,4,2,1,1960,3
1485,2,2,3,1957,3
2214,4,2,2,1955,3
2445,2,3,3,1981,3
1119,3,3,3,2002,2
1219,5,2,2,2006,2
1052,2,3,1,1978,2
2757,4,1,2,2005,4
2474,5,1,1,2013,3
2435,2,1,1,2013,5
2666,5,3,3,1968,5
2260,3,3,2,2017,2
1757,4,3,1,2014,1
1737,3,2,1,2000,2
1719,5,1,1,2002,4
1405,3,2,3,2015,2
1607,4,2,2,2021,1
2020,2,1,3,2004,3
1421,3,3,1,1999,3
1711,4,2,1,1997,3
1246,5,2,2,2006,2
2853,2,3,2,1990,4
1184,3,1,1,1984,2
2229,5,1,1,2016,5
2567,5,2,2,2015,4
2634,3,1,3,1964,4
1905,3,1,3,1970,4
1386,3,3,1,2002,1
2791,2,2,1,1971,4
1698,4,1,3,2003,1
2099,3,3,3,2005,4
1826,5,3,2,1971,1
2822,3,2,1,1957,2
1348,3,1,2,2009,2
2278,3,2,3,1980,3
2860,2,2,3,1986,4
1307,3,2,3,1981,1
2368,4,2,1,1986,3
2150,2,1,3,1968,1
1286,4,3,2,1954,1
1765,4,1,1,1975,1
1724,4,2,3,1968,2
2619,3,1,2,1955,2
2510,4,2,3,2018,4
1382,2,3,2,1953,2
2429,3,1,2,2011,5
1387,4,2,1,1974,3
1524,4,3,1,2014,2
2580,2,1,1,1970,5
1638,5,1,3,1964,2
1937,2,3,3,1959,2
2649,5,1,3,1966,5
2968,5,1,3,1950,3
1275,5,2,1,1979,1
1499,4,1,2,1950,1
1716,4,1,2,2005,4
1336,5,2,1,1955,2
2973,5,2,2,1992,3
1931,4,3,1,2012,3
1480,5,3,3,2004,2
2920,4,3,1,2000,4
1910,5,2,1,1983,2
2296,2,1,3,1954,4
2943,5,1,3,1982,5
2081,5,1,2,1991,4
2351,2,2,1,2020,3
1108,5,3,2,2017,4
2302,3,3,1,2021,2
1327,5,3,2,1974,3
2799,3,2,3,1984,5
2497,5,2,3,2013,5
2134,4,2,2,2007,3
1698,3,3,2,1954,3
1780,4,1,3,1963,2
2958,4,2,1,1953,4
2252,3,2,3,1991,3
2520,3,2,1,1971,4
1155,4,2,1,2016,1
2496,5,3,2,1970,5
2295,2,3,1,1956,3
1886,5,1,2,1956,2
2025,3,3,2,1994,4
1757,3,2,2,1986,4
2534,3,1,2,1980,3
1912,4,1,2,1994,2
1870,2,3,1,1976,3
1012,5,3,1,2015,2
1607,5,2,1,1978,2
1497,4,1,3,2010,1
2756,4,2,2,1983,4
1237,5,1,1,1967,2
2117,5,3,3,1977,5
2361,4,3,1,1979,3
1780,5,2,3,1971,2
1605,4,2,2,1985,2
1660,5,2,1,1974,2
2647,3,1,2,1972,4
2590,3,2,2,2014,4
1848,4,2,1,1986,2
1935,3,3,1,1970,3
2490,3,1,3,2013,4
1142,4,1,3,1996,1
2224,3,3,2,1997,3
2203,5,1,3,1986,2
1713,4,3,2,1984,3
2387,4,1,3,1965,3
1478,3,2,2,2017,2
1564,3,1,3,1979,2
1470,2,3,2,1967,3
1383,5,3,1,1955,1
2715,2,2,2,1995,5
1925,2,2,1,1990,3
1416,5,3,1,1997,2
2848,3,1,2,1964,5
1307,2,2,2,1956,2
1648,4,2,1,1986,1
2717,2,1,3,1975,4
2390,5,3,1,2014,5
2024,2,2,3,1975,4
2067,2,2,1,1999,4
1738,4,3,1,1979,1
2866,5,1,1,1983,5
2121,4,1,2,1995,4
2743,3,2,2,2016,3
2288,5,3,2,1968,4
2823,2,1,1,2007,5
2806,4,3,1,1980,4
1139,4,2,2,1962,1
2504,5,1,2,1978,1
2260,4,3,2,2002,2
1973,5,3,2,1966,4
2016,3,2,1,1980,2
1952,5,1,3,2001,4
1903,5,2,2,1990,4
1071,3,2,1,2006,1
2690,3,1,3,1957,3
2213,2,3,2,2003,5
2291,4,3,1,2005,4
2344,3,3,2,1976,4
1106,3,1,1,2012,1
2255,4,2,1,2016,4
2065,4,3,1,1975,4
2725,2,3,3,2004,3
1882,2,1,3,1993,3
1138,5,1,2,1994,2
1614,2,2,2,1991,1
2706,3,2,2,1975,4
1862,3,3,2,1970,2
2504,2,1,1,2008,4
1415,5,2,3,1988,3
1505,5,3,1,2015,2
1732,5,1,2,1991,2
2748,5,2,1,1971,5
2876,4,2,3,1951,5
1423,2,2,1,2008,2
2430,2,1,3,1960,4
2591,2,2,3,1990,3
1389,2,1,1,1953,2
1341,5,1,3,1976,2
1945,5,1,1,1995,4
1613,4,2,3,2015,3
2956,4,3,1,2004,4
1492,5,3,3,1987,4
1191,3,1,2,1954,1
1498,2,1,2,1977,1
1821,4,3,1,1958,2
2735,5,2,3,2007,4
2256,2,3,3,2002,4
2968,2,3,2,2000,3
2394,3,1,1,1990,3
1138,3,3,3,1964,3
1855,4,1,3,1996,4
1816,5,2,1,1976,2
2172,4,2,3,1981,3
2138,3,2,2,2006,4
2473,4,2,3,1998,4
2086,4,2,3,1999,3
2874,2,2,3,2017,4
1870,2,1,2,1997,2
1667,3,2,3,2009,4
1272,2,1,1,1955,3
2029,5,2,3,2016,4
2170,2,2,1,1991,3
1183,3,1,1,1955,4
2051,5,3,1,1974,5
2985,4,2,3,1998,5
2573,3,1,2,1984,3
2142,3,1,1,1956,5
1292,2,3,1,1960,2
2394,5,2,3,2009,3
2267,3,3,2,1956,5
2749,5,2,1,1974,5
2241,2,3,3,1953,3
1176,3,2,3,2000,2
2322,5,1,3,1992,4
2699,5,3,1,1994,4
1057,4,1,1,1992,3
2292,2,1,3,1957,3
2593,5,3,2,2009,4
2311,2,3,3,1980,4
1976,3,1,3,1981,4
2128,5,2,3,1986,3
2251,3,2,2,1987,3
2270,3,2,3,1976,4
1699,2,2,2,2000,2
2517,2,2,3,2012,1
2209,4,3,1,2002,3
1251,4,2,1,1956,1
2378,5,1,1,2017,4
2773,4,1,2,1996,3
2895,3,2,2,1997,4
2719,2,1,2,1957,4
1795,3,1,2,1980,3
1896,2,2,3,1997,4
2961,2,3,2,1975,5
1815,3,2,1,1999,4
1608,2,3,1,1970,1
1446,4,2,1,1962,2
1459,5,1,2,2003,4
1967,4,3,2,2000,4
1471,5,2,2,1954,2
1369,3,3,3,1950,2
1899,3,2,3,1959,3
2515,3,3,3,2019,4
1922,2,2,1,1972,4
1136,2,1,3,1976,1
1366,2,2,1,2015,1
1911,5,1,1,1966,2
2611,5,2,3,1951,4
2310,4,3,3,2006,4
1471,2,1,2,2017,1
2398,3,1,2,1958,4
1653,4,1,1,1983,3
1748,2,3,2,1999,2
1536,4,2,2,1984,2
2534,5,3,3,1982,4
2602,3,2,2,1976,2
2273,4,2,1,2003,5
1919,4,2,2,1987,3
1509,5,2,3,2004,2
1629,5,3,1,2014,2
2001,3,1,1,2005,1
2096,2,2,2,1996,3
2305,3,3,2,2006,4
1915,5,3,2,1984,1
2983,3,3,3,2009,5
2383,2,3,1,1955,3
2033,5,3,1,1952,3
2234,2,2,1,2017,4
2858,3,1,2,1994,5
1151,2,2,3,1956,1
2028,5,2,1,2016,3
2218,5,1,2,2016,4
2977,2,2,1,1966,5
2306,3,1,3,1987,4
1463,3,2,2,1996,1
2136,3,1,1,2014,4
1270,3,3,1,2015,2
2186,4,1,3,1950,3
1459,4,2,3,1960,4
1104,2,2,3,2011,2
2716,4,1,2,1958,4
2579,4,3,3,1954,4
2305,4,2,3,1989,3
2710,2,3,1,2006,4
1161,4,1,3,1982,2
1350,3,1,1,1987,3
1433,3,1,3,2005,2
1851,2,3,2,1979,3
1139,2,3,1,1982,1
2494,2,1,3,1989,4
2155,5,1,1,2017,3
2711,2,3,2,1972,4
1182,2,3,1,1971,2
1367,2,3,1,2010,4
2269,2,3,3,1950,3
2624,3,2,2,2016,5
1669,5,3,2,2018,3
2922,2,2,3,2012,3
2401,5,3,1,2000,3
1148,2,1,3,1971,1
1984,4,2,1,2006,2
1851,2,1,2,1957,4
2456,2,2,1,1992,3
1627,2,3,3,2005,2
2749,2,2,2,1970,4
2492,2,3,3,1956,4
1445,2,3,1,1969,2
2504,5,1,1,2013,4
1883,4,2,2,1962,1
2788,4,3,3,1965,4
2166,5,1,2,1996,2
1249,5,1,1,1965,2
1877,2,3,1,1964,2
1947,5,1,2,2016,3
1974,4,1,1,1954,4
2325,3,3,2,1954,4
2048,4,1,3,1994,3
1788,5,3,1,1963,3
1983,3,1,2,2014,2
1888,2,3,2,1993,2
1889,3,2,1,1985,4
2924,2,1,2,1967,5
1069,4,1,2,2021,1
1624,3,1,2,1999,2
1874,3,1,3,1993,4
2135,3,1,2,2007,3
2387,2,3,2,1993,4
2326,2,1,3,1950,2
1470,4,3,1,2020,1
1090,5,2,2,1957,2
1529,2,3,3,1959,3
1660,4,2,2,1958,3
1738,3,3,3,1956,3
1725,3,1,3,1998,2
1871,3,3,3,1984,3
1191,3,3,1,2021,1
2986,3,2,3,2004,4
2575,2,3,3,1951,5
2265,2,2,1,1972,4
1344,2,3,2,1991,3
2203,5,1,2,1972,5
2008,4,1,3,1986,5
2735,5,1,1,1979,5
1502,5,2,1,2012,1
1572,2,1,3,1991,3
1191,2,3,1,2004,1
1004,4,2,1,1996,1
2913,5,2,1,1950,5
2260,4,1,3,2005,3
2716,4,2,3,1960,4
1310,3,3,1,1974,2
1548,3,2,3,1992,2
1055,5,2,2,1975,2
1442,2,3,2,1975,4
2260,3,3,2,1957,2
1869,3,2,3,2017,1
2884,5,3,2,2016,5
2220,4,2,1,2008,3
1584,3,3,1,1992,2
2594,2,1,3,2000,5
1751,5,2,2,1992,2
2537,3,1,3,1963,5
1359,3,3,3,1991,2
2723,3,1,1,1952,4
1818,5,2,3,1991,3
1029,2,3,1,1984,2
1107,4,1,2,1994,2
2958,4,1,3,1997,5
1716,4,3,3,2020,4
1890,5,3,2,1958,3
2991,2,3,1,1997,5
2982,5,2,1,1987,5
1959,5,2,3,2020,3
2468,4,3,3,1999,5
1892,3,2,3,2016,2
2461,4,2,2,2018,5
1731,2,3,1,1974,2
2913,2,3,3,1982,4
1605,2,2,2,1995,1
1456,3,2,2,1961,2
1614,4,1,1,1959,2
1697,5,1,3,2013,2
2719,3,2,1,1995,5
2518,2,1,3,1968,5
1673,3,1,1,1977,1
2270,5,3,2,1973,5
1542,2,2,1,2013,4
2587,3,3,2,1998,3
1856,5,3,2,2008,4
2611,5,2,2,2021,4
1896,3,3,3,1978,3
2462,5,3,2,1952,5
1277,4,3,3,1951,1
1551,4,3,2,2009,2
2636,2,1,2,2002,3
1110,4,2,3,1972,3
1384,4,2,1,2001,3
2856,3,3,3,1969,3
1760,2,2,2,1983,4
2214,3,1,3,1981,5
2513,3,3,3,1976,2
1693,4,3,1,1959,3
2449,4,3,3,1983,2
1404,5,1,1,1981,2
2358,5,2,3,1991,4
2232,2,1,3,1962,4
1021,4,2,1,1977,2
1677,5,1,1,1980,3
1610,3,1,3,1957,3
2231,4,3,1,1961,4
1701,2,3,3,2005,2
2808,5,1,2,1964,4
1528,3,2,2,2019,3
1601,5,1,2,1997,1
2676,4,2,2,1965,4
1656,2,3,1,1963,2
1165,5,3,3,1982,2
1848,3,1,2,1995,2
1589,5,2,1,1987,4
1428,4,3,1,2011,1
1773,4,1,2,1977,3
1162,3,2,3,1991,1
1365,3,2,1,1970,1
2549,4,2,2,2010,4
2262,4,3,3,2007,4
1071,5,1,2,1974,2
2468,3,2,3,1956,5
1654,5,1,3,1981,2
2845,2,2,3,2012,4
2532,5,3,1,1973,4
1414,2,3,2,2009,1
2268,3,3,1,1962,4
2015,5,2,2,1981,3
1674,5,3,3,1995,4
2083,3,3,3,2021,2
1005,5,3,2,2011,2
2732,2,3,2,1981,4
1981,3,3,1,2020,2
1569,2,2,3,1992,2
2840,5,1,3,1984,5
1406,5,2,2,1996,2
2240,5,2,2,2002,5
2028,3,3,3,2004,2
1985,3,1,3,1976,3
2555,4,2,2,1981,3
1389,3,3,1,1982,2
1709,4,1,3,1955,1
1570,3,2,2,2014,4
2471,3,3,3,1957,3
1753,5,3,3,2013,3
2411,5,2,3,1967,3
1784,5,3,2,1983,4
2272,3,2,3,2021,4
1525,2,1,2,2006,1
2485,5,3,3,1959,4
1012,3,1,2,1984,1
1902,2,3,2,1957,2
1383,3,3,3,1960,2
1886,2,2,2,1973,2
1018,5,3,3,2018,1
1574,4,3,3,1979,2
2514,4,2,1,1987,5
1750,3,3,2,1975,3
2003,4,2,2,1988,1
1418,4,3,1,2016,1
2360,4,1,1,1986,4
1418,5,2,2,1963,1
2939,4,3,1,1972,5
2635,2,1,1,1960,4
2698,2,3,3,2017,5
2951,2,2,3,1980,5
1121,5,3,2,1990,2
1043,5,2,1,2015,2
2895,5,1,2,2015,5
2943,4,1,2,1950,5
2340,5,2,2,1978,3
1380,4,1,3,2006,2
2350,4,2,3,1997,5
1362,2,1,3,1985,1
2073,5,1,1,1952,3
2088,2,3,1,1998,3
1354,2,3,2,2007,1
1799,4,3,1,1985,2
2187,2,3,3,1994,2
2164,3,1,3,1983,3
2989,2,1,1,1971,4
1825,5,1,1,2014,3
2151,2,2,1,2011,2
1397,3,1,3,2001,2
2956,4,2,3,1975,5
1879,2,1,2,2018,2
1462,3,3,2,1955,4
2774,5,1,2,2007,3
2859,5,2,1,1985,5
1807,4,3,1,1995,2
1186,5,1,3,1970,1
2743,3,2,1,2004,3
1731,2,1,3,1992,2
2935,3,3,3,1984,5
2213,4,2,1,1963,5
2411,2,3,1,1974,5
1428,3,2,3,1988,3
1857,4,3,3,2016,3
2307,4,2,3,2019,4
2887,2,2,1,2002,5
2217,5,3,2,2006,5
2310,5,1,3,2009,5
1770,2,3,1,1985,3
1757,5,3,3,2014,1
1135,2,1,2,2012,1
1791,5,2,1,1987,2
2806,3,3,3,1980,4
1170,4,2,3,1966,1
1158,2,3,1,1983,2
2510,2,2,3,2001,3
2580,3,1,3,1992,3
1961,4,3,1,1978,2
2799,5,1,1,1971,5
1582,5,3,3,1987,3
2527,4,2,1,2011,4
1875,5,2,1,1984,2
1370,2,1,3,2004,2
1102,4,1,3,1993,3
2001,3,2,1,1955,3
2148,4,1,2,1968,4
2336,2,1,1,1961,4
1975,4,2,1,1976,4
1797,3,3,2,1982,4
2481,3,1,2,1986,4
2253,4,1,2,2007,3
1657,4,2,2,1980,2
1881,5,3,1,1996,4
2220,5,3,2,2015,2
2908,2,1,3,1969,4
1732,5,1,1,1978,3
1422,2,3,3,1974,2
2633,4,3,1,1957,4
1170,5,1,1,2012,1
2405,3,1,1,2016,5
1172,3,2,2,2010,1
1662,4,3,2,1977,3
1452,3,3,3,1964,1
1349,3,1,1,2005,1
2657,4,1,2,1953,5
1493,2,1,1,1976,2
1619,5,2,2,1953,2
2027,3,3,2,2013,3
2116,4,3,2,1963,3
1918,3,1,2,1950,2
1287,3,2,2,1961,4
2169,4,3,2,2011,5
2806,5,2,2,1972,5
2447,2,3,2,2014,4
1607,3,3,2,2007,2
1456,3,2,2,1995,1
2764,5,2,3,2011,4
2225,4,1,2,1985,4
2029,2,1,1,1969,5
1623,4,2,2,2013,3
1375,5,2,2,1986,2
1446,2,3,3,1963,2
1834,3,1,2,1990,3
2674,2,3,1,1953,4
1810,4,2,3,1959,2
2424,4,2,2,2020,3
2119,5,2,3,1968,4
2411,5,2,2,2020,5
1958,4,1,1,1976,2
2475,4,2,2,1983,5
1848,5,2,3,2018,3
1808,4,1,3,1989,4
1978,2,1,1,1989,2
2924,5,2,3,1975,5
1415,2,1,1,2000,2
1725,3,1,1,1984,2
2527,2,1,3,1955,3
1453,5,1,1,2010,3
2314,3,2,3,2010,3
2557,4,3,2,1968,5
2216,2,3,1,1984,2
1149,2,2,2,1975,2
2903,5,3,2,1984,5
1758,4,1,1,2000,2
1778,5,3,3,2009,4
1972,4,2,3,2016,3
1762,5,3,2,1954,2
2001,4,2,3,1994,3
2538,3,3,1,2009,3
2416,5,1,2,2009,4
2339,3,1,3,1978,3
1598,5,3,2,1969,2
2293,5,3,3,2003,4
1112,4,3,2,1989,1
1250,2,3,1,1971,1
2256,4,2,2,1996,5
1840,4,1,2,2009,3
2814,4,3,2,1985,4
1713,4,2,1,1983,2
2106,4,2,2,1983,4
2198,2,1,2,2014,3
2092,4,2,2,1978,3
2070,3,1,1,1981,3
1883,3,2,3,2006,2
2279,4,3,1,1962,2
2750,5,1,3,1985,4
1029,4,1,3,1962,1
1280,3,3,1,1995,3
1923,4,2,3,1954,1
2260,3,1,2,2002,3
2271,4,1,2,1966,5
1367,3,1,1,1951,4
2048,5,1,2,1956,4
2609,5,3,1,1983,4
1717,3,1,1,1975,2
2513,5,1,3,2007,5
2016,5,3,3,2010,3
2337,4,1,3,2014,4
1605,4,3,2,1971,3
1374,5,3,1,1966,2
1638,5,2,1,2012,4
2960,3,1,1,2015,3
2048,4,1,1,1965,3
2357,2,2,2,2004,3
2378,2,3,3,2005,2
1115,5,3,3,1992,1
1047,3,3,3,1959,1
2761,3,2,3,2002,4
2801,4,2,3,2009,5
2482,5,1,3,1953,5
2620,2,3,3,1971,4
1404,2,1,2,1985,2
2237,4,3,2,1971,4
1684,5,3,2,1968,1
1902,5,1,3,1960,2
2744,5,2,3,2014,4
1893,3,1,3,1964,2
2599,4,1,2,1978,4
1257,4,1,3,1964,2
1843,4,3,1,2004,2
1120,3,1,3,2008,2
1809,4,3,2,2010,4
1977,4,3,2,2006,4
2018,2,3,3,1979,2
2354,4,1,3,1974,3
1783,3,2,2,2016,2
1240,3,2,2,1958,2
2778,3,2,3,1983,5
2553,5,3,2,2013,5
1482,5,3,2,1972,1
2012,3,3,3,1959,4
1186,2,2,3,1995,2
2881,5,3,2,2000,5
1655,3,3,3,2011,3
1261,5,2,3,1988,2
1952,5,2,2,2014,5
2387,5,1,1,2021,4
1490,5,2,1,2016,1
1430,3,2,1,2002,1
1238,5,2,2,1992,3
1303,4,1,1,1967,3
1297,3,1,1,1983,1
1075,3,1,2,1958,2
2723,3,2,3,1951,4
2356,5,1,2,1964,2
2923,3,2,3,1958,5
1998,2,3,3,2009,4
2781,4,1,3,1960,5
1641,2,3,1,2010,1
2497,4,2,2,2011,3
1826,4,3,3,1970,3
2946,5,1,2,2014,5
1282,4,1,2,1969,2
1590,4,2,2,2000,5
1071,2,1,3,1957,3
2286,4,3,1,1996,4
1702,3,3,3,1964,3
2902,3,1,2,1968,5
2910,4,1,1,1973,5
2965,3,2,1,1962,4
1574,5,3,1,1993,3
1999,3,1,2,1956,3
1891,5,3,3,2020,3
1011,4,2,2,1997,2
2789,5,2,3,1961,3
2578,4,3,2,1977,4
1016,4,2,2,2007,1
2086,5,1,2,1980,3
1252,2,1,3,1953,4
1464,4,2,3,2007,3
1375,4,3,1,2007,1
2827,2,3,3,1990,4
1980,3,3,3,1971,3
1519,2,1,1,1998,2
2860,3,1,1,1980,4
1089,2,3,2,1989,1
1719,5,1,1,2019,1
1803,4,1,3,1969,2
1795,2,1,1,1985,2
1629,4,2,3,2014,2
2198,5,1,2,1990,4
1075,4,1,1,2016,1
2636,2,1,2,1997,4
1925,2,3,1,2019,2
2686,5,2,1,2010,5
1399,3,3,2,1963,1
1969,5,1,3,2016,4
2094,4,3,1,1994,3
2203,3,1,2,1993,3
2147,5,2,2,2014,4
2404,4,2,2,2014,3
2316,4,1,3,1979,3
1796,3,2,3,1973,3
2934,4,1,2,1976,4
1227,3,1,2,1983,1
2454,4,2,2,2003,3
2459,3,2,3,2009,3
2810,3,2,3,2021,5
1460,2,3,3,1958,2
1617,3,2,1,1955,2
2044,2,1,3,1951,4
1063,4,2,3,1958,2
1164,5,1,1,1998,3
1026,5,1,3,2019,3
2334,5,2,2,1950,5
2011,4,3,2,1959,1
1284,3,2,2,2002,3
2683,2,2,1,1969,4
1280,4,2,1,1991,2
1837,5,1,3,1968,3
1830,5,1,3,1998,2
2187,5,3,2,2021,4
2921,5,3,1,1957,5
1917,2,2,3,2004,2
1223,5,3,2,1968,3
1783,2,2,3,1982,2
2169,5,1,2,1973,3
1964,4,2,2,1998,4
1949,2,2,3,2016,2
2891,2,2,2,1952,4
2053,4,2,3,2002,2
1044,5,3,3,1950,2
2810,5,2,3,1976,4
1470,3,1,2,2000,4
1033,3,2,1,1980,2
1652,2,1,1,1977,3
2450,3,3,3,1965,2
1829,4,2,2,1958,2
2909,4,1,1,1981,5
2891,2,2,1,2014,5
1533,4,3,2,1973,2
1691,2,1,3,2015,4
2971,2,1,2,2006,4
1931,4,2,2,1977,2
1840,2,3,2,1984,2
2010,3,3,2,1951,4
2938,2,3,1,1960,4
2573,5,1,2,2009,4
1581,2,3,3,2010,1
2139,4,1,3,2014,3
1238,4,2,1,1977,3
2358,2,2,3,1976,5
1440,2,3,2,1961,3
1147,5,1,3,1988,2
2032,5,1,1,2010,4
2311,2,2,1,2000,4
2073,2,1,2,1995,2
2873,3,1,3,1963,4
2540,3,3,1,1981,3
1637,2,1,2,2014,2
2610,3,3,1,1970,3
2700,2,3,3,1979,2
1277,4,1,2,1975,2
1988,4,3,1,2001,3
2323,2,1,3,2006,2
2825,2,3,3,1979,5
1588,3,1,1,1987,4
2833,3,3,1,1972,2
1648,4,1,3,1985,1
1617,5,1,3,1999,2
2630,2,3,2,1961,5
1579,2,1,3,2003,4
2170,4,2,1,1987,4
1489,4,2,2,2016,1
1477,3,3,2,1952,2
2182,5,1,1,1995,4
1383,3,2,3,1999,2
1162,4,1,2,1975,2
1440,5,1,1,2012,2
2876,2,2,3,1978,2
2212,3,2,1,2004,4
1414,4,1,1,2014,1
2362,2,2,3,2021,4
2630,4,2,1,2011,5
2204,2,1,1,1984,2
1287,3,2,3,2001,1
2857,2,2,1,2018,5
1186,5,1,3,1950,1
2907,2,2,3,1979,5
2161,4,3,2,2003,5
1129,2,1,2,2016,2
1193,3,3,1,1968,2
1315,4,1,1,2018,1
2808,4,3,1,1962,5
2325,4,1,2,1999,4
1422,4,2,1,1953,5
1926,3,3,3,1965,2
2130,3,1,3,2014,2
2111,4,2,2,1959,3
1128,5,2,2,1967,4
1906,2,3,3,2009,3
1886,5,3,3,1965,3
1340,4,2,3,2013,2
1003,4,3,1,2009,1
2350,5,1,3,2008,5
2433,4,3,3,1965,2
2902,2,1,2,2011,4
1305,3,2,3,1970,1
1907,2,2,2,1953,3
1606,2,3,2,1987,3
2744,2,2,2,1973,5
2248,5,3,3,2019,3
2371,2,3,1,2017,3
1991,5,3,3,1985,3
1320,4,1,2,1980,2
1558,3,1,2,1963,3
2204,5,2,1,1985,3
1617,5,3,3,2013,2
2409,3,3,3,2018,4
2641,4,2,3,2017,5
2795,3,2,2,1978,5
2131,4,3,3,1975,4
1530,3,3,1,2014,3
1409,2,2,2,1988,3
2319,4,3,1,1958,4
1817,3,2,1,2021,1
2194,4,1,2,1991,2
2354,5,3,1,1999,3
1492,2,3,3,1995,3
1011,4,2,3,1975,2
1194,4,1,3,2021,1
1489,3,3,1,1964,3
1794,2,1,3,2009,2
1880,2,2,1,2021,4
1181,4,2,3,1951,1
1961,4,3,2,1993,3
2840,3,3,1,1986,3
1655,2,1,1,1955,2
2921,5,2,2,1998,3
2339,4,1,2,2006,4
1693,5,3,2,1968,2
1029,5,1,2,1969,3
2619,2,2,1,1981,5
2701,5,3,3,2012,4
2819,4,1,2,2003,5
2119,3,2,1,1984,1
2404,2,2,3,2000,4
1777,2,1,3,1953,1
1443,5,2,1,1962,3
1297,4,3,1,2018,1
1807,4,1,3,1986,3
2760,3,1,3,2000,5
1844,5,3,1,2012,4
2015,4,2,2,2007,4
2397,3,3,3,1965,3
1553,2,1,1,1976,2
1302,3,3,2,1968,2
2269,5,1,1,2013,3
2743,4,2,3,1984,5
2557,5,3,1,2017,3
1184,2,2,1,2014,1
1467,5,1,3,2005,1
1753,3,3,3,1952,2
1362,5,3,3,1990,4
2306,2,3,3,1977,3
2576,4,1,3,1978,4
1335,3,1,1,2001,1
1161,3,3,3,1958,3
2183,5,1,2,1997,3
2497,2,2,2,1977,5
2624,5,3,3,2018,4
2345,3,2,1,1968,4
1011,4,1,2,2011,2
2447,5,1,3,1961,3
2096,2,2,3,2004,3
1587,5,1,1,2003,2
2881,5,3,1,2014,4
1200,5,2,3,2011,2
1521,4,2,2,2015,4
1504,2,1,3,1977,1
2761,3,2,3,1968,5
2711,3,2,3,1980,5
1787,5,3,3,1959,2
2062,3,1,3,1950,3
1059,2,2,1,1997,1
1577,5,1,2,1981,2
1320,3,2,1,2008,3
2458,4,1,3,2013,2
2659,3,2,1,1962,2
2431,3,1,1,1994,3
1922,2,2,2,1991,4
2409,3,1,3,1998,3
2694,4,1,3,2019,4
1568,4,3,1,2012,3
2101,3,3,1,2002,4
2217,5,3,1,1981,3
2308,4,3,1,1986,5
1526,2,1,1,1998,2
1523,3,2,3,1954,3
1612,4,2,2,2018,2
2179,3,3,1,2010,4
2363,3,2,2,1981,4
1870,3,1,1,2006,2
1279,3,1,2,2015,1
1916,3,2,1,1984,4
2929,2,1,2,1977,4
1621,3,3,3,1951,3
1845,2,3,3,1956,2
2892,3,2,3,1969,3
2681,5,2,2,2015,5
2751,5,3,1,1959,5
2933,4,2,1,1999,4
1673,3,2,3,1962,2
2151,5,1,2,1997,3
1313,5,1,3,1965,3
2173,4,3,1,1994,4
2477,2,3,1,1970,5
1035,5,3,1,1955,3
2708,5,3,3,1993,4
2443,2,1,1,2009,3
2045,5,2,2,1975,4
1205,2,3,2,1961,3
1638,2,3,3,1951,1
1847,4,1,3,1988,4
2980,2,1,3,1988,4
2379,2,1,2,2020,5
1439,2,1,1,1962,2
1728,2,2,2,1978,2
2119,5,2,3,1971,2
2952,2,1,2,1997,5
1940,5,1,1,1987,4
1163,3,3,1,2015,1
2553,2,3,2,1977,2
1293,4,1,3,1962,2
1662,5,1,3,1951,1
1479,5,2,3,1993,1
2900,3,3,2,1998,5
1122,5,3,3,1969,3
2423,4,3,1,1967,4
1698,3,2,3,1957,1
1964,2,2,1,1972,3
2475,5,3,2,1996,3
1660,2,3,3,2000,1
2127,5,3,2,1974,4
2485,5,1,1,1978,5
2741,4,2,3,1982,4
1709,2,3,2,1962,3
1911,2,3,1,1983,3
2360,4,2,3,1975,3
2004,4,1,1,2004,4
2622,4,3,1,2003,4
2165,4,2,2,1957,4
1316,3,2,3,1956,1
2581,5,2,2,2011,5
2823,4,2,3,2006,5
2550,3,1,1,1981,4
2579,5,3,3,2003,4
2424,3,2,3,2019,4
1680,3,3,1,1992,2
2333,5,3,1,1990,4
1494,3,3,1,1987,2
1555,4,1,3,2020,4
1609,2,2,1,1967,2
2796,2,1,3,2018,4
1108,2,3,1,2009,2
2818,5,2,1,2019,4
1371,5,3,1,1991,2
1854,5,3,3,1985,5
1615,2,1,2,1997,2
1767,2,1,3,1977,4
2914,5,2,3,2000,5
1205,2,2,2,1989,1
1846,3,3,2,1959,3
1042,3,3,2,1970,1
1864,2,3,3,1952,3
2268,5,1,1,1961,3
2310,4,2,2,2018,3
2378,4,1,1,1975,3
1784,2,1,3,1976,3
1475,4,3,2,1959,3
1082,5,3,1,1987,1
2133,3,3,1,1997,2
2973,3,1,2,1976,5
1189,5,3,3,2013,1
1799,4,1,2,1996,2
1935,2,1,1,1957,2
2932,3,1,1,2013,5
1250,4,2,1,2005,3
2747,4,1,3,2014,4
2668,3,3,2,1989,2
2224,2,2,3,1961,5
2820,5,3,1,1993,3
1325,4,3,3,1986,4
2534,2,3,3,1961,3
2432,3,2,2,1961,4
2630,5,1,2,2020,5
2813,5,2,2,1987,5
2985,4,2,3,1966,5
2964,5,3,1,1996,4
1836,3,3,3,1994,3
1507,3,2,2,2015,3
1730,3,1,3,1988,3
2624,2,2,1,1989,4
1071,3,1,3,1972,1
2270,2,3,3,1987,1
1640,3,2,1,1952,3
2747,3,1,1,1990,5
1939,5,2,3,2021,2
1607,3,3,1,1999,1
2610,5,1,3,2012,5
2958,5,1,2,2012,4
1565,4,1,2,1978,2
2367,5,1,2,1967,4
2994,5,1,2,1994,4
2948,4,3,2,2002,2
1053,2,2,1,1987,2
2753,4,3,3,2003,4
1527,4,2,2,1963,2
1610,3,1,3,1959,3
2555,3,3,1,1982,4
2581,2,2,1,2006,4
2986,4,2,2,1979,4
1192,4,2,3,1991,3
2918,2,1,1,2007,5
1057,3,3,1,2014,2
2460,4,2,1,1968,3
2134,2,1,2,1968,3
1128,3,3,2,1989,1
2872,5,2,1,1954,4
1705,2,1,3,1974,1
1851,4,1,2,2005,2
2349,5,3,1,1980,4
2135,4,1,1,1980,5
1946,4,1,3,1965,3
2696,3,3,3,1989,4
1130,3,1,1,2018,1
2698,4,3,3,1959,5
1708,3,2,2,2011,1
2498,3,1,3,1956,5
2387,3,1,2,1952,5
2227,2,2,3,1975,3
1211,3,2,1,2003,1
2644,4,3,2,2015,5
1275,2,1,1,1981,2
2096,4,3,2,1988,4
2702,5,1,3,1962,4
1242,3,3,2,1986,3
2810,2,1,2,2007,5
2125,4,2,2,1964,2
1986,2,3,2,2008,2
1684,5,3,3,1996,3
1170,3,3,1,1995,2
1652,3,2,2,2007,2
2932,5,3,3,2019,5
1187,4,1,2,2001,3
2464,2,2,1,1994,4
2109,4,3,3,1989,3
2499,4,2,2,1961,2
1051,4,1,2,2002,2
1110,3,3,1,2008,3
2972,2,2,2,1976,3
1876,3,2,3,1995,1
2066,3,1,1,2015,4
2991,5,3,1,1993,5
2223,3,3,3,1971,4
2833,3,2,2,2012,4
1857,3,1,2,2000,4
1626,2,3,3,1961,1
2049,4,1,3,1961,4
2942,3,1,3,1969,4
1298,3,1,1,1998,1
2100,2,2,2,1987,3
1923,2,2,1,1953,2
1136,3,2,1,1960,2
2043,5,1,3,2009,4
1439,4,2,3,2017,3
1210,4,1,3,2009,2
1751,3,2,2,2010,2
2574,4,2,1,2018,5
1434,4,3,3,1992,3
1779,3,1,2,2016,1
2230,4,3,1,1992,5
1438,2,1,2,1985,2
2997,3,2,2,1960,5
2802,2,2,2,1954,4
1665,3,2,1,2015,1
2065,2,1,2,2003,4
2546,5,2,2,1961,5
1805,2,3,3,1965,2
1609,2,2,2,1987,3
1426,5,2,3,1973,1
2298,5,2,3,1973,3
2471,2,2,3,1987,3
1901,2,3,3,1984,3
1941,2,3,1,1970,2
2907,3,3,3,1966,5
1741,2,1,3,2013,3
2392,2,2,1,1976,4
2961,5,1,3,2016,5
2243,5,2,3,1977,4
2600,3,3,1,2002,3
2890,3,2,3,2011,4
2255,4,3,1,1971,2
1327,2,2,1,1967,3
2466,2,2,2,1983,4
2909,4,2,1,1987,4
2966,2,3,3,2007,5
1375,4,3,1,2011,2
1262,3,2,2,1982,2
1266,2,3,3,1973,1
1358,2,1,1,1962,3
2340,3,1,1,1988,3
2347,2,2,1,1980,5
2944,3,3,2,1959,5
2931,3,1,3,2009,3
2689,4,1,3,2014,4
2893,5,3,3,1951,4
2901,5,1,1,1951,5
1651,3,1,2,1974,4
2962,4,2,1,1965,3
2586,3,2,1,1955,5
2652,4,3,3,1977,4
2444,4,3,2,2019,3
1045,5,1,3,1950,2
2844,5,2,2,1994,5
1599,4,3,1,1963,3
1719,5,1,1,1976,3
2912,4,2,3,1988,5
1600,3,2,2,1971,4
1117,3,1,1,1984,2
2589,5,1,3,1977,4
2976,3,2,3,2003,4
2098,5,1,2,1983,3
2503,5,1,2,2013,5
1304,4,1,1,1960,2
1365,5,1,1,2009,2
2657,5,1,2,2009,4
1522,2,3,3,2008,1
2371,3,2,1,1989,5
2461,5,1,3,1993,3
2238,5,2,1,2011,4
1428,3,1,3,1985,3
1790,3,2,1,2010,1
2521,4,1,3,1964,4
2563,3,1,1,1955,4
1746,3,2,2,1991,3
1312,4,1,1,1980,3
1537,2,2,1,1984,3
1920,3,3,2,1976,1
2077,5,3,3,1983,3
2564,4,1,2,1974,5
2490,3,2,2,2018,5
1864,3,3,3,1955,2
2187,5,2,1,1996,3
1781,5,3,1,2005,3
1333,5,1,3,1987,1
2570,4,2,2,1975,3
1797,2,1,3,1977,3
1347,4,1,1,2020,2
1272,5,1,3,1950,4
1962,4,2,3,1990,2
1719,5,3,1,1997,1
2773,2,1,2,1950,4
2437,4,2,3,1966,5
1499,2,3,1,1976,2
2116,2,1,1,1993,3
1684,5,3,2,1990,3
1621,4,2,2,1982,3
2240,2,2,1,1950,4
1946,5,2,3,1960,4
1357,2,3,3,1957,2
1617,2,3,3,2013,1
1506,2,2,1,2007,1
2582,2,3,3,2009,5
2204,4,3,2,1979,2
1575,3,3,3,2001,2
2269,4,2,3,1989,5
1243,5,1,1,1952,1
1505,3,1,2,1980,4
1421,2,2,2,2013,3
2343,4,3,3,2017,4
2110,3,2,2,2017,3
1216,2,1,3,2021,2
2513,4,2,2,1985,4
2542,3,1,1,1951,3
2301,4,1,3,1952,4
2872,3,2,3,1996,5
2745,5,2,2,2008,5
2008,4,1,3,1959,4
2192,4,3,1,1975,4
1329,3,3,3,1951,1
1649,5,1,1,1963,1
2464,4,3,3,1951,4
1390,5,1,2,2011,1
2519,5,1,1,2008,2
1380,4,1,2,1967,1
2329,2,2,3,1958,3
1741,3,2,3,2009,4
1819,4,2,3,2002,4
1672,5,1,2,1960,2
1512,3,2,2,2011,2
2771,4,3,3,1970,4
1948,3,3,3,1967,3
2211,3,2,1,1973,4
1929,5,2,3,1961,1
2539,2,1,1,2011,4
1912,2,2,2,1955,3
1643,3,2,3,1956,1
1426,5,2,2,1967,4
1501,5,1,3,2012,3
1729,4,3,1,1986,2
2283,3,1,1,2020,3
2536,4,2,3,2000,3
1477,3,3,3,2010,1
2201,2,2,2,1985,5
1188,4,1,1,1992,1
1290,3,1,2,1970,1
2543,5,1,1,2015,4
1919,2,1,1,1968,3
1291,5,2,1,1983,2
2969,3,1,3,1957,5
1755,2,3,2,1967,2
2658,5,3,2,1953,5
2834,2,1,2,1967,5
2306,3,3,1,1997,4
2567,4,3,3,1957,5
2869,5,3,2,1968,5
1376,5,3,1,1973,3
2681,3,2,1,1998,2
2179,2,1,1,1965,3
1507,2,3,3,2003,4
2436,2,2,3,2014,4
1527,5,3,1,1994,3
2378,5,2,2,1964,2
1558,2,1,1,1958,3
2210,4,1,1,1953,4
2054,3,2,3,1991,3
1259,3,2,2,2003,1
1420,5,3,3,2007,2
2552,4,3,3,2018,4
2574,4,2,3,1956,4
1303,2,2,3,1999,2
1941,3,2,2,2015,4
2967,3,1,3,2016,5
2062,3,2,2,1950,3
2512,5,1,1,1967,4
2667,4,1,1,1956,4
1541,2,1,1,2005,3
2693,5,1,1,1955,4
2301,2,1,1,1983,4
2226,5,1,3,1992,2
2089,3,1,1,2018,3
1267,4,1,3,1950,2
1221,4,2,2,1992,1
2553,3,1,2,1984,5
2113,5,2,3,2010,4
1692,2,2,1,1968,1
1254,4,1,3,2003,2
2478,4,2,3,2007,3
1256,4,3,3,1991,1
1382,2,3,1,1955,1
1441,4,1,2,2003,1
2881,5,1,2,1993,4
1598,4,1,1,2008,2
2113,2,1,2,1963,5
1389,3,3,2,2009,3
1581,4,3,3,1978,2
2067,3,2,3,2010,2
2687,4,1,3,1980,3
1597,2,3,3,2004,2
1018,3,2,1,1967,2
2124,3,1,1,1953,3
1606,3,2,3,2002,1
2789,4,3,1,1959,4
2380,4,2,1,2007,2
2565,5,1,2,2009,5
2784,5,1,3,1953,2
2961,5,3,1,1959,4
1032,2,2,2,1989,2
2252,3,1,3,2015,3
2547,5,2,1,1955,4
2653,4,2,2,1972,3
1861,4,3,3,2021,2
1154,4,1,2,2014,2
2446,4,2,2,2016,2
1904,2,3,1,1995,3
2269,3,1,1,1977,5
1404,5,1,3,2008,2
1843,2,1,2,1997,3
2782,3,3,3,1975,5
2564,2,1,3,2007,5
1746,2,1,3,2006,3
2725,2,3,1,1977,2
2140,4,3,3,1978,1
1270,4,2,2,1962,2
1769,5,3,1,2002,1
2715,5,2,1,1969,5
2510,3,1,3,1971,4
1171,5,3,2,2021,2
2973,3,1,3,2006,4
1273,2,1,2,2018,2
1258,2,3,2,2018,2
2158,2,1,1,1998,3
2706,4,1,2,1960,4
2745,3,1,1,1956,5
2771,2,2,1,1965,4
1421,5,1,1,1967,3
2444,5,3,3,2019,4
2209,5,3,1,2014,3
1363,3,3,1,1957,3
1377,4,3,2,1992,2
1579,2,3,2,1996,3
1890,2,2,2,2012,1
1721,2,2,3,1992,2
2219,2,2,3,1986,3
1880,3,1,3,2011,2
2121,3,3,2,2008,4
1604,4,1,3,2008,1
1021,4,3,1,1962,1
2473,3,3,3,1995,5
2195,4,3,3,1981,3
1382,5,3,3,2016,1
1133,4,3,3,1972,1
2449,5,1,1,1975,2
2048,5,1,1,2020,2
1502,2,2,2,1959,1
2208,4,1,3,2011,1
2108,5,2,2,1954,3
2590,4,2,1,1999,4
2786,4,3,2,1974,4
1143,3,1,3,1988,1
2886,3,1,1,1987,3
2702,4,3,3,1981,4
2435,3,2,1,2010,5
1223,5,1,2,2013,3
1219,5,1,2,2001,1
1178,2,2,1,1973,1
2654,5,2,3,1989,5
1432,4,2,3,2006,1
1264,5,3,3,1990,3
1953,2,2,1,1990,2
1428,2,2,3,1972,3
1415,4,2,3,1995,2
2476,3,2,3,1960,4
1726,4,1,1,2000,3
1196,4,2,1,1996,1
2577,4,2,2,1967,4
2076,5,3,2,1989,2
1479,3,2,1,1981,1
2466,4,1,3,2011,5
2353,3,1,2,1992,3
2274,2,3,2,1986,1
2830,3,1,3,2016,4
1889,5,3,2,1989,4
2806,2,1,3,2000,3
2990,2,1,3,1965,5
1924,4,2,1,2018,2
1122,3,3,1,1996,2
2410,2,3,2,2005,5
2362,3,2,3,1960,5
1777,3,1,2,1989,3
1347,2,2,2,1959,2
1974,3,3,2,1978,2
1034,5,3,1,1982,3
2541,3,1,3,1995,4
2419,5,2,3,2020,4
1622,2,1,2,1972,1
2317,4,2,1,1999,4
1588,3,1,2,1954,2
2372,2,1,1,1991,3
2170,2,3,3,1960,3
2090,4,2,3,1950,3
1903,3,2,2,2011,4
1519,2,1,3,1993,1
1121,5,2,3,2018,3
1339,4,1,3,1989,2
1174,5,1,2,2013,1
2923,3,2,2,1966,4
1596,4,1,3,1991,3
1450,2,2,1,1956,2
1556,4,2,3,1988,2
2159,2,2,1,1964,2
2878,2,2,3,1953,4
2039,5,3,2,1961,3
2356,4,3,3,2009,2
2218,4,1,2,2004,4
2519,2,1,2,2002,4
1008,4,3,2,1987,1
2356,5,1,1,1952,4
2016,5,2,2,2014,3
1326,4,2,1,1989,3
1838,4,3,1,2019,3
2637,5,3,2,2009,4
1225,3,3,3,1992,1
2448,2,2,1,1990,4
2813,2,2,1,1985,4
2431,3,3,3,1973,3
2451,4,1,3,2004,3
1000,4,2,2,1991,1
1265,3,2,3,1950,2
2514,3,3,1,1958,3
2231,3,1,1,1976,4
2645,3,2,2,1971,3
2735,2,1,1,1996,4
1951,2,1,1,1986,3
2392,2,2,1,1991,5
1305,4,2,1,1974,3
1011,5,1,1,1952,2
2368,4,1,3,1952,2
2488,5,2,2,2017,4
2723,3,3,1,1994,3
2689,3,1,1,1986,4
2517,2,2,3,1983,2
2391,2,1,3,2009,3
2869,5,2,1,1951,4
1936,5,1,2,1978,3
1419,2,1,3,1963,2
1888,3,3,2,1977,1
2814,2,1,1,1957,4
1170,3,1,1,1988,2
1964,4,2,1,1986,4
2048,5,2,1,2002,3
2553,3,2,1,2012,4
2213,2,1,1,1990,5
2164,3,3,3,1969,4
2578,5,1,1,2005,5
2869,3,1,1,1965,4
2819,3,3,2,1974,5
1657,5,3,3,2016,2
2338,3,3,2,1950,4
2467,4,3,2,2005,4
2342,5,3,2,1964,4
2464,4,3,1,2014,3
2115,5,2,2,1959,2
1178,3,3,3,2021,2
2079,4,3,3,1956,3
2178,4,3,2,2007,3
2695,2,3,1,1961,5
1136,4,2,1,1972,1
1231,3,2,3,2013,4
1991,4,2,2,2013,2
1731,4,3,2,1982,5
1480,3,2,2,2000,2
2091,5,3,1,2011,4
1813,3,3,3,1952,3
2272,4,2,2,1984,2
1993,5,2,2,1967,3
1322,3,3,3,1979,2
1921,3,3,1,2006,1
1903,5,1,1,1968,4
2541,2,2,1,1983,4
2815,2,1,2,1973,4
2455,4,3,2,2020,2
1605,2,3,1,1973,2
1428,2,2,1,1965,3
2292,4,1,2,1974,4
2732,5,3,2,1975,5
2560,5,2,2,1982,5
2141,2,1,2,1979,2
1849,3,2,3,2004,1
1366,5,3,1,1975,2
1849,5,2,1,2021,4
2089,4,1,1,1976,2
2993,3,2,3,2015,5
1812,4,1,1,1990,4
2393,3,1,3,1976,1
1174,5,1,2,2006,2
1587,3,3,1,1965,2
1494,4,1,1,2002,2
1972,3,1,1,1984,2
2137,2,1,3,1995,3
2134,4,2,1,1964,5
2784,2,3,2,1976,4
2462,3,1,1,1982,2
2170,3,1,3,1991,3
1034,3,3,1,1986,1
1998,2,3,3,1961,5
2332,4,3,2,2010,4
1537,5,3,1,2020,3
1749,3,2,2,1969,3
2037,2,3,3,1983,2
1556,2,2,3,1991,4
2451,2,3,2,1953,3
2751,2,2,1,1965,5
1232,3,2,1,1981,2
1704,5,3,1,1977,3
1562,3,1,3,2016,1
1938,3,1,2,1997,2
1886,4,2,3,2008,2
1725,5,3,1,2016,3
2686,4,3,2,2000,4
2463,2,3,3,1990,5
2298,5,2,1,1994,3
2873,3,3,2,2013,4
1075,2,2,1,2001,3
1438,3,3,1,1957,1
2755,4,3,2,1986,5
2979,3,2,2,1959,5
1698,3,1,2,1996,2
2312,3,1,3,1988,4
1914,2,2,1,2020,3
2563,4,3,3,2021,3
1890,5,1,1,1951,4
1691,3,1,1,1960,1
2149,5,2,2,1978,3
2200,3,2,3,2002,3
2060,2,3,2,1954,2
1409,4,3,2,1973,2
2634,3,2,1,1988,4
2633,2,2,2,1993,5
2506,2,1,2,1961,5
2191,4,2,1,2002,3
1591,4,2,2,1985,2
1293,2,2,1,1952,2
2661,4,1,3,1989,5
2366,3,3,2,2018,4
2019,4,1,3,1981,2
1661,4,2,2,2021,4
1527,4,2,3,2016,2
1539,3,3,1,1968,3
1418,4,2,2,2004,2
1684,3,1,1,1997,4
2581,4,2,1,1990,3
1839,4,1,3,1965,3
2462,2,2,3,1973,5
1213,4,2,2,1975,2
1084,5,1,2,1976,1
1793,4,3,2,1986,4
2767,2,2,3,2006,4
1084,2,1,2,2009,1
2944,4,1,3,2019,5
2512,4,2,2,1988,3
2669,4,2,3,1985,5
1662,2,3,2,2005,2
1626,5,3,1,1982,3
1063,4,1,3,1982,2
1938,5,2,2,1954,3
2898,2,3,2,1952,5
1918,2,3,3,1980,1
2375,3,2,1,1996,4
2181,2,1,1,1977,1
2612,3,2,2,1954,5
1490,2,1,1,1979,1
2681,2,1,1,1966,2
2878,3,2,3,2002,4
2486,3,2,1,2004,4
2248,3,3,2,2010,2
1614,5,1,2,2004,5
1918,5,3,1,1964,3
2882,3,2,1,1979,4
1812,3,1,3,2013,2
1939,3,3,3,1986,3
2489,2,2,1,1982,3
2111,2,2,3,1974,2
2906,3,3,2,1952,5
2326,4,2,1,1967,5
1679,3,2,3,1992,1
1434,4,2,3,2003,1
1681,2,3,3,1956,2
2158,2,2,3,1995,4
2073,4,1,1,1975,3
2455,2,2,2,1970,4
1339,3,2,1,2009,2
1346,4,3,1,2010,1
1645,4,2,2,1959,4
2370,5,3,2,1996,5
1244,4,3,3,1969,4
2848,4,2,1,1977,5
2822,2,2,1,1953,4
1532,4,3,3,1983,5
2113,4,3,2,1975,4
1295,3,3,3,1960,1
1111,3,3,3,1979,2
2836,5,2,1,1967,4
2612,4,1,3,1979,4
2200,2,2,3,1967,5
1342,5,3,2,2007,1
1100,5,3,3,1968,1
2781,4,3,1,1970,5
1628,5,1,1,1966,2
2627,2,3,3,1983,4
1936,4,1,1,1953,3
2985,2,2,1,1966,4
2560,2,1,3,1974,3
2521,4,1,1,2006,5
1133,3,1,1,2005,2
2354,2,2,3,1980,3
1248,2,1,2,2021,3
2020,4,1,1,1974,3
1549,5,2,1,2009,2
1901,5,1,2,1991,3
2964,4,2,3,1993,5
2098,4,1,1,1950,2
2677,4,2,1,2003,5
1833,4,2,3,2004,3
2191,2,3,2,1963,4
1770,2,2,2,2006,2
2526,5,2,2,1991,3
2908,4,3,2,1997,4
2378,4,3,1,2017,4
2248,2,2,2,1975,2
2687,4,3,3,1963,4
2554,3,2,1,2013,5
2983,3,1,2,1989,4
2264,2,2,2,1994,4
2907,2,3,3,1985,3
1892,2,1,3,1996,3
1343,5,1,2,1952,3
2772,5,3,3,2007,5
2058,2,3,2,2019,2
1701,2,1,3,1970,3
1000,2,3,1,1960,1
1152,2,3,2,2004,2
1428,4,2,3,1963,4
2149,5,3,1,1993,4
1490,3,3,3,1990,1
2505,2,3,1,2013,3
1344,4,3,2,2017,1
2761,4,1,2,2003,5
1220,2,3,3,1998,2
2942,3,3,1,2004,5
1722,5,3,2,1982,3
2048,3,2,1,1989,1
1527,2,2,3,1953,2
2205,3,3,1,1961,4
2522,4,1,2,1995,5
1840,3,1,1,1975,1
2664,4,3,2,1969,4
2065,3,1,3,1991,2
2938,4,3,2,2018,5
1480,3,2,3,2010,2
1929,5,1,1,1960,3
2871,3,1,3,2018,4
2771,2,2,3,1961,4
1871,2,3,1,2013,3
2462,4,1,2,1971,3
2425,2,2,1,1964,3
2569,4,1,1,2017,4
1344,5,2,3,1992,2
2916,2,1,3,2010,5
2669,4,1,3,1997,4
1020,5,2,1,1981,1
2093,3,1,1,2007,2
2887,4,2,3,1990,5
1872,4,2,1,1980,3
2514,4,1,2,1991,5
1550,2,3,3,1963,2
1286,2,2,2,2011,2
2001,2,2,3,2019,4
2033,4,1,1,2010,1
1541,3,2,2,2008,2
1755,3,3,2,1993,4
1273,5,2,2,1998,2
1955,4,1,2,1953,3
1599,5,1,2,1977,2
1380,3,3,1,1955,1
2352,2,1,1,2005,4
1478,4,2,1,2007,2
1014,3,2,3,1962,2
1515,3,2,1,1978,5
1190,3,3,2,1984,3
2191,2,3,2,1990,3
2544,3,3,1,2010,5
1620,5,1,2,1951,2
2160,3,2,3,2015,1
2411,4,1,3,1950,4
2232,4,1,1,1986,4
1271,4,1,2,1973,1
1142,3,1,3,1998,2
2634,3,3,2,2009,3
2843,2,3,2,1983,4
2092,3,3,3,2018,2
2284,3,2,1,1978,3
1787,2,3,2,1980,2
1078,4,1,2,1980,3
2681,3,2,3,1972,4
1622,5,2,3,1997,4
2793,2,2,1,1987,4
2628,4,3,1,2002,4
1524,5,3,1,1998,1
1771,4,2,3,1983,2
1937,3,1,2,1974,1
2644,5,2,2,1951,3
2353,2,3,1,2019,4
2118,5,1,2,2007,3
1616,2,1,1,1965,3
2031,4,2,1,1959,2
1066,5,3,3,1953,1
2519,2,2,2,1963,4
2389,2,2,3,1957,4
1767,4,2,3,1955,4
1520,3,3,3,1986,2
1989,4,3,2,2004,3
1266,4,2,3,2000,1
2634,2,3,2,1977,4
1484,5,3,2,1987,1
2532,5,1,3,2003,5
2321,3,3,1,1988,2
2187,3,2,1,1985,3
1375,5,2,2,1966,4
1652,4,3,1,2011,4
2291,4,1,1,1965,4
1548,3,3,2,2011,4
2097,3,1,2,1983,3
1072,4,1,2,1956,1
1307,4,1,1,1998,2
1198,3,2,3,1975,2
2153,2,1,2,2014,4
2781,5,2,2,1979,4
2847,5,3,3,1992,4
1571,3,3,2,2003,2
1790,4,1,2,2016,3
2638,5,2,2,1969,5
2831,5,2,1,1976,5
2855,5,3,1,1950,4
2510,5,2,3,1994,3
2876,4,2,3,2001,5
2174,3,3,3,1962,3
2692,4,2,1,2012,2
2229,4,3,2,1982,4
1178,5,2,1,2012,2
1196,5,1,2,1992,2
1734,4,3,2,1973,3
1088,4,3,1,2018,1
1798,4,3,2,2011,2
1787,5,3,1,2014,2
1747,3,1,1,1964,2
2206,3,2,3,1953,3
1492,2,3,3,1957,2
2153,2,1,3,1994,2
1664,3,1,2,1975,2
2036,3,1,1,1967,4
2657,3,1,3,1977,3
1870,4,2,3,2018,2
1731,5,2,1,2000,4
2129,2,2,1,1977,4
2398,2,3,1,2006,3
2605,4,1,2,1978,5
2730,2,2,2,2002,4
2122,2,3,2,1952,5
1593,4,1,1,1968,2
2610,5,1,1,2004,5
1885,3,1,2,1975,5
1851,2,1,2,1988,3
2215,3,1,1,1965,4
1324,5,1,2,1989,1
1978,2,2,3,2020,3
2749,3,2,3,1958,5
2850,4,1,3,1994,4
1955,4,3,1,1953,4
2490,5,2,3,2011,3
1893,5,1,1,2020,3
2390,5,2,2,2017,5
2341,2,3,2,1951,4
1143,5,3,3,2005,2
1215,3,1,1,1976,1
2384,4,1,3,1969,2
1323,3,1,3,2006,1
2038,4,3,2,1966,2
1216,5,3,2,1991,3
2515,3,3,2,1992,3
1950,3,3,3,2000,4
1269,2,1,1,2019,3
1944,4,2,2,1981,3
2490,5,2,2,2004,3
1869,2,1,1,2015,2
2635,2,1,2,1954,3
2542,5,2,1,1954,3
2565,3,2,2,1955,5
1466,4,3,2,1983,1
1304,2,2,2,1966,2
2167,3,2,2,1952,3
1110,5,3,2,2004,1
2013,5,1,3,1982,2
1231,4,3,3,2019,1
2714,5,2,3,1958,2
2745,5,1,3,1974,4
2755,5,1,2,1958,3
2615,2,3,1,2008,4
2523,3,1,1,2017,4
1594,2,2,2,1964,2
2577,4,1,1,1966,5
2296,2,2,3,1987,4
2726,5,1,3,1952,5
1172,5,3,1,1968,2
1972,3,1,2,2010,3
2030,4,2,3,1970,2
2178,5,3,2,2003,4
2545,3,3,2,2003,4
1545,3,1,3,1950,3
1547,5,1,2,1967,2
2944,5,3,1,1981,5
1517,4,3,3,2015,2
2943,3,2,2,2013,5
1913,3,3,3,2016,4
1214,3,3,2,2009,3
1284,3,3,2,1971,2
2149,2,2,2,1987,2
2944,2,3,3,2021,4
2462,3,2,1,2017,3
2872,2,3,1,1970,4
1685,2,2,3,1986,2
2175,4,2,3,1994,5
2561,4,2,2,1991,3
2406,3,2,2,1996,4
2138,5,2,2,2018,3
2505,4,2,3,2009,4
2307,4,1,2,1953,3
1898,5,2,3,2018,3
2098,5,2,1,2002,3
2189,2,2,1,2016,4
2212,2,2,1,2004,4
1077,3,3,2,2019,1
1946,3,3,2,1957,3
1687,2,2,2,2014,3
1565,5,1,3,1975,1
2207,5,2,1,2017,1
2894,4,3,3,1973,4
2245,5,1,2,1996,5
1826,4,1,2,1973,2
2351,3,2,3,1996,4
1178,5,2,3,1980,1
2811,5,1,3,2007,4
2135,5,1,2,1998,2
2759,4,2,3,2007,4
2749,5,1,3,2000,5
2082,5,3,3,1964,2
2350,2,3,1,1978,3
1904,2,1,1,2015,4
2644,2,1,2,1990,5
1668,2,3,2,2017,3
1190,3,3,1,1979,3
2223,2,3,1,1957,3
2335,5,3,1,2011,4
1707,2,3,2,1964,1
2058,2,3,2,2011,4
1378,2,2,3,1999,2
1386,3,1,1,1988,3
2781,3,3,2,1950,2
1236,4,2,3,1952,1
1615,5,2,2,2002,3
2542,3,1,2,1966,3
1282,3,1,3,2004,2
1000,3,1,2,1961,1
2754,5,1,3,1951,5
1463,4,1,1,1984,4
2253,5,2,1,1976,3
1966,2,1,2,2007,3
1171,4,2,1,1968,2
2110,2,3,1,1969,3
2576,3,3,2,1977,5
2146,5,1,3,1966,4
1842,2,3,1,1961,2
2321,4,2,3,2018,4
2908,2,3,1,1988,4
1689,3,3,2,2015,2
1574,2,3,3,2020,1
2507,2,2,2,1961,5
2722,4,1,3,2013,5
1382,3,2,1,1994,2
1208,2,1,3,1977,1
2762,5,2,3,1986,4
2455,3,3,2,2014,4
2412,3,2,3,2019,4
2583,2,1,1,1953,4
1223,5,1,3,2007,1
1371,5,1,3,2011,3
2710,3,1,3,1962,5
2469,5,2,2,1968,4
1610,4,3,3,2010,1
1115,5,3,3,1955,3
2293,5,3,2,1967,5
1446,5,1,1,1952,1
2276,2,3,1,1983,2
2340,2,2,1,2019,2
1414,5,3,1,1983,4
2118,3,2,1,1994,3
2808,3,1,2,2015,5
1891,3,1,2,1992,2
2047,2,3,3,2001,3
2651,3,2,3,1951,4
1662,5,2,2,1957,3
2873,2,3,1,1953,5
2073,3,2,1,2014,3
2525,5,1,2,2008,5
1717,2,2,1,2014,4
2521,3,1,1,1978,5
2358,4,3,2,1993,5
2102,5,2,1,1987,4
2050,2,3,3,1960,2
1270,3,2,3,1954,4
1561,5,2,1,2010,2
1803,5,2,2,1956,3
1246,5,1,3,2008,3
2799,4,3,1,2002,5
2614,3,1,1,1986,3
1386,3,3,3,2010,2
1701,3,3,2,1984,3
1558,4,1,3,1982,2
1972,2,3,2,1966,4
2384,4,1,2,2009,2
2889,2,2,2,1996,5
1983,4,3,1,2016,3
2511,3,1,3,1966,3
1351,3,2,2,1952,4
2724,3,3,1,1986,4
2951,4,3,3,1995,4
2279,5,3,3,2019,4
2245,4,3,2,1983,3
2907,2,2,3,1988,2
1752,4,3,2,1961,2
1780,2,3,1,1977,5
2024,4,2,3,1988,3
1545,5,2,3,2015,1
2469,5,3,3,1988,5
1078,3,2,3,1987,1
2259,5,2,2,2005,3
1888,5,2,3,1977,1
2372,3,1,1,2011,3
2121,4,1,3,1995,4
2105,2,1,2,1976,3
1501,4,1,2,2021,2
2500,5,2,2,1951,2
2950,5,2,3,1985,5
2727,4,2,2,1972,4
1764,2,3,1,1950,2
1920,2,2,1,2014,1
1549,2,1,3,2016,1
1013,2,3,1,1977,1
1391,4,3,2,1981,3
2370,5,2,2,1972,4
1309,2,3,3,1996,1
1385,4,2,3,1996,1
2232,4,2,1,1995,3
2380,4,1,2,1982,4
1973,2,3,2,1991,3
2624,2,3,2,1987,4
2591,4,3,1,2016,5
2117,4,2,1,1983,4
2116,4,3,2,1998,3
1339,5,1,3,1977,1
1596,5,3,1,1957,2
1756,3,1,1,1954,2
2045,2,2,1,1980,2
2508,3,3,2,1984,4
2807,4,1,1,2007,4
1305,4,1,1,1954,3
1633,2,1,2,1982,4
2151,2,2,2,1962,3
1938,4,2,3,1973,2
2296,2,1,3,1960,4
1847,2,2,2,1960,2
1441,5,3,2,1979,3
1502,3,2,3,1963,2
1129,2,3,2,2014,2
2155,3,2,3,2016,5
1596,4,3,3,1974,2
2958,3,1,3,1974,5
2505,2,2,1,2000,4
1861,5,3,3,1967,2
2413,3,1,1,1993,3
1592,3,3,3,2007,2
1998,4,2,1,2003,2
1324,5,2,3,1983,3
2092,3,2,2,1963,4
2683,5,1,1,1993,4
1447,2,2,3,1976,2
2551,5,1,2,2013,3
1818,2,1,2,1992,3
2640,4,2,3,1951,4
2188,4,2,2,2003,2
2511,4,2,2,1981,5
2736,2,2,2,1986,4
1708,3,3,3,1983,1
2449,2,3,1,1982,2
2857,5,1,3,1982,5
1264,2,1,1,1975,3
2898,4,3,3,1990,5
1611,4,2,1,1990,2
2365,5,1,2,2008,3
1831,5,1,2,1955,3
2301,3,1,3,1966,2
1673,3,3,2,1965,3
2462,5,3,1,1993,4
1156,3,1,2,1973,1
2445,5,2,3,2018,4
1250,5,3,2,1969,2
1877,2,1,2,2000,3
2632,3,3,1,2003,5
1326,2,2,1,2005,2
1960,3,1,2,1981,4
1894,5,1,1,1970,3
1512,5,2,2,1984,2
1215,3,1,2,1971,1
2155,5,1,2,2006,3
2283,2,3,1,1968,2
1124,4,1,3,1967,1
2105,3,3,3,2005,2
2306,4,1,1,1967,5
2706,2,2,1,2013,3
1058,4,2,1,1993,1
2567,2,2,2,2010,4
1283,4,2,2,1998,1
1105,5,2,3,2008,1
2128,4,1,2,2005,3
2462,2,3,3,1998,3
1227,2,1,2,1958,4
2723,2,1,3,1982,3
2605,3,3,1,2005,4
1317,2,2,1,1979,1
2487,3,1,1,1995,3
1801,2,3,3,1958,2
2622,3,3,3,1972,4
2905,4,2,2,1953,4
1873,4,1,3,1993,4
1471,2,3,3,1990,2
2079,3,1,2,1995,4
1624,5,1,3,1976,4
1012,5,2,3,1960,1
2463,5,1,1,1969,4
2041,4,2,2,1980,3
1972,3,2,3,1997,4
1112,2,2,2,1968,2
1228,4,3,2,2020,3
1170,2,2,1,2001,1
1294,5,2,1,1965,2
1188,5,3,1,1973,2
1425,2,2,2,2019,2
1976,3,1,2,1988,2
2102,5,2,2,1964,3
1657,3,2,2,1953,1
1918,5,1,3,2005,3
1498,5,3,2,1971,3
2821,3,3,3,2015,5
1761,4,1,1,1969,3
1865,5,3,2,1953,2
1825,4,2,3,1997,3
2731,4,3,2,2004,4
2858,5,2,3,2020,4
1247,2,2,3,1973,3
1145,3,2,1,1960,1
2641,3,2,3,1965,4
2798,5,3,3,2014,4
2319,4,2,2,1962,2
1581,4,1,3,1955,2
2529,2,1,1,2007,5
1192,4,3,3,1983,4
2091,4,1,2,1999,4
1493,3,2,2,1977,2
2840,4,3,1,2019,5
1051,4,3,3,2009,2
1881,5,2,3,2007,2
1362,4,1,2,2019,3
2820,2,2,2,1969,4
1916,2,1,3,1989,2
1473,3,1,1,2011,2
2869,3,1,2,1954,5
1520,5,1,3,1987,3
2454,4,2,2,2015,4
2867,4,3,3,2020,5
2321,5,3,1,2014,4
2458,2,3,2,1955,2
2719,4,2,1,1966,4
1690,4,2,1,1975,3
2221,5,3,1,1956,4
2151,2,1,1,1997,5
1531,3,3,1,2014,1
2434,4,3,2,1985,4
2957,2,1,3,2019,5
1839,5,1,2,1968,3
2088,5,1,3,1955,3
2717,2,2,3,1979,4
1240,5,1,3,1984,3
2392,3,3,1,2006,5
1535,2,3,1,1966,2
2407,3,3,3,2011,5
2454,5,3,3,1959,5
2990,3,1,3,1967,4
1082,3,2,3,1953,2
1981,3,3,1,2021,4
2854,3,1,2,1973,5
2720,2,1,2,2013,4
1950,5,2,1,1991,5
1610,4,1,1,2006,3
1573,3,3,1,1987,2
1285,3,3,3,2001,2
1988,4,2,3,1965,4
2557,4,1,3,1996,4
1458,3,3,1,1990,3
2235,5,1,2,1976,4
1125,4,1,1,1998,2
2436,3,3,2,1975,4
1424,2,3,3,1955,1
1553,4,2,1,1950,3
1609,4,2,1,1968,3
2566,2,3,2,1955,5
2181,5,3,2,2018,4
1111,4,1,3,1988,1
1401,2,3,1,1980,3
2782,3,3,3,1988,4
1121,4,3,1,1956,1
1272,5,2,3,1954,1
2317,5,1,3,1977,4
1397,5,3,2,2019,1
1470,5,2,2,1989,4
1984,5,2,1,1967,3
2230,4,1,2,1966,4
2133,2,3,1,1950,4
2463,5,2,1,1968,5
2301,5,2,2,1954,3
2591,3,2,1,1951,5
2910,2,3,1,1960,2
2963,2,3,2,1972,4
2505,2,2,2,1984,4
2137,5,2,2,1980,4
2916,4,1,3,1951,4
1896,2,1,1,1959,2
1819,3,3,2,1997,2
1852,5,1,1,1954,3
2500,5,2,3,1977,4
1709,5,3,3,1957,4
2956,5,1,3,2017,5
1320,2,1,2,1958,1
1178,5,1,2,1963,2
1896,3,2,3,1989,3
1218,3,2,1,1958,2
1788,2,1,2,1958,3
2972,5,3,3,2001,5
2551,3,2,1,1990,4
2077,4,3,1,1976,4
2703,5,1,3,1955,4
1537,4,1,3,1971,2
1847,5,1,1,1975,4
1987,5,1,3,2019,3
1064,3,3,2,2014,2
2635,4,1,3,1964,5
1585,4,2,1,1965,1
2296,4,2,1,1958,5
2912,3,1,2,2006,4
2722,3,1,2,1975,5
1534,5,1,1,1978,2
2414,2,2,1,2014,3
2963,2,2,2,1993,5
1692,2,1,1,1966,3
2350,5,2,3,1966,4
2870,2,2,3,1960,5
2185,5,1,2,1977,5
1813,4,2,3,2015,3
2004,3,1,2,2006,3
1451,4,3,2,1969,1
2229,2,3,3,1969,3
1589,5,1,3,1985,2
2039,3,2,2,2002,1
1658,5,1,2,1963,3
1001,5,3,3,1963,1
2033,2,1,2,1988,3
1433,3,3,2,1953,3
1124,5,3,2,1959,1
2104,3,2,3,2000,2
1484,3,1,2,1973,3
1651,4,3,2,1979,2
2861,2,3,3,1980,5
2173,2,2,2,1995,4
1799,3,3,3,1973,2
1872,4,2,1,2011,2
2363,3,3,1,1981,3
1128,2,1,3,1957,1
1437,2,1,2,2018,3
1750,3,1,1,1969,3
1500,3,2,1,1964,3
2081,3,1,3,2008,5
2221,2,2,3,1958,4
2937,3,2,1,1999,4
1901,5,3,2,1993,2
2120,3,3,3,1972,2
2302,4,2,1,1973,4
1534,2,2,2,1965,1
2433,3,3,2,2005,5
1460,3,3,3,1971,3
1390,5,1,1,1972,2
2870,5,1,1,1968,4
2067,2,3,3,1982,2
1026,5,1,2,2008,1
1793,5,3,3,1990,4
2120,2,3,3,1988,4
1974,4,1,1,1951,4
1547,3,3,1,2001,3
1620,3,3,3,2006,2
1566,5,1,2,1966,3
1703,3,2,2,2008,1
2242,5,2,2,1960,2
1184,2,3,3,1954,1
2092,2,1,3,1990,3
2852,2,1,1,2021,5
2153,3,2,3,2013,2
2590,5,3,1,1990,5
2913,5,2,2,2006,4
2632,3,2,3,2012,4
1847,2,3,1,1976,5
1598,4,3,2,2004,2
1805,5,3,1,1979,3
2654,5,3,3,1983,5
2743,3,3,2,1991,4
2948,2,3,2,1961,5
2177,5,1,3,1978,4
2570,3,1,3,2009,2
1078,4,2,3,2005,1
1578,3,2,2,1995,3
2878,4,1,3,2007,3
1545,4,3,1,1968,3
2632,5,2,2,1990,5
1168,4,1,1,2006,1
1680,2,3,1,1979,3
2686,5,1,3,1971,4
1514,5,1,3,1954,1
2337,4,1,1,1968,2
1031,5,2,1,1995,1
1286,3,1,1,1972,2
1593,4,2,2,1982,2
2066,3,3,1,2016,1
1616,3,1,2,1969,2
2024,3,3,3,2018,2
2596,2,2,2,1966,3
1269,4,2,2,1996,3
2203,3,1,3,1988,4
2759,2,3,2,1966,4
1517,5,2,3,2006,3
2126,3,2,1,2019,1
2033,3,1,2,2015,3
1582,2,3,3,2019,4
2113,5,2,2,2015,3
1669,2,1,3,1952,4
1916,4,2,1,1959,3
1125,2,1,2,1962,2
1955,4,3,3,1954,2
2232,3,1,1,1960,5
2120,3,3,1,1983,4
1073,5,2,3,1983,2
2650,3,2,1,2004,4
2214,5,2,2,1976,5
2705,5,1,2,1979,5
2983,5,1,3,1952,5
2739,3,1,3,1973,4
1055,5,1,3,1989,2
1719,5,3,2,1978,3
1552,3,3,2,1986,3
1031,4,2,1,1969,1
2550,2,1,3,1951,4
1573,3,3,3,2021,2
1666,5,1,1,1965,3
1283,2,2,1,1976,2
2744,4,2,3,1982,3
2855,3,1,2,1991,4
2517,5,2,2,1961,2
1186,5,3,3,1951,2
1497,3,3,2,1963,2
2465,5,3,3,1996,2
1638,5,2,2,1975,3
2315,2,3,2,1971,1
1113,2,2,3,2014,1
2222,3,2,3,2017,4
1012,5,1,3,2001,1
2294,2,2,3,1987,3
2238,2,2,1,1980,4
1443,4,3,3,2006,2
2813,3,1,3,1971,4
2535,3,2,2,1951,5
1446,3,2,3,1955,3
1985,2,1,3,1964,4
1992,4,1,2,2003,2
1714,2,3,2,1967,2
1073,3,3,3,1957,1
1536,2,2,2,1977,2
1100,3,2,1,1976,2
1175,5,2,1,2002,4
1426,2,2,1,1976,1
2140,5,1,1,1961,2
2189,2,1,1,1976,3
1040,3,2,1,1980,2
1428,5,2,1,1982,2
1343,2,3,2,1950,1
2447,3,2,2,1962,2
1365,2,3,2,2007,3
2143,5,3,2,1971,2
1608,2,2,2,1964,4
1656,2,1,1,1956,2
1727,5,3,3,1951,1
1228,3,3,3,2015,1
1824,2,2,2,1956,4
2153,2,1,3,2013,2
2375,4,3,3,2018,2
1888,4,2,1,2005,1
2341,3,1,1,1953,5
1983,5,1,3,1989,3
2672,3,1,1,2014,5
1835,3,3,1,1965,2
2360,3,1,3,1973,5
2296,2,3,1,1951,3
1116,2,2,2,2017,1
1817,3,1,2,2015,3
1367,3,3,3,2000,3
2117,4,1,3,1985,4
1167,5,3,2,2015,2
1953,3,2,1,1976,4
2364,3,2,1,1958,3
1660,5,1,1,2014,2
2937,3,3,3,2009,4
1694,5,2,2,1964,2
1924,2,1,2,1956,2
1151,5,2,2,1994,1
1585,3,1,2,2014,1
2900,4,2,2,1950,3
1912,2,3,2,2019,2
1273,4,2,1,2020,2
2577,3,1,2,2011,5
1495,2,2,3,1966,4
2747,4,2,3,2011,3
1556,4,1,2,1988,3
2105,5,1,3,1992,3
2552,5,2,3,1953,5
1072,3,1,3,2017,1
2037,4,1,2,1993,5
2456,3,1,3,2007,3
1156,4,3,2,2014,2
1734,2,3,2,1996,2
2361,3,1,2,1970,5
2018,4,3,3,2005,5
2427,3,1,1,1960,4
2399,2,3,1,1969,5
2911,4,2,1,1989,4
1558,4,1,3,1977,2
1106,4,2,3,1958,1
2643,2,2,2,1995,4
2228,3,3,3,2010,5
2102,4,3,2,2003,5
1154,2,2,2,1969,1
2806,5,2,2,1955,5
1987,3,2,2,2000,3
1996,2,3,2,1986,1
1530,2,2,3,1957,4
1857,3,1,2,1985,2
2971,2,2,3,1956,4
1537,2,1,3,2018,2
1728,5,1,1,2005,4
2177,5,1,1,1986,2
1153,5,3,2,2001,4
2456,4,1,2,1986,5
1337,5,1,3,1955,1
2503,5,1,3,1992,3
2716,2,1,2,1957,5
2154,4,2,1,2005,4
1449,5,2,2,2005,2
1809,2,1,1,1986,2
1786,4,1,3,1975,2
1272,5,1,1,2018,2
2952,2,1,1,1969,5
1587,4,3,2,2017,3
1176,5,2,1,1968,2
2719,4,2,1,2018,4
1830,4,3,3,1986,3
1642,2,1,1,2014,2
2898,3,1,2,1959,5
2072,4,2,3,1957,5
1566,4,3,1,1999,2
1665,4,1,1,2005,2
2378,4,2,3,1960,3
2735,4,2,1,1954,4
2331,3,2,3,2003,4
2908,3,3,2,1999,3
2653,2,3,1,1955,4
2798,3,3,3,2016,3
2069,2,3,3,1992,4
1301,5,3,2,1985,3
1867,4,2,2,2004,3
1911,2,2,2,1957,3
1407,2,1,3,1958,2
2212,4,1,3,2004,2
1821,5,1,2,1993,2
2853,4,3,2,1964,3
2152,2,3,2,1963,2
1560,2,1,2,1971,3
2560,4,1,3,1964,5
2289,3,3,2,1997,3
2141,4,3,3,1961,3
1463,2,2,2,2021,1
1143,2,1,1,1971,2
1441,2,3,1,1996,3
2223,5,2,3,1956,5
2180,4,2,2,2002,5
1486,5,3,2,1953,1
1859,4,3,2,2006,3
2157,5,2,2,1955,3
2935,3,2,1,2000,3
1147,2,3,3,1979,2
2359,2,1,1,1950,3
2256,2,1,2,2005,3
2357,5,1,3,1993,4
1810,3,1,3,1986,1
1665,5,1,1,1977,1
2357,4,3,2,2019,5
1198,2,2,3,1951,1
2184,5,2,1,1984,3
1537,4,2,1,1970,4
2144,5,2,1,1996,2
1300,5,1,2,1980,3
1723,5,3,2,1963,2
2598,4,2,3,1957,5
1962,3,1,2,1991,2
2459,5,1,3,1981,5
1067,5,1,1,1965,1
2788,4,3,3,1986,3
2945,2,3,3,1987,2
1458,3,3,1,1960,4
2537,4,2,1,1950,2
1397,2,2,2,2014,2
1619,4,3,1,2002,1
2309,4,3,1,2003,3
2163,3,3,1,1966,3
1729,3,1,2,1964,2
1555,3,2,1,1951,2
1780,5,2,3,1987,3
2613,4,1,1,1986,4
2751,3,1,3,2011,5
1893,5,1,2,1971,2
1609,2,3,1,1961,3
1747,3,1,1,1952,3
1281,4,1,2,2017,1
1660,5,3,1,1968,2
1923,3,3,1,1984,3
2839,4,2,2,1961,5
1995,5,1,3,1959,4
2601,2,2,1,1964,4
1745,3,1,1,1962,2
2480,3,2,3,1964,3
1086,4,3,2,1957,1
2102,5,3,2,2020,2
2228,3,1,1,1974,5
1790,4,2,2,2014,3
2360,2,1,3,2009,3
2277,3,3,3,2011,4
1303,4,1,1,1990,1
2403,5,3,2,1978,5
1129,3,3,3,1952,2
1595,3,3,3,1977,3
2299,2,2,3,1999,2
2722,4,2,3,1981,3
1557,5,2,2,1974,3
1898,2,2,1,1969,2
2206,2,3,2,2021,3
2291,2,3,1,1971,4
2831,4,3,3,1974,5
2345,4,2,3,1986,3
2535,3,1,3,1959,5
2635,4,1,1,2016,5
1077,2,2,2,1995,3
1783,4,2,3,1976,3
2362,5,2,1,1980,5
1673,3,2,3,1967,4
2579,2,3,1,1968,5
2157,3,2,3,1994,3
2996,3,3,2,2012,4
2215,4,3,3,1956,2
2379,3,3,2,1982,4
1277,4,2,2,1984,4
2041,2,3,3,1987,3
1523,3,2,1,1960,2
1179,5,3,2,1950,2
1122,5,3,3,2005,1
2269,2,2,2,1970,4
2396,4,2,1,1950,3
2074,3,1,2,1978,2
2094,3,2,1,1962,3
1479,5,3,2,2003,2
2583,5,2,1,1998,4
2042,4,1,3,1988,2
2797,5,3,1,2015,5
1083,4,2,1,1977,1
2178,2,2,2,2017,4
1564,2,3,3,1999,3
1618,5,1,3,1981,2
1356,3,2,1,1997,2
1815,5,1,3,1998,2
1646,5,2,3,1974,2
1442,5,2,1,2002,2
2092,3,2,3,2018,3
1522,5,1,1,1964,2
1142,3,3,3,1979,1
1191,5,2,3,1953,2
2410,3,3,3,2017,3
1377,3,2,2,2021,2
1580,3,2,1,1963,3
1534,3,1,3,1966,3
2716,3,3,3,1955,4
2316,2,3,1,1961,4
2032,4,1,1,1987,3
2294,4,3,1,1954,4
2410,3,2,3,1962,4
1092,4,2,1,2006,1
1528,5,3,3,1978,2
2177,2,3,3,1994,3
1404,5,1,1,2018,2
1839,5,3,1,2000,4
2172,3,3,2,1966,3
1888,5,2,2,1995,4
2290,2,1,3,1994,3
1421,5,3,3,1961,2
2863,2,3,1,1972,5
2641,2,1,1,1988,2
1471,3,2,2,1987,2
1892,2,1,2,2007,2
1546,5,2,2,1992,1
2549,2,3,2,2014,4
2526,2,1,1,2020,3
2037,4,3,1,1958,1
1777,3,1,2,1973,3
2675,4,1,1,2017,4
2829,2,1,1,2013,4
1363,4,3,1,2008,3
2261,5,3,1,1974,4
1545,2,2,1,1952,2
2192,4,2,2,1953,4
1633,3,3,2,1978,3
2936,5,2,2,1985,5
2680,5,3,1,1955,4
1962,3,3,1,2014,4
1957,5,1,3,2020,3
2758,4,3,3,2013,3
1882,4,3,1,1997,4
2792,5,3,2,1987,5
1779,3,3,2,1990,3
1870,2,2,3,2011,1
1515,2,2,2,1969,2
1937,2,3,3,1971,2
2420,2,3,2,1964,3
1865,4,1,1,2011,1
1105,2,2,2,2016,1
2108,4,3,2,1999,3
1213,4,1,2,1962,2
2144,2,1,3,1980,2
2155,2,3,3,1960,3
1849,2,1,2,1979,3
1196,5,1,1,2010,2
1018,5,1,1,1985,1
1641,3,2,1,1972,2
2035,4,1,3,1964,4
2104,2,1,1,1999,2
1329,5,3,3,1987,1
1865,3,3,2,1987,4
1773,4,2,3,2016,4
1391,4,3,1,2010,3
1636,4,2,2,1972,2
1306,5,1,2,1970,3
2290,2,1,2,2004,2
2470,2,1,2,2008,2
2464,4,3,1,1954,5
1894,4,2,2,1974,3
1651,3,3,3,1959,3
1840,3,3,2,1971,3
2025,4,2,3,2007,3
1519,3,2,2,1980,2
2785,5,2,1,2010,4
2674,4,1,2,1983,4
1635,3,3,3,1979,1
2332,4,3,1,1984,4
1739,2,1,1,2014,1
1468,4,3,1,1983,3
2135,4,3,3,2004,5
2031,2,3,2,1954,2
1803,3,3,3,1956,4
1476,2,2,3,1996,2
1873,5,2,2,1974,4
1459,5,3,2,1950,1
1252,3,2,2,1970,3
2549,4,1,1,1981,2
1751,5,1,1,2000,2
2461,3,3,1,1957,2
2777,5,1,1,1995,4
1980,3,2,2,1987,3
1853,5,2,2,1953,4
2684,3,1,2,1950,4
1235,5,3,1,2010,3
2329,4,1,2,2006,5
1477,2,2,3,2013,1
1678,5,3,2,1996,4
2043,3,2,1,1954,2
1854,5,3,3,2013,3
1134,3,3,2,1985,1
1904,2,2,1,1984,2
2152,3,3,1,1951,2
1409,5,3,3,2020,2
2445,3,1,3,1964,2
2317,3,1,1,1958,4
2269,2,2,3,1971,3
2724,5,3,3,1987,3
2579,5,1,2,1973,4
1555,4,3,1,1966,3
2865,3,2,3,1977,4
2398,3,3,3,1953,2
2469,3,1,3,1995,4
1377,5,3,3,1970,2
2413,5,1,3,1954,3
2680,3,3,3,2004,5
2074,5,3,1,1961,3
1241,2,1,2,2021,2
2317,2,1,1,1962,2
1919,5,1,2,2006,4
2586,3,2,2,2007,5
1265,3,1,1,2019,3
2143,3,3,3,2021,3
1711,3,2,1,1964,2
2940,5,2,3,1963,5
2271,4,2,2,1977,4
1069,4,2,2,2011,1
2876,3,1,2,1968,5
1056,3,3,3,1997,1
2405,3,3,3,2004,4
1038,4,2,2,2006,2
1800,2,2,2,1984,3
2466,4,1,1,1992,4
2041,5,3,3,1991,4
2975,4,1,2,1970,5
1731,5,2,2,2016,2
1824,3,2,1,2014,4
1755,5,2,1,2009,2
1351,3,3,3,1980,1
2995,2,3,1,1983,5
2839,3,2,3,1976,3
2321,3,3,2,1980,4
1282,2,2,2,1985,1
2609,3,3,2,1983,4
1109,3,3,1,1994,3
2016,3,2,2,1992,3
2203,4,3,3,2001,2
2961,5,2,2,1953,4
1543,3,1,3,1952,3
2769,4,3,1,1982,4
1842,3,2,1,1987,4
1790,5,3,1,2012,4
1737,4,3,3,1963,1
1056,4,3,1,1995,1
1179,3,2,2,1992,3
1231,2,3,2,1950,3
2917,5,1,3,1997,5
1342,3,3,1,1980,2
1476,4,2,1,2019,1
1575,5,1,1,1979,3
2255,5,2,3,2004,4
1288,4,2,1,1997,3
2236,2,3,3,1987,3
1257,2,2,1,1997,2
1529,4,3,1,2006,2
1686,4,2,2,1977,2
1928,3,1,3,1985,3
1228,4,3,2,1961,2
2249,4,2,2,2014,3
1595,5,2,3,1968,2
2826,3,3,2,2019,5
1434,5,1,2,1955,4
1881,3,2,2,1997,3
2020,3,3,1,1977,1
2781,2,1,2,1980,3
1401,2,2,1,1998,1
1583,5,3,1,1969,3
2916,4,3,2,1968,5
2565,5,1,3,1951,4
2707,2,2,2,1976,4
1905,5,1,1,1995,5
1342,5,1,2,1958,1
1435,5,3,1,1998,1
1176,4,2,3,2005,3
1138,5,1,3,1961,1
1193,3,1,1,2010,1
2209,5,1,3,2011,4
2241,2,3,2,1992,5
2187,5,3,2,1959,4
2184,2,2,1,1975,2
1942,2,3,3,1958,1
1524,4,2,2,1967,2
2624,2,3,3,2010,3
2859,3,3,2,1963,4
2065,5,1,3,1976,3
1914,5,3,2,2008,2
1209,2,2,3,1985,4
1740,4,3,1,1966,1
1861,4,1,2,1961,3
2298,5,1,2,1963,3
1953,5,2,3,2019,2
2302,4,2,1,1959,4
2274,4,1,2,1992,5
2743,5,2,1,1957,5
1832,5,2,3,1985,2
1139,5,3,3,2018,1
1791,4,3,1,1983,2
1545,2,3,3,2014,3
2844,3,1,2,1954,5
2016,4,1,2,1975,3
2927,4,3,1,1995,5
2553,3,2,2,1991,4
1056,5,2,1,1983,3
1111,2,1,3,2000,2
1004,3,1,1,1987,2
2433,2,2,2,1971,4
2437,5,1,2,1977,4
2205,2,1,1,2004,4
2036,5,2,2,1961,4
2362,4,3,1,2010,4
2820,5,2,2,1993,5
2282,3,1,1,2015,4
1089,3,3,2,2014,1
1615,5,3,2,1991,2
1890,5,2,1,1994,3
1697,4,3,2,1964,2
2273,4,3,2,1961,3
2278,5,2,3,2005,4
2611,2,3,3,2007,4
1897,4,3,3,1985,2
1970,3,2,1,1977,4
2131,4,2,1,2021,3
1667,4,1,2,1952,4
1593,4,1,2,2003,3
1484,5,1,2,2001,2
1981,4,2,1,1998,2
1971,2,1,1,1992,2
2281,4,1,2,2020,3
1638,4,3,2,1954,3
1996,3,1,1,2003,3
2926,4,3,2,1983,5
1281,3,1,1,1968,1
1985,3,3,3,1982,2
2111,5,1,1,2016,3
2227,3,1,1,1995,4
1015,3,3,2,1954,2
2174,2,3,3,1951,4
1935,2,2,1,2019,3
1253,3,2,3,1953,1
2211,5,3,3,1969,2
1328,2,1,2,1950,1
1543,2,2,1,1983,1
1782,5,2,3,1978,2
1996,4,2,3,1994,1
2420,2,2,1,2001,3
2540,3,2,1,1979,4
2482,3,3,1,2001,2
2353,3,2,1,1960,3
2843,5,3,3,1986,4
1844,3,3,3,2009,3
2192,4,1,2,1974,3
1365,2,2,3,1953,3
2201,5,1,3,1972,3
1654,3,2,1,1955,2
2385,5,2,1,1977,4
1759,5,3,2,2013,2
1638,5,3,3,2007,2
2798,5,1,3,1982,4
2063,4,3,3,1975,3
1923,5,2,3,1974,3
2378,2,1,1,1985,4
1254,4,2,1,1969,3
2166,5,1,1,2002,5
2775,2,2,1,2018,3
2763,4,1,3,1981,3
1709,3,2,1,2014,2
1576,2,2,1,1963,2
1899,5,2,3,2011,2
2643,4,1,1,1968,4
1025,2,1,3,2008,3
1956,2,3,2,2010,3
1420,5,1,3,1966,2
2686,3,2,2,2000,3
2244,5,1,2,2010,3
2876,3,2,2,1965,5
1495,5,2,3,1975,2
2260,3,3,3,1950,3
1236,5,1,1,1978,3
2008,3,1,3,1971,3
1218,3,2,3,1981,1
2510,3,1,2,1956,4
2959,3,1,1,2010,4
1460,5,1,1,2001,3
1662,4,2,3,2021,1
1634,3,1,3,1962,2
2167,3,2,3,2019,4
1989,3,2,3,1963,3
1254,3,3,1,2014,1
1067,2,2,2,1969,1
1335,3,3,1,1956,2
1670,3,2,1,1972,3
1820,3,3,2,1988,2
1873,4,1,1,1956,3
1299,3,3,1,1994,1
2931,4,2,2,1953,4
2625,4,2,1,1984,3
1356,3,1,2,2009,2
1255,5,2,3,2002,1
2007,2,3,2,1972,3
1352,3,3,3,2006,3
2755,3,1,2,1957,4
2544,2,2,3,2019,3
1523,5,2,3,1989,3
2860,2,1,2,2015,5
1949,3,2,1,1978,4
1755,3,3,1,2001,5
1283,2,2,1,2016,1
2335,4,3,1,1998,4
1098,4,1,1,1975,1
1481,4,3,3,1963,3
1877,2,2,2,2014,1
2249,2,3,3,1999,3
2868,2,2,3,1985,5
1614,3,3,2,1955,4
1617,5,2,3,1968,3
2388,4,2,2,1992,4
1367,3,1,2,2017,1
2098,3,1,1,2001,3
2065,4,1,2,1971,4
1421,2,3,2,1987,1
1835,4,3,3,2007,3
2204,4,1,1,1976,3
1544,5,1,1,1955,2
1070,2,2,3,1961,1
2591,3,1,2,1998,5
2128,5,3,2,2011,3
2223,4,1,3,1961,4
2124,3,3,3,2002,3
1767,5,3,3,1960,2
1306,5,2,1,1998,3
2706,4,2,2,2019,3
1376,4,3,3,1961,2
1654,2,3,1,1952,2
1677,5,3,1,2008,3
1398,3,2,3,2001,4
2796,4,1,2,1953,5
2618,3,2,1,2005,2
1181,4,2,2,2014,3
1306,3,3,1,2017,2
1521,3,3,1,1958,2
2419,2,3,1,1967,4
2013,4,1,3,1966,3
1003,4,1,1,1968,1
1862,4,2,3,1970,3
2937,4,2,3,2020,5
1847,2,3,3,2008,3
1803,2,1,1,2003,2
2304,5,1,1,1970,2
1214,4,2,1,1992,2
1971,3,1,2,1988,3
2633,2,3,2,2020,4
2443,3,1,2,1952,4
1962,3,3,2,2020,3
2544,5,3,1,1979,3
1572,5,3,1,1997,2
2332,4,1,1,1990,3
1657,2,1,3,2015,2
1938,4,3,3,1970,3
2533,5,2,1,1979,5
2086,3,3,1,1959,2
1225,3,2,3,1991,2
1104,5,1,3,1968,2
1771,4,2,1,1974,3
2884,2,3,1,2018,4
2448,5,3,2,1953,5
2278,5,1,1,1967,5
1428,2,1,1,1966,2
1433,5,3,1,1964,3
2230,3,1,2,1966,4
2051,3,2,2,1966,4
1681,3,2,1,1997,3
2359,4,1,2,1978,2
1587,3,3,2,1982,3
2651,5,2,3,2013,4
2092,2,1,1,1984,1
1865,3,1,3,1961,3
1745,3,3,1,1998,2
2536,4,1,1,2002,3
2190,5,2,2,1992,3
1863,2,1,1,1954,1
2753,5,3,2,2007,5
2808,3,1,2,1994,3
1367,5,2,3,1999,1
1250,2,2,2,1983,3
1858,3,1,3,2015,3
1855,5,3,2,1975,2
2954,2,2,3,1950,5
2709,3,3,1,1954,4
2193,3,3,1,1981,4
2113,4,3,1,1959,3
1560,2,1,1,1994,2
2469,5,3,2,2008,4
1293,2,2,1,2007,2
1918,5,3,1,2010,3
2173,2,1,1,1954,2
2155,2,1,3,2000,4
1432,5,3,1,1992,1
1058,4,3,1,1990,1
1968,2,3,3,2013,3
1835,5,2,2,1964,2
1198,5,1,2,1990,1
1214,5,3,3,2014,3
1897,3,1,3,1984,4
1471,5,1,1,1985,3
2767,3,1,2,1987,3
1990,5,1,3,1970,2
2262,2,2,1,1965,4
1926,3,3,1,1952,3
2390,3,1,1,1973,3
2191,4,1,1,1965,4
1559,4,3,2,1985,3
2074,4,3,1,2014,5
2633,5,2,1,1998,4
2751,3,3,3,2012,4
1688,4,3,3,2007,2
1379,3,2,1,1991,2
1473,2,2,1,1960,2
2103,5,2,1,1952,2
1696,3,2,3,1993,1
2390,2,2,2,1999,4
1910,2,3,3,1978,2
2562,3,3,2,1972,3
2475,3,3,3,1970,4
2487,5,1,1,2021,4
1959,3,2,2,1970,2
1477,3,2,1,1973,3
2003,4,3,3,1961,4
1925,3,2,3,1997,4
2443,5,1,3,1988,3
1706,3,1,2,1968,3
2237,5,1,2,1998,4
2392,4,3,3,1984,4
1853,5,2,2,1954,3
2137,4,1,3,2019,4
2016,4,1,3,2001,3
1753,4,2,3,1991,4
1502,4,2,2,1950,1
2659,4,1,2,1983,5
1816,5,1,1,2005,2
1587,4,2,2,2002,4
2334,4,3,1,2008,4
2492,4,2,1,2004,5
2847,4,3,3,2019,4
1707,4,1,2,1979,3
2886,2,3,2,1970,4
2067,3,3,1,1978,4
2438,3,1,3,2013,4
2721,4,1,3,1972,5
2269,2,2,3,1958,2
2972,4,2,1,1957,5
2107,2,1,2,2013,3
1206,3,1,2,1982,2
1150,5,2,3,1999,3
1667,3,2,2,1966,2
1527,5,1,1,2007,3
1164,5,2,1,1965,2
1916,5,3,2,1962,2
2998,4,1,1,2018,5
2168,2,3,3,1963,4
2009,5,3,1,1967,3
1036,2,3,1,1983,2
1332,3,3,2,1983,2
1402,5,2,1,1989,1
1413,3,1,1,1973,1
1044,2,2,1,1967,1
2425,2,3,3,2015,5
1205,3,3,3,1966,1
1061,2,3,2,1950,3
1419,3,3,3,1973,4
1867,2,1,1,1976,3
1819,3,1,1,1960,2
1018,5,3,3,1954,1
1364,5,3,1,1987,1
2323,5,1,2,1956,4
2030,2,1,3,1974,3
1427,2,2,2,2006,2
2140,5,3,2,1979,3
1579,4,1,2,1988,2
1545,5,3,3,1971,1
2729,5,2,1,2010,3
1324,4,3,1,1982,1
1054,4,1,1,2002,1
1777,3,1,3,1979,1
1991,4,2,2,1993,4
1041,3,2,3,2009,1
1452,4,1,2,1997,3
2913,2,2,1,2012,4
1393,2,2,2,2018,1
2545,3,1,1,2005,3
2381,4,1,2,1981,3
2467,4,3,1,1989,3
2151,2,3,2,2000,2
1690,4,3,3,2010,4
2428,4,1,1,1992,4
1391,3,2,2,2001,1
2216,5,3,3,1955,4
1603,2,1,2,1965,3
1880,5,3,3,1991,3
2766,4,3,2,1975,3
2101,4,3,3,2009,4
1084,3,2,3,1992,1
2053,5,1,2,2002,3
2748,5,2,2,1965,4
1048,3,3,3,2002,4
2800,5,3,1,2016,4
2168,3,2,3,1968,3
1068,3,3,2,1974,2
2081,4,3,3,1969,3
1696,4,2,3,2001,3
2597,4,1,1,1959,4
1478,3,3,1,1970,3
1819,4,3,2,1956,3
2319,2,2,3,1982,3
2701,4,2,2,1950,3
2194,3,3,2,2003,3
2598,2,3,2,2003,5
1146,4,2,1,1992,1
2507,2,3,3,1973,4
2329,2,2,1,2018,3
2696,2,2,3,2018,4
2676,5,2,2,1975,4
2869,2,3,2,1965,4
2015,4,2,3,1991,2
1608,2,1,2,2019,1
1445,4,1,3,1950,1
1220,2,2,1,2005,3
2578,2,1,3,1967,3
2968,5,2,1,1967,5
2827,2,3,2,1968,5
2401,4,3,2,1963,5
2643,5,3,3,2007,5
2289,5,2,3,1988,3
1094,2,2,3,2020,2
1261,2,1,2,1966,2
2848,3,1,3,1953,4
1896,2,3,3,2017,2
2094,3,2,1,2003,3
2977,4,1,2,1988,5
1218,2,3,3,1962,3
1091,3,1,3,1987,3
1126,3,1,2,2013,1
1079,5,1,3,2003,2
2847,5,1,3,1976,5
2261,2,3,2,2003,3
1982,4,3,1,2003,2
1915,5,2,1,1977,3
1485,5,2,2,1980,1
1693,3,2,3,2010,2
1024,2,3,2,2005,1
1155,3,2,2,1958,2
2540,4,2,2,1986,4
1631,3,2,2,2005,1
2553,3,3,1,1995,4
2733,2,1,1,2000,5
2080,2,3,2,2014,2
2628,2,2,3,1955,4
1018,2,1,2,1993,2
2407,4,3,2,1972,4
2888,2,1,2,2009,5
2216,4,2,3,1968,4
1236,4,2,3,2012,1
2410,3,2,3,1963,4
2449,3,1,1,2020,4
1276,2,3,3,1963,1
2250,5,1,3,2000,5
1744,5,1,3,1989,3
1551,2,1,3,1966,1
2346,4,2,1,2007,3
2176,3,1,1,1988,3
1638,2,1,1,1951,3
1997,4,3,1,2011,4
1054,3,1,2,1962,2
2459,5,1,1,1990,4
1683,5,2,1,2005,2
2889,2,1,3,1976,5
2207,2,2,3,1979,4
2974,2,1,1,1980,5
2391,2,1,3,1973,3
2221,5,3,2,2000,4
1972,4,3,2,1966,3
2520,5,1,1,2002,3
2622,4,3,2,1983,4
1200,4,1,1,1963,2
1848,2,3,3,1977,1
1508,4,1,3,1960,3
2345,3,2,3,1987,4
1210,5,1,1,2003,1
1503,3,3,2,1956,1
2926,5,2,3,1967,5
2141,2,3,3,1982,4
1702,2,3,1,2011,1
2577,5,2,1,1960,4
1041,4,2,2,1998,3
1314,5,3,1,2007,2
1787,3,1,2,2004,3
1328,4,2,2,1967,1
2040,2,1,3,1999,2
1942,3,2,1,1964,2
1257,2,1,2,1953,3
1574,4,1,2,1987,2
1573,2,1,2,2013,1
1611,3,1,2,1995,2
2042,3,3,3,1992,2
2552,3,1,1,2012,4
1836,2,1,2,1987,3
1422,5,1,1,1955,1
2489,3,1,1,1979,5
2396,3,3,3,2018,4
1757,4,3,1,1960,4
1762,5,3,3,1962,2
2990,4,2,2,2009,4
2104,3,2,1,1966,3
2574,5,3,2,2004,4
2571,4,2,2,1957,5
1423,2,3,3,1951,2
1428,4,1,3,1968,3
2411,5,3,2,2000,4
2732,5,2,1,1971,5
2693,5,3,2,1960,5
1203,4,1,1,1965,2
1195,4,3,2,1984,2
1727,2,3,1,1957,2
1284,4,3,3,1954,1
1195,3,2,1,1965,2
1306,4,2,1,2020,3
2687,4,2,1,2006,4
1013,5,3,2,1988,1
2860,3,1,2,1982,3
2169,2,2,3,1987,4
2961,3,1,1,2011,5
2080,5,2,3,1985,2
1722,5,1,1,1989,3
1779,5,3,1,2010,4
2233,5,3,3,2012,3
1528,3,2,1,2016,2
1797,3,1,1,1995,2
1343,3,3,1,1997,2
2634,5,3,1,1952,5
2302,4,2,3,1965,2
1208,4,1,2,1981,2
1640,4,2,3,1969,3
2358,2,1,1,1979,3
2311,4,2,3,2009,5
1251,5,3,3,1989,1
2288,4,1,3,1982,4
1270,5,2,2,1975,1
2947,2,3,1,1996,5
1919,3,3,2,1997,2
2723,5,1,2,2011,4
1418,4,2,2,1965,3
2749,5,3,2,1978,4
1794,4,1,1,1980,2
2234,3,1,3,2011,3
2388,5,3,2,2011,5
2099,4,2,1,1975,2
2683,5,1,2,1967,2
2344,3,3,3,1994,3
1724,3,3,2,1954,1
1432,3,3,1,1954,2
1108,5,2,3,1956,1
1640,5,2,3,1958,2
2545,4,1,3,2012,5
2070,3,1,1,2006,3
1378,4,3,2,2008,3
1957,3,1,1,1962,2
1891,3,2,2,1959,3
1853,4,3,2,1979,4
2169,4,1,2,1985,4
2903,2,1,2,1953,4
2951,3,3,1,2010,4
2050,5,1,3,1981,3
2755,4,2,3,1994,4
1529,5,1,1,1980,5
1678,2,2,2,2005,2
2968,5,1,3,1991,5
1988,4,3,1,1962,3
2105,4,3,2,2002,2
1427,2,1,1,2003,2
2607,3,1,1,1992,3
1821,2,2,3,1973,1
2502,3,3,1,1972,4
2185,5,3,3,1988,2
2862,4,3,1,1970,5
1931,2,1,3,1996,2
2425,2,1,1,1959,4
2531,5,1,1,2008,4
2061,2,1,2,1990,3
2978,4,2,3,2012,5
1510,5,1,2,1984,4
1392,3,2,2,1965,3
1712,2,1,2,1983,1
1493,3,3,2,1983,1
2223,5,1,3,1993,3
2278,2,2,1,1955,2
2202,5,1,2,1970,3
1546,2,1,3,2020,3
1593,2,3,1,2005,3
1388,2,3,1,1974,2
2421,5,2,2,2001,5
2755,5,1,3,2000,4
1157,4,1,2,2007,3
2027,4,3,1,2011,3
1166,5,2,1,1997,1
2491,5,1,3,1978,3
1959,2,2,1,2001,3
1408,4,2,1,2017,3
2435,4,2,3,1993,5
2227,5,3,2,1992,3
1193,4,3,3,1990,4
1234,5,1,3,1977,2
1717,4,2,2,1970,2
2173,3,2,1,1951,4
2182,3,2,3,2003,4
2302,4,1,2,1965,4
1815,5,1,3,1987,2
1403,3,2,3,1993,2
1892,2,2,2,1955,3
1677,5,2,2,1966,2
2334,3,1,1,2001,5
1067,2,2,2,1955,2
1087,3,3,2,2017,1
1216,2,2,1,2002,1
1000,2,3,1,2000,2
2158,4,2,1,2018,3
2720,3,3,1,1985,5
2374,2,3,1,1952,4
1617,2,2,1,1961,2
1132,4,2,2,1972,3
2643,4,2,2,2008,5
1809,2,1,1,1965,2
2381,3,3,2,1999,5
1379,3,3,1,1985,1
1907,4,3,2,2021,3
2894,2,2,3,2015,4
1657,3,3,1,2012,3
1449,4,3,2,2007,1
1585,3,1,2,2001,2
1462,4,2,2,1983,2
1989,3,1,2,1992,5
2131,2,2,3,1956,3
1121,5,1,3,1972,1
1016,5,2,1,2009,4
2219,4,2,3,2019,1
1326,5,3,1,2014,2
1317,5,1,1,1967,1
1808,4,2,3,2013,2
2502,5,3,1,1977,5
2275,3,1,1,1956,3
1502,3,2,3,1950,3
1118,3,2,3,1983,2
2697,2,2,2,2001,3
1709,3,3,2,2017,1
2521,5,1,2,1981,5
2509,5,2,3,1992,2
1313,2,1,3,1958,2
2202,3,1,1,2019,4
2917,2,1,1,2007,5
1417,2,1,1,1990,3
1555,3,2,3,1970,1
2806,2,3,2,2014,5
2101,5,1,1,1993,3
1325,3,3,2,1985,2
2713,5,3,2,1967,4
2380,2,3,2,1993,3
2439,4,1,2,1958,5
2986,3,3,2,1958,5
1514,4,3,1,2018,1
1213,4,2,1,2007,4
2877,4,1,1,1984,3
2586,5,1,3,2011,5
2602,3,1,3,1998,5
1508,5,1,2,1999,3
1331,2,2,1,2002,1
2116,3,3,2,1970,3
1687,3,2,3,1972,2
1656,5,3,2,1960,2
2542,2,1,2,1989,3
2292,4,2,2,1956,4
2399,2,1,3,2001,4
2857,5,1,2,1997,5
2027,5,3,1,2000,4
2161,5,3,2,1970,3
2254,4,3,2,1956,3
1599,3,2,3,1970,2
2075,2,1,1,1972,3
2746,5,3,3,1964,4
1324,2,3,3,1988,2
1991,3,3,2,2006,4
2993,2,1,2,1994,4
2928,5,3,2,2005,4
2754,2,1,2,1978,3
1716,5,2,2,1965,3
1722,3,2,2,1956,4
1276,4,1,2,2009,1
1535,5,2,1,1970,1
2539,2,3,3,1951,2
1151,4,3,3,1963,3
1954,5,2,3,1985,4
2506,2,1,2,2017,4
1258,3,2,1,1986,2
1323,4,2,2,2001,2
2016,2,1,2,2015,3
1868,4,1,1,1955,3
2191,5,2,2,1988,2
1687,2,2,3,1967,2
1309,3,1,2,1980,2
1802,3,1,1,2011,1
2502,2,2,3,1954,5
2079,2,3,2,2001,3
1619,4,3,2,2011,2
1472,2,3,2,2014,1
2319,4,1,3,1955,3
1460,5,3,3,2002,1
2347,2,3,3,1988,2
1813,5,1,2,1962,3
1845,3,1,1,2017,3
1666,4,3,1,1959,3
2443,4,3,3,1976,4
2767,3,1,2,2001,5
2264,3,3,3,1964,4
1354,3,1,2,1984,1
2872,2,2,2,2017,5
1769,5,2,3,1961,3
2784,3,2,3,1990,3
2612,5,3,2,1972,5
1179,4,1,3,1991,1
1065,2,2,3,2005,2
1819,3,1,2,1977,5
2371,3,3,1,2017,4
1170,3,3,2,2019,3
1473,4,2,2,1966,1
1533,2,2,2,2003,2
2390,5,2,2,2020,4
2130,5,3,1,2016,4
1438,5,3,3,1968,1
1834,5,2,1,1996,4
1226,5,3,3,1979,2
2467,5,3,1,1987,4
1441,5,2,2,2000,1
1395,2,3,1,1981,2
1727,2,3,1,2018,3
2604,4,1,2,1999,4
1083,3,1,1,1970,1
2638,2,1,3,1967,4
2574,3,3,2,2000,3
2036,4,3,3,2014,2
2832,2,1,3,1962,4
2848,4,1,2,1985,4
1692,2,1,3,2011,2
1492,2,2,3,2007,3
2291,5,1,2,2007,4
2548,3,1,2,1950,3
2143,4,1,1,1960,2
1969,5,2,2,1998,3
1352,2,2,1,1976,3
2080,2,3,2,2005,2
1039,4,1,3,1978,1
2909,3,1,3,1988,4
2359,4,3,2,2010,4
1639,2,1,1,1993,2
1172,5,3,2,1981,2
2570,4,1,1,1961,3
2911,3,1,1,1997,4
1516,3,3,2,2015,2
1729,5,3,3,1968,3
1522,3,3,1,2003,2
1838,5,3,3,2019,2
1116,5,2,2,1964,1
1183,3,3,2,1955,3
2897,3,2,2,1951,5
2139,5,2,1,2006,3
1161,5,2,2,1989,3
2602,3,2,2,1962,4
2735,5,3,3,2009,5
1542,5,1,3,2005,3
2260,2,3,1,2003,5
1838,4,2,3,1963,2
2089,3,3,2,1995,3
2093,5,2,1,1952,3
2832,4,3,3,2006,4
1446,4,2,3,1976,2
1415,5,2,3,2018,1
1531,5,2,1,2002,2
1737,5,3,2,1986,3
2969,4,3,1,1955,4
1463,5,1,3,2015,1
1395,3,2,2,2000,2
1710,3,1,1,1985,2
2574,4,1,1,1979,3
2680,3,2,1,1951,4
2580,2,2,1,1977,5
1394,4,2,2,2017,2
1325,4,1,3,2009,2
2916,5,2,2,2000,3
2114,5,2,3,1990,3
1749,2,2,1,2009,1
2093,2,3,3,2003,3
2189,2,3,2,1993,4
1641,4,2,1,1992,3
2875,3,3,2,1952,5
2624,5,3,1,1993,4
2358,5,3,3,1988,3
1368,3,3,3,2020,1
2607,5,3,2,1991,4
2700,5,2,3,1977,4
1048,5,1,1,2005,3
2075,5,2,2,1999,5
2312,3,2,2,1976,3
2649,4,2,2,2010,4
2262,4,2,3,1966,4
1132,3,1,3,2006,1
1998,2,1,2,1994,4
1785,3,3,2,1985,4
2189,2,1,2,1979,2
2397,5,1,2,1973,4
2828,2,3,3,1997,4
2501,5,3,3,1956,4
2778,3,2,1,2012,4
1478,4,1,3,2003,3
1831,3,1,3,2017,3
1649,5,1,1,2002,4
2614,5,3,2,2015,3
1681,3,2,2,1987,3
2658,5,2,3,1979,3
1687,5,1,3,1953,2
2323,2,3,1,1969,3
1081,3,2,3,2007,2
1224,4,1,2,1962,2
1821,2,2,3,1971,3
2381,5,2,1,1986,4
1162,4,3,1,1963,1
2633,4,1,3,1959,5
2691,2,2,1,1973,3
1513,4,3,2,1980,3
1349,2,3,2,1978,2
1680,2,2,2,2008,1
2487,2,2,2,1951,5
2860,5,3,2,1971,5
2398,4,2,1,1950,4
2115,5,1,2,1957,3
1180,3,1,3,1990,1
1742,3,2,1,2015,2
2324,4,2,1,1958,2
1659,2,3,2,2002,3
2212,4,1,2,1956,5
2882,3,3,2,2012,5
2885,2,2,1,1981,5
2337,5,3,2,1950,2
1492,2,3,3,1972,2
1922,2,1,1,1960,2
2945,5,3,3,2004,5
2542,3,1,2,2006,4
2449,3,3,3,2018,3
2582,2,3,3,2011,5
1564,2,2,2,2019,2
2210,3,1,2,2007,3
1549,3,3,2,1961,1
1452,2,1,1,2020,3
1470,4,3,3,1954,2
1987,4,3,1,2015,3
1737,4,2,3,1954,2
2588,5,2,2,1993,4
2934,3,2,2,1954,5
1223,4,3,2,2021,3
1153,4,2,2,2016,2
1559,3,1,3,1968,2
2170,4,3,3,1951,4
2928,5,2,1,1983,4
2599,5,3,2,1954,4
1348,2,3,1,2011,2
1181,3,1,3,1959,1
1636,2,2,3,1951,2
2017,4,1,3,1999,1
1178,2,2,1,1955,1
2062,3,2,3,1981,5
1771,5,3,3,1953,2
1893,5,2,1,1972,4
2026,4,2,2,1954,3
2015,3,3,1,1959,2
1063,5,1,1,1963,1
1371,3,1,1,2018,2
2546,3,2,3,1990,4
2893,5,3,3,2003,4
2465,3,3,1,1995,2
2226,5,3,1,2002,4
2434,5,1,1,1983,3
1992,3,2,2,1984,3
1020,5,3,2,1977,2
2574,2,2,3,1969,5
1734,4,3,1,2018,4
2125,4,3,2,2005,4
2069,3,1,3,2005,3
1602,4,2,1,1984,4
2187,2,2,1,1957,4
2994,3,3,2,1982,4
2134,2,1,1,1979,4
1337,3,2,2,1982,2
2728,4,2,2,2009,3
1446,4,2,3,1972,3
1610,4,1,2,2005,2
2314,5,2,2,1992,5
1670,2,2,2,1960,3
2435,2,1,3,1969,2
1614,2,1,1,2020,2
1896,3,2,2,2019,3
1280,4,2,3,2010,3
2066,4,1,1,1982,4
2509,5,2,3,1957,4
1595,5,2,2,2010,4
2986,4,2,3,1971,4
1702,2,3,3,2005,2
2074,2,1,1,1997,3
2921,4,3,1,1970,3
1209,3,3,3,1970,1
1491,4,3,3,2003,2
2532,4,2,3,2008,2
1959,5,3,1,1955,2
1969,5,3,1,1974,4
1580,4,1,1,1981,3
1776,3,2,1,2010,2
1257,4,2,1,1984,2
2953,2,1,2,2011,4
2211,3,2,2,1974,2
1229,3,2,3,1998,2
1188,5,1,1,1957,2
2438,4,2,1,1992,3
2137,2,3,1,1983,3
2099,5,3,3,1978,3
1675,2,1,2,1992,3
1501,4,2,2,2009,1
1837,5,1,1,2004,2
2007,2,2,3,2012,3
1688,3,1,1,1980,1
1386,3,3,3,1993,1
1969,5,1,2,1976,3
2005,4,1,2,2009,4
2724,4,1,3,1993,5
2004,2,2,2,1990,2
2369,2,3,1,1995,3
2253,2,3,1,1998,2
1254,2,1,2,1958,1
1235,5,3,1,1987,1
2049,5,2,3,1951,1
2607,4,3,3,1968,5
2284,5,3,3,1963,5
2789,4,3,3,2013,4
1270,2,3,3,2003,2
1122,4,2,2,1972,2
1655,4,3,2,1954,1
2280,5,3,1,1977,2
2679,2,1,3,2000,5
2444,3,2,2,1959,4
1258,5,1,1,1960,3
1947,5,1,2,2020,3
1046,3,1,3,1973,1
1862,2,3,3,2018,2
1524,3,3,1,1994,1
1887,4,1,2,1957,4
1207,3,2,1,1983,2
2334,2,2,1,1983,2
1746,2,1,3,1999,2
1148,3,2,3,1995,1
2857,5,1,1,1951,5
1437,3,3,3,1991,2
1154,4,3,3,2015,1
2701,3,3,2,2010,5
2113,3,2,1,1951,4
2721,3,1,3,1980,3
2853,4,2,3,1996,5
1357,3,2,3,2010,2
2197,5,3,3,1957,3
2240,4,2,3,2001,4
2930,5,1,3,2021,5
1775,2,3,2,1992,2
2632,2,2,2,1964,4
1628,4,1,1,2007,3
2222,4,2,3,2018,3
1831,4,1,3,1962,4
1485,2,1,1,1965,2
1532,4,3,3,1987,2
1199,2,3,2,1952,2
1370,2,3,2,2014,4
2013,4,3,1,2008,3
2982,4,3,3,1996,5
1852,4,1,3,2019,2
2471,2,1,3,1988,3
1787,4,1,2,1999,3
1263,3,2,2,1950,1
2081,3,1,3,1973,3
2325,3,3,1,1962,4
1030,5,1,1,1979,1
2521,3,2,2,2001,5
2272,3,2,1,1950,5
1604,2,3,2,1978,2
2800,5,2,2,2021,5
2294,2,2,1,1983,4
2629,2,3,3,2011,5
2689,3,1,3,2015,4
2417,2,2,2,1967,3
2820,4,2,3,2011,5
1501,3,1,2,2010,1
2827,3,2,2,2001,5
2388,3,3,3,2015,4
1885,5,2,2,1957,4
1548,3,1,1,1959,4
2365,4,2,1,1973,4
1838,3,2,1,1976,3
2430,3,2,1,1969,3
2448,2,1,3,1968,3
2767,3,1,3,2008,5
2116,3,2,3,1968,4
1847,3,1,3,1952,4
1613,3,2,2,2007,3
1431,3,3,2,1986,2
1677,5,2,2,1988,3
1158,4,3,3,1986,2
1372,4,2,1,1972,2
1224,5,2,1,1975,1
2528,3,2,2,1950,3
2096,5,2,3,1956,3
2272,4,2,2,1962,3
1510,2,3,3,2002,3
1215,3,3,3,1985,2
2996,3,1,1,1970,5
2625,4,1,2,1969,4
2564,2,1,3,1969,5
2970,3,1,1,2013,4
2840,5,1,1,1950,4
2962,5,2,3,1993,4
1987,2,2,1,2012,1
2243,4,2,1,1982,3
1839,3,2,2,1968,5
1726,3,3,2,1990,2
2244,3,3,3,2002,4
2412,2,2,3,1973,2
1553,5,2,3,2004,2
2670,4,1,1,2002,5
2065,2,1,3,1987,4
1675,2,1,2,1986,1
1872,3,2,1,1952,4
2837,4,1,2,1994,5
1833,3,1,1,1988,5
1536,4,3,3,2021,4
2096,5,1,3,1954,3
2908,3,1,2,1958,3
1922,3,2,1,1981,3
2152,5,3,1,1972,3
1841,5,1,3,2015,4
2449,4,3,1,1956,4
1947,4,1,3,2001,3
1664,4,1,3,2019,2
2717,5,2,1,1975,3
2148,5,2,3,1953,5
1005,5,3,2,1987,1
1636,3,3,1,1996,4
2349,3,1,3,1950,4
1564,3,1,3,2008,1
2601,2,2,2,1975,4
1825,5,1,2,2013,3
1505,5,2,3,1977,3
2105,4,1,2,2016,4
2025,4,2,1,1994,4
1203,4,1,3,1962,2
1661,3,1,1,1951,1
1804,2,2,3,1958,5
1403,2,1,2,2018,1
2126,5,1,3,2015,5
1535,4,1,3,1973,2
2391,3,2,2,2018,5
2235,4,3,2,1981,3
1576,3,1,1,1966,2
2984,4,2,3,2002,5
2232,5,2,3,1959,1
1762,5,1,1,1976,2
1627,3,2,3,1954,3
1748,2,3,2,1959,1
2501,2,3,2,1959,4
1104,4,3,2,1995,1
1494,3,3,2,2008,2
2794,3,3,3,2001,4
1822,4,3,2,1964,4
2354,4,1,1,2020,4
2239,4,1,1,1981,2
1981,5,1,2,1992,1
1959,5,2,2,2007,4
2515,3,2,1,2020,4
2836,5,3,1,1988,4
1844,4,2,2,1996,2
1448,2,3,3,1984,2
1535,5,2,2,1999,3
1510,4,3,1,1962,3
2481,4,3,1,1990,5
2570,3,3,1,1990,4
2559,5,2,1,1958,3
1539,4,3,3,1988,2
2507,3,2,1,2008,4
2999,2,3,3,1972,3
2594,3,1,3,1976,4
1242,5,2,2,2019,2
2973,4,1,2,1957,5
2230,5,1,3,1988,2
1911,3,3,3,1982,2
2294,4,3,2,2005,5
1760,4,3,2,1972,2
2802,4,2,1,1984,4
1704,5,3,2,2017,1
2753,3,2,3,1966,4
2603,3,1,1,1963,4
2860,3,2,2,2014,5
1393,2,3,3,1959,2
2098,2,1,3,1950,2
1977,4,3,2,2021,3
2505,2,2,1,1992,4
2126,5,2,3,1967,5
1296,3,1,2,2018,2
2001,3,2,2,1989,3
2238,5,3,3,1964,4
1966,4,1,2,2018,1
1314,3,1,3,2009,2
2062,5,3,2,1983,4
1258,4,3,2,1984,2
2739,3,1,3,2010,5
1006,3,2,2,2008,3
1048,5,1,3,1951,1
2561,2,3,1,1972,4
1160,2,1,1,1970,1
2892,5,2,2,1954,4
1175,2,1,2,1967,2
2614,3,1,3,1983,4
2025,4,2,3,1976,5
2000,4,2,3,2000,2
2918,5,2,2,1977,4
1454,4,2,2,1966,2
2951,5,3,3,1950,4
2667,2,1,3,1976,4
1275,3,1,2,2008,2
1497,2,1,1,1988,3
2652,5,1,2,2003,5
1675,3,1,1,2003,1
2051,3,3,1,1985,1
2356,2,1,2,1967,2
2024,3,1,3,1954,3
2211,2,1,1,1995,3
1055,2,3,1,1981,1
1546,3,1,1,2018,3
2135,5,2,2,1977,3
2821,3,3,2,1966,4
2333,3,2,2,2003,3
1035,2,2,1,1963,1
1438,3,2,3,1989,2
2615,3,2,1,1951,3
2849,5,1,3,1956,4
1594,4,1,2,1971,1
2600,4,2,1,1967,3
2348,4,3,1,1957,5
2663,3,1,2,1992,3
1306,2,3,1,1987,1
2557,5,1,3,2004,4
2751,4,3,3,1999,4
1618,5,1,3,1998,3
2132,2,2,3,1985,3
2395,5,2,2,1979,4
1356,5,2,1,1965,3
1180,4,3,2,2019,2
2379,5,2,1,2020,5
2699,4,3,1,1973,3
1067,2,1,3,2016,1
1291,4,1,3,2002,1
1691,5,3,1,2005,2
1180,2,2,2,1997,1
2489,3,3,3,1970,4
1433,3,3,3,1958,2
2487,2,3,2,2005,4
2704,2,1,1,1990,4
1913,5,1,2,1992,3
2557,3,1,3,1961,3
1065,2,2,1,1973,1
2044,3,1,1,1993,4
2635,3,1,1,1969,5
1383,5,3,3,1984,1
2835,2,2,3,1984,4
2638,4,3,2,1998,5
2582,2,3,1,1954,5
2308,4,3,3,1996,4
1821,4,1,1,2004,1
1601,3,2,2,2019,5
2620,4,1,2,2020,4
1784,4,3,1,1950,5
2359,2,1,2,1971,3
2211,3,2,1,1985,4
1670,5,1,3,2012,2
2266,4,1,3,1954,4
2096,3,2,3,1996,3
1478,2,3,2,1999,1
2997,2,3,2,2005,5
1560,2,3,2,1985,2
1513,5,1,1,1998,2
2779,2,3,2,1988,3
1175,5,2,2,2019,1
1237,3,2,2,1965,1
1909,2,2,2,2003,3
2082,4,3,2,1979,3
2888,2,2,1,2007,5
2122,4,3,3,2016,4
2977,3,1,2,1990,5
1870,5,2,3,1967,4
2977,5,2,2,2012,4
1494,5,3,2,1978,4
1946,2,3,1,2021,1
2537,2,3,3,2009,3
1754,3,1,1,2021,3
1210,3,2,1,1959,1
2146,4,1,1,2021,5
2252,2,3,3,2006,3
2617,5,3,1,2020,4
2679,2,2,1,1968,5
2411,5,2,2,1963,4
1139,5,3,3,1999,4
1540,2,1,1,1982,2
2414,2,3,3,2013,3
1269,3,1,1,1989,1
2782,2,2,1,2014,5
2035,2,2,2,1981,4
2890,2,1,2,1981,4
2412,4,1,2,1969,2
2360,4,2,2,1985,4
1505,4,1,1,1983,1
2129,3,2,3,1982,4
1031,3,3,2,1971,2
2097,5,1,1,1979,3
2194,3,1,2,2012,3
2872,2,2,1,1996,4
2092,5,1,3,1957,3
1812,2,1,1,1977,3
1361,5,3,2,1994,2
2672,3,2,3,2005,4
1928,2,3,1,2014,4
1099,5,3,1,1954,1
1008,2,1,1,1961,1
2597,2,2,1,1959,3
1696,4,3,3,1994,3
2052,3,1,1,2015,2
2916,4,2,2,1987,4
2137,3,2,3,1982,2
1461,5,3,1,2010,2
1920,3,1,1,2020,2
2166,5,3,3,1996,5
1389,5,2,1,1956,2
1631,5,1,1,1960,2
1681,5,3,3,1961,2
1334,5,1,3,2019,1
1259,2,3,1,1974,1
1081,5,3,2,1988,1
1753,3,2,1,1973,3
2464,3,3,1,1970,4
2968,4,1,3,1969,4
2195,2,3,3,1993,3
2254,2,1,1,1997,4
1719,3,2,1,1955,2
2293,3,1,3,1980,3
2922,4,2,2,2020,4
1625,5,1,3,1985,4
1061,5,2,2,1986,2
1319,4,2,2,1955,1
1101,2,1,2,2009,2
2452,4,1,3,1980,4
1873,2,2,3,1979,2
2745,2,3,3,1968,5
1953,5,1,3,1971,2
1254,3,3,3,1978,1
2555,3,2,1,1968,3
1569,5,2,1,1997,4
1111,2,1,1,2002,1
1984,4,1,3,1985,2
2336,5,3,2,1968,3
1997,5,2,2,1953,3
1460,4,3,2,1964,2
1707,2,3,2,2012,1
1886,5,3,3,1955,3
2485,5,2,2,2014,4
2115,4,3,3,1975,3
2075,4,3,2,2014,3
2828,3,3,1,1953,4
1519,3,2,2,1985,4
1811,4,2,1,1953,3
2121,3,2,1,1975,4
1235,3,3,3,2001,2
2397,5,3,2,2008,5
2604,3,1,3,1970,4
1926,3,3,1,2011,3
1556,2,2,1,1965,2
1648,4,1,1,1975,1
1233,3,1,1,1987,1
2055,5,1,2,1979,4
2312,3,1,2,1975,3
2661,5,3,3,1972,4
1578,4,3,3,1979,2
1541,3,2,1,1975,1
1113,5,2,2,2005,2
1203,5,2,2,2016,2
2052,5,2,1,1980,2
1642,4,1,3,1971,2
1473,5,2,1,1971,2
1696,2,2,3,2005,1
2821,5,1,1,1958,4
1904,4,2,3,1969,3
2945,4,1,3,1976,4
1385,2,2,3,1976,2
1061,5,1,1,2010,2
1514,4,1,1,1978,1
1429,4,3,2,2017,1
1579,5,2,3,2001,3
2560,2,2,1,1964,4
2714,3,1,1,1956,5
2164,5,2,2,2015,3
1742,3,3,3,1973,3
2323,5,1,1,2015,5
1674,5,1,1,1971,2
1470,5,2,1,2020,4
2416,2,1,2,1992,5
2665,2,1,2,1957,3
2468,5,2,3,2000,4
2781,4,2,2,1980,3
1808,4,3,3,1997,3
1171,3,1,3,1996,1
1575,5,3,1,2005,4
1351,4,3,1,2021,2
1977,2,3,1,1965,1
2645,4,3,2,1965,4
2604,2,1,2,1959,4
2129,4,3,3,1982,2
1811,5,1,1,1958,3
2353,4,3,2,1982,3
1767,3,3,3,1953,3
2847,4,1,3,1989,4
1682,3,3,1,1956,2
2406,2,3,3,1988,2
2185,4,3,3,2019,3
1996,3,3,3,2011,2
1285,3,1,2,1956,2
2094,5,1,2,1955,5
2790,2,3,2,1951,5
1885,5,1,1,2019,3
1396,3,1,3,2015,1
2538,3,3,3,2003,3
1125,2,1,2,1956,1
2431,5,1,1,1982,4
2588,2,1,2,2007,3
2221,2,3,1,1983,5
1810,4,1,3,2005,2
1187,3,1,3,2008,3
1697,4,2,2,1972,3
1809,4,1,3,1974,1
1715,2,1,3,1991,3
2507,3,3,2,1958,4
1449,4,3,1,1990,2
1522,2,2,1,1963,2
2377,5,1,1,1958,5
1985,3,2,3,2017,4
1657,2,3,3,2015,3
1596,5,3,3,1989,2
1099,4,1,2,1973,2
1615,5,3,2,2007,2
1947,5,3,3,2001,3
2581,2,2,2,2005,4
1555,3,3,2,2003,2
2716,2,3,3,1954,4
2722,4,1,2,2013,5
2649,5,1,2,1978,4
1490,3,2,3,2006,1
1254,3,3,1,2010,1
1380,5,1,3,1965,3
1891,4,1,3,2016,4
1541,5,1,2,1989,3
1824,4,1,2,1986,3
1878,3,1,1,1985,2
2352,3,2,1,1983,2
2138,4,2,3,1986,2
2299,4,2,3,1998,2
2511,2,1,3,1978,4
1280,2,1,2,2002,1
2298,4,3,2,1995,4
1772,3,3,1,1991,3
1842,5,3,1,1985,4
1718,5,2,3,1964,2
1327,2,3,1,1955,2
1210,4,2,3,2014,2
1726,3,1,2,2014,3
1922,2,2,3,1952,3
1551,4,3,1,2021,3
1701,5,2,3,1981,3
2106,3,3,3,2001,3
2919,3,2,2,2008,5
2969,5,3,3,1965,5
1681,5,3,1,2000,2
1412,4,3,2,1997,2
1166,3,1,1,1989,1
2723,4,2,3,1985,4
2824,3,3,2,2003,5
2632,5,2,3,1951,5
1366,2,2,2,1978,1
1527,3,1,3,2009,1
1790,4,2,3,2007,1
2670,3,2,2,1954,4
2561,2,2,3,1962,4
1523,4,1,1,2008,1
2095,3,3,1,1957,3
2668,3,3,2,1951,5
1105,5,3,2,1959,2
1731,3,2,3,1953,4
1964,5,3,1,1998,2
2712,2,3,3,1968,4
2305,2,3,1,1956,4
1132,2,3,1,1979,3
1533,2,2,1,2011,1
1974,4,1,3,1972,2
1268,4,2,1,2019,2
2435,5,1,1,2018,5
1672,5,3,1,1976,2
2642,5,2,2,1971,5
1790,4,3,1,1962,2
2888,3,2,3,1970,5
1017,2,3,1,1996,1
2777,2,3,2,1955,3
1797,5,3,2,2013,3
2817,4,1,3,1961,4
2167,3,3,1,1987,3
2740,3,1,2,1956,5
1550,4,2,2,2012,3
1928,3,2,3,1960,1
2689,5,3,1,1977,4
2711,4,2,3,1978,3
2984,4,3,2,1989,5
1752,3,3,3,1976,3
1421,5,3,3,1981,2
2921,5,1,1,1969,4
2392,2,1,2,1993,4
1645,4,3,3,2006,2
1557,2,2,1,2004,2
1049,5,2,2,1951,2
1677,5,2,1,2013,3
1105,2,1,1,1993,1
2239,4,1,1,2000,5
1657,2,1,2,2008,2
2946,5,2,2,1983,3
2448,5,2,1,1968,3
2095,3,2,2,1952,3
1987,3,2,1,2006,4
1841,2,1,1,1997,4
2808,3,3,3,2005,5
2782,5,2,2,1968,5
1445,4,2,1,2005,2
2209,2,1,3,2004,4
2997,2,3,1,1978,3
1149,3,1,1,2013,1
2269,4,1,3,1970,3
1773,3,1,3,2019,2
2561,3,1,2,1968,5
2958,2,2,3,1963,5
2675,4,2,2,1998,4
2122,3,2,3,1967,2
2933,4,3,1,2008,3
2301,3,1,2,2007,2
2586,4,1,2,1951,4
2686,3,1,1,1951,5
1943,5,2,1,1999,4
1454,4,1,3,1952,1
2127,5,2,2,1988,4
1945,5,2,1,1970,2
1600,5,3,2,1979,2
1652,3,1,2,2006,3
1724,4,2,3,1958,3
1232,3,1,2,1952,1
2417,3,2,3,1969,4
2524,4,2,2,1993,4
2718,2,2,2,1972,5
2544,5,3,3,1986,5
2075,2,1,2,1954,5
1897,5,2,1,1987,4
1920,3,1,1,1997,3
1780,4,1,1,2005,3
1225,5,1,1,2011,1
2074,2,3,1,2006,4
2209,3,2,2,1973,4
1802,5,1,1,2009,3
1741,5,1,2,1966,3
1130,4,3,1,1992,2
2022,2,2,3,1961,2
2466,2,3,1,1954,5
1837,2,3,2,1956,1
1758,4,2,3,2004,2
2455,5,3,2,1999,4
1703,3,3,3,1987,3
2426,4,1,2,2021,2
1322,2,1,3,2001,3
2233,3,2,3,1970,2
1614,4,3,3,1953,3
1328,2,3,3,1998,2
2395,5,1,1,1977,3
2483,2,1,1,1958,4
1132,3,1,1,2002,3
1834,3,2,3,1997,2
1650,2,1,1,1994,2
1120,5,3,1,1973,1
1605,3,3,1,2005,3
2475,3,3,1,2001,4
1964,5,2,3,2013,3
1128,4,3,2,1953,2
2114,3,3,3,1982,3
2627,2,3,2,1954,4
2598,5,1,3,2011,5
1028,3,3,3,1952,1
1721,4,1,1,2002,2
2547,3,1,1,1997,4
1332,4,2,3,1970,1
2320,3,2,1,2002,3
2153,3,3,2,1950,3
2316,2,2,2,1975,3
2196,5,1,1,1976,4
2743,5,1,1,1996,5
1943,2,3,3,1982,4
2047,5,3,3,1993,3
2122,5,3,3,2006,3
2429,5,1,1,1965,5
1355,3,1,1,1986,2
2526,4,3,1,1978,3
2849,4,1,2,1969,5
2197,5,2,2,1957,3
1930,5,2,3,1990,2
1495,2,3,3,1991,3
2013,3,1,2,1956,4
1654,5,3,2,2009,3
1827,5,3,2,1990,2
1553,4,1,2,1986,3
1298,5,1,2,2011,3
2743,5,2,3,1993,4
2968,5,2,1,2013,4
2215,3,2,2,1991,4
2695,3,1,3,1979,4
1754,4,3,1,1973,2
1769,5,3,1,1978,3
2687,4,1,3,1965,4
2238,4,2,2,2004,3
1833,3,1,2,2019,3
1165,5,3,2,1966,3
2566,5,2,1,2005,5
2906,4,3,3,1960,3
2255,2,1,3,1977,4
2817,2,1,2,1956,3
2564,5,1,1,1978,5
2218,5,3,2,1978,2
1505,4,1,2,2010,2
2357,4,1,1,2015,5
2791,3,1,2,1979,3
1792,4,3,1,1968,3
2327,4,3,3,1993,4
1832,2,1,1,2005,4
2460,2,3,3,2011,3
2346,2,2,2,2014,4
2525,2,2,2,1999,5
1857,4,2,2,1999,2
2416,2,1,1,1965,5
1805,3,2,3,2018,4
2622,3,1,2,2014,4
2172,4,1,1,1965,2
1760,3,3,2,2021,2
1832,2,2,2,2019,3
2428,5,1,2,2011,2
1282,5,3,2,2012,1
2385,2,1,3,1958,2
1378,3,1,3,1988,2
1197,4,3,1,2001,3
2014,5,1,1,1958,3
2023,2,3,1,2015,2
1555,2,2,3,1995,3
1355,3,1,2,2018,3
2563,4,1,3,1957,4
2452,4,2,1,1979,3
2040,3,1,3,1952,2
1638,2,3,2,1979,2
1378,3,3,2,1969,2
1679,3,3,2,1988,1
1505,3,1,2,1998,2
2779,2,2,3,2002,4
1898,5,1,2,1962,4
1075,2,2,2,1992,1
1230,5,2,2,1990,2
2739,5,1,1,1990,5
1961,3,2,1,1991,1
2271,4,1,3,1953,2
1301,3,1,2,1994,1
1725,2,1,1,1999,1
1214,4,1,1,1965,2
2181,4,3,1,2005,3
1068,2,1,2,1996,2
1392,2,3,3,2010,3
2108,3,1,1,1995,2
1266,2,2,3,1977,1
2092,5,3,2,1954,5
1610,5,1,1,2021,2
2370,4,1,3,1987,4
2008,3,2,2,1999,2
1961,3,2,1,1968,3
1727,4,1,3,2013,3
1672,3,2,2,1964,1
1422,4,3,1,2010,2
2629,4,2,3,1982,4
2197,5,2,1,2012,4
2700,4,3,2,1959,4
1114,2,1,3,2018,1
1219,2,3,1,1990,2
2979,2,2,3,1958,5
2546,4,2,3,1987,5
2366,3,3,2,2016,3
2400,4,3,1,2006,4
2153,3,1,1,1981,3
1616,3,2,3,2018,2
1538,3,3,2,1997,4
1738,5,3,2,2014,1
2025,2,2,1,2005,3
1870,5,3,2,1997,4
1100,4,1,2,1977,1
2556,5,2,3,1955,4
2081,3,1,2,1996,2
2412,4,2,2,2014,4
1691,2,1,3,2003,4
1940,3,2,1,1964,4
1340,2,3,3,1998,2
1860,5,2,1,2010,2
2043,2,3,3,1958,4
2278,4,1,1,2009,4
2340,3,3,1,1987,2
1659,5,3,3,2020,5
2560,4,1,1,1977,3
2409,3,2,3,1952,4
2656,5,2,1,1983,5
1927,3,3,2,2018,3
2049,2,2,1,2021,2
1453,5,3,1,2002,3
2704,5,1,3,2020,5
2346,2,1,1,1964,4
1736,5,2,3,2020,2
2536,5,2,1,2018,4
1818,5,3,3,1986,4
1772,2,3,2,1985,3
1012,2,1,3,2011,1
1914,3,1,2,1969,2
2583,5,2,3,1956,4
1920,2,2,2,1979,3
1824,5,3,1,1960,1
1370,5,3,2,1983,2
2314,5,2,1,2014,3
1331,2,2,1,1982,2
2629,5,2,1,1997,4
1260,3,2,2,1969,1
2813,4,3,2,1960,4
2894,4,1,3,2015,5
2228,3,2,3,2017,4
1696,4,1,1,1971,4
1686,3,1,3,2006,3
1949,2,2,2,1993,3
1386,4,3,1,1981,3
2915,3,1,1,1971,4
1820,3,1,2,1954,3
1467,5,3,1,2018,4
2438,2,2,3,1977,2
1068,3,2,2,1963,2
2495,4,3,3,2007,4
2127,5,3,1,1996,2
2781,5,1,3,1954,4
2184,5,2,3,1996,5
1199,2,2,2,1952,3
1215,3,3,1,2008,2
2969,2,3,2,1968,5
1211,3,2,3,1956,1
1507,5,2,1,1961,2
1015,4,2,1,1960,1
2521,4,1,1,1971,4
1331,5,1,3,1952,1
1716,3,2,2,2018,2
2900,2,2,3,1982,5
1550,5,2,3,1969,2
2624,2,2,1,1980,5
1941,4,2,2,2000,4
1255,5,3,1,2018,1
1991,2,1,3,1962,2
2789,3,2,3,1962,4
1727,4,3,2,1960,3
1879,3,1,2,1954,3
1814,2,3,3,1968,2
2195,5,2,1,2018,3
1648,4,3,2,2011,4
1999,3,3,1,1950,2
1470,5,1,3,1954,3
2407,2,3,2,2012,4
1689,3,1,2,1955,1
1699,2,2,3,1995,4
1506,2,1,1,1962,1
1991,5,2,2,2004,4
2009,2,1,3,1968,2
2550,4,1,2,1978,4
1803,5,3,3,1952,4
1830,3,1,1,1956,3
2348,5,2,3,1955,5
1213,3,1,1,1991,3
2231,4,1,2,2011,5
2303,2,1,1,1957,2
1977,2,2,3,2019,4
2328,5,3,2,1956,3
1145,4,2,1,2019,3
1515,5,3,3,1976,2
2113,2,2,3,2015,3
1452,2,2,2,1998,3
1059,2,3,3,1995,1
1527,3,2,1,1985,2
2250,5,3,2,2001,4
2023,4,3,3,2007,4
1473,3,3,1,1978,1
2564,5,3,1,1958,5
2686,3,3,3,1990,5
1756,5,1,1,1975,3
2102,3,3,1,1977,4
2176,2,3,2,1980,1
1400,3,1,1,1965,1
2302,4,3,1,1997,3
2002,3,3,1,1967,2
1185,5,1,2,1980,2
1397,3,1,2,1980,1
1604,5,2,3,1960,3
1787,2,3,3,2020,2
1157,3,1,3,1979,2
2716,2,3,2,1975,3
2382,4,1,1,1969,4
2463,5,2,1,1952,4
1588,4,2,1,1971,1
1465,3,2,1,1983,1
2686,5,1,3,2003,3
1445,2,3,1,2005,2
2773,2,3,3,2012,5
1800,4,2,3,1953,1
2766,2,3,1,1952,4
2511,3,2,1,1951,4
2553,3,1,1,1997,4
2096,4,1,3,1968,4
1928,5,3,3,2002,4
2951,2,2,2,1955,5
2724,3,1,2,1981,3
2973,5,3,2,1987,5
1016,3,2,3,1954,2
2554,3,1,3,2001,3
1730,5,3,1,1984,3
1325,5,2,2,2003,2
1994,2,2,2,2001,3
2655,4,1,3,1965,4
1612,4,3,1,1963,3
1545,3,3,2,1957,2
1595,4,2,2,1992,2
1920,3,1,2,1984,2
2731,5,1,2,2019,5
1841,3,3,1,2015,3
2225,2,2,3,2014,3
1343,3,3,3,1978,2
2876,3,3,1,1957,5
2546,2,2,2,2004,3
1858,2,1,2,1983,2
2423,4,3,2,2005,5
2241,5,2,1,1975,3
1444,5,1,3,1997,2
2788,2,2,3,2011,5
2406,3,2,3,1957,5
1591,2,1,1,1958,2
2030,5,1,1,1988,3
2295,2,3,1,1991,3
2762,4,3,2,1985,5
2017,2,1,2,2009,2
1015,3,3,3,1973,1
2447,3,2,1,1995,4
1523,3,2,3,1957,1
1802,2,2,1,1975,1
2776,2,3,3,1984,5
1020,3,1,3,1993,1
2713,5,3,1,1998,3
2962,2,3,3,1973,3
1227,5,1,3,2006,1
2007,4,2,3,1965,5
2808,4,1,1,1990,3
2311,4,2,2,1993,4
1808,4,1,3,1955,2
2157,3,3,3,1989,2
2306,2,1,3,1962,1
1403,4,1,1,2001,1
2688,3,2,2,1971,4
2627,4,1,1,1957,5
1436,4,1,1,1999,2
1828,5,3,1,1981,3
1933,5,1,1,1954,2
1258,5,1,2,1963,1
2989,5,2,1,1998,4
1992,4,3,2,1988,3
2590,5,2,2,1973,4
1768,2,2,2,1962,1
2124,3,1,1,1960,3
2221,4,2,2,1968,2
1812,5,2,1,1993,2
1942,5,3,3,2002,2
1462,5,3,1,1977,5
1236,2,1,3,1991,1
2049,2,2,3,1998,4
2144,4,1,2,2017,3
2933,5,1,3,1965,3
1505,3,2,3,1975,3
2205,4,2,3,1980,3
2734,2,1,1,2004,4
1813,4,2,2,1956,3
1766,4,2,2,1965,3
1633,5,3,2,1997,4
2566,3,3,1,2007,4
2338,2,1,2,1987,2
1990,4,1,1,1962,3
1617,5,3,2,2003,3
2759,4,2,2,1986,5
1231,2,1,1,2001,3
2443,4,3,3,1955,4
1767,4,3,1,1961,3
2465,5,2,1,1960,4
1495,4,3,3,1995,2
2047,2,2,3,1961,2
2132,3,1,2,2021,2
2726,3,2,2,1960,4
1501,5,1,1,1959,1
2210,5,1,1,1988,5
1287,5,1,1,1955,2
2651,5,1,3,1994,3
2937,3,3,1,1995,5
2060,3,2,3,2006,2
1136,4,3,2,1988,2
1507,4,3,2,1967,2
1226,5,3,2,1963,1
1319,3,3,3,1970,2
2863,5,3,3,1981,5
1915,3,2,1,1980,2
2205,2,2,1,1985,4
2897,4,2,3,1973,4
1085,2,3,1,1978,1
2490,3,3,3,1959,5
1925,5,3,2,2016,4
1052,4,1,2,2008,1
1859,4,3,2,1971,5
1866,5,2,2,1951,4
2258,2,1,3,1973,2
2982,2,1,3,1967,4
2802,2,3,1,1967,4
2822,2,3,3,2002,5
1432,4,2,3,2012,3
2519,3,2,3,2004,5
1998,5,3,3,1951,1
1099,3,2,2,1985,1
1989,3,2,2,1962,3
1598,2,3,2,1964,3
1402,3,2,1,2001,3
1395,2,1,2,1973,3
2550,2,1,2,1982,4
1414,3,2,3,2016,3
1938,5,1,3,1989,2
1676,3,1,1,1964,3
1462,4,2,2,2012,1
2649,4,2,2,1988,4
2642,5,3,3,1989,3
2945,3,2,1,1980,4
2387,4,2,1,1966,3
2153,4,3,3,1987,2
1270,3,3,1,1996,2
1243,2,1,1,1994,3
1387,2,2,1,1964,3
1817,3,2,3,1994,2
2189,2,3,2,1969,3
1058,5,2,2,1954,1
2625,4,1,2,2002,4
1882,4,3,2,1958,3
1923,3,3,2,1980,2
2527,5,2,2,2016,5
2729,2,1,1,1992,4
2671,2,1,3,1950,4
2436,2,1,2,1975,4
2162,5,3,2,1976,3
2252,4,2,3,1978,3
2297,3,1,2,1995,2
1438,5,1,1,1979,2
2021,4,1,2,1975,3
1561,4,1,3,1975,1
2933,3,2,3,2020,5
2737,4,2,3,2014,3
1904,3,3,1,1989,3
2506,4,1,1,2015,3
1394,2,1,1,1991,2
1875,2,3,2,2020,3
2483,3,1,3,2003,4
2858,4,1,1,1963,5
2716,4,3,3,2012,3
1934,4,2,1,1950,2
2101,4,2,3,1976,1
1951,4,3,2,2010,4
2435,4,1,2,2016,3
1074,3,1,2,1963,1
1294,3,1,2,1978,1
2816,2,3,1,1969,4
1020,5,3,1,1986,2
2929,3,2,1,1990,3
2194,3,3,3,1971,3
2038,5,1,3,1979,1
2234,5,3,2,2004,4
2109,2,1,2,1961,4
2172,4,1,2,2007,4
2723,2,3,3,1975,4
1371,2,3,1,1967,3
2503,5,1,1,2010,5
1817,3,1,2,2010,2
2174,4,3,3,1974,3
2164,2,3,3,2018,2
2092,5,2,3,1986,5
2283,4,1,3,1988,3
1845,4,3,1,1971,4
1520,2,1,3,1987,2
2656,2,1,2,2013,3
1370,2,1,2,1992,2
2442,2,3,2,2004,3
1100,4,2,2,1960,1
1660,3,2,3,1965,3
2681,4,2,1,2004,4
1967,4,3,3,2015,2
1242,2,3,3,1976,1
1752,5,3,2,1995,4
1511,5,1,1,1960,1
1848,5,1,3,2019,4
1554,5,1,1,1977,2
2118,5,3,1,2016,3
1225,2,1,1,1993,3
2541,3,3,2,2019,3
1213,3,1,1,2004,2
1717,5,1,1,1966,4
1395,4,1,2,2019,2
1611,3,2,3,1998,4
2035,4,1,1,1986,3
2260,2,2,3,2002,2
1769,4,3,1,2014,4
2422,2,2,2,1950,4
1406,2,3,3,1988,2
1924,5,1,2,1979,2
2872,3,2,3,1992,5
1646,3,3,3,1980,2
1221,3,3,3,2018,2
2179,3,2,3,2001,4
1653,4,3,2,2004,2
1427,3,2,1,1955,1
2181,3,2,2,1996,3
1976,2,2,1,1966,2
2439,5,1,1,1996,3
2005,4,1,3,2005,4
2349,3,3,2,1996,1
1370,5,2,2,1986,2
2367,3,3,1,1977,3
2285,3,1,3,1990,3
2306,2,3,3,2005,3
1849,5,2,1,2015,1
1855,2,2,3,2020,2
1228,2,1,2,1957,1
2911,3,2,3,1985,5
1279,3,3,1,1982,1
2893,3,2,1,2014,4
2313,5,1,2,1980,4
2703,5,2,3,2002,5
2070,5,1,1,2000,3
1974,5,2,2,1960,4
2738,3,1,2,1984,3
2237,3,1,1,1974,3
1757,2,2,2,2001,3
2047,3,3,2,2017,4
1320,5,1,3,1988,1
1273,4,2,1,2017,2
1555,3,3,1,2004,2
1843,5,3,3,2012,2
2336,2,3,2,1953,4
2386,3,3,1,1957,3
1667,4,1,1,1996,2
1999,5,1,1,2009,3
1379,3,1,1,2005,2
1710,5,3,2,1958,2
2942,4,1,3,2017,3
2697,4,2,3,1985,5
2930,2,3,3,1987,4
2493,4,2,2,1969,4
1745,3,3,2,1999,2
1674,4,2,1,1951,2
1604,3,2,3,1955,2
2065,5,1,3,1964,3
2819,3,1,2,1954,5
1378,3,3,1,1995,1
2745,2,1,3,2018,5
2229,5,1,2,1988,1
1465,3,1,3,2005,1
2755,2,3,1,1957,5
1279,5,3,3,1958,1
1617,3,3,2,1977,3
1117,4,3,3,2004,2
2260,5,3,3,2010,2
1308,5,1,2,1989,3
2479,2,1,3,2012,3
2923,3,2,2,1969,5
2498,3,2,1,2001,3
1099,2,2,1,2004,2
1260,4,3,1,1976,2
1992,5,2,1,1983,4
2328,2,2,1,1975,4
2377,5,3,2,2004,5
1285,4,3,2,1980,1
1327,4,1,3,2013,1
2126,4,2,3,1966,3
1062,3,1,1,1996,2
1686,5,3,1,2013,3
2305,5,2,3,1978,3
2464,2,2,1,1967,5
2316,5,2,2,1958,4
1737,3,1,2,1968,3
2030,2,2,1,2008,2
1638,4,1,2,1954,3
1935,5,1,3,1957,4
2115,3,3,2,1999,5
2958,3,2,1,2011,4
2213,5,1,2,1958,2
2894,3,2,1,1962,5
1475,4,2,1,1990,1
2534,5,3,2,1971,5
1052,5,1,2,1968,1
1753,2,3,3,2001,2
1485,4,1,1,1974,1
2667,3,1,1,1978,4
2513,5,1,1,2011,5
2387,5,3,3,1957,4
2135,3,1,2,1994,5
1408,4,2,2,1959,3
2030,3,3,3,1963,3
2765,3,3,1,2008,4
1667,5,3,3,1973,1
2220,2,1,2,1965,5
1834,2,3,1,1999,2
1875,2,1,2,1979,4
2758,2,2,3,2001,4
2001,5,3,1,1983,3
1249,2,3,3,1964,2
2939,3,2,3,1985,3
2618,5,1,1,1962,5
2263,3,3,3,1954,4
2930,4,1,3,1992,4
1871,2,3,3,1957,2
1834,5,1,3,1956,3
2494,3,3,3,1998,3
1774,4,2,2,1964,4
1918,4,1,1,2011,3
2724,4,2,3,1968,5
1454,3,3,1,1988,3
1365,5,2,1,1950,1
2313,4,1,2,1966,4
2897,3,1,3,1973,5
1402,3,3,3,1978,1
1520,3,3,3,2011,3
2327,5,2,2,1960,3
2138,5,2,3,1954,3
1209,4,2,2,1995,3
2064,3,3,2,1968,5
1815,3,2,1,2004,2
1172,2,3,2,1994,1
1233,2,2,3,2009,3
1792,3,2,3,1956,4
2613,3,2,2,1990,5
2643,2,2,3,1985,4
1792,2,3,2,2006,1
2426,5,1,2,1976,3
2062,4,3,2,1996,4
1118,4,2,3,2003,1
2359,4,1,3,1973,4
2562,2,2,3,2008,5
2097,3,3,2,1962,2
2214,5,1,3,2020,4
1323,5,2,3,1969,1
2010,4,1,2,1975,3
2170,3,2,2,2005,2
2790,3,2,1,1989,3
1283,2,2,3,2005,1
1212,3,3,1,2010,2
2658,5,1,2,1966,3
2741,5,3,2,2007,3
1928,3,3,3,2013,4
1751,2,3,1,1982,2
2417,5,1,1,2005,3
1338,2,3,1,1991,1
2821,2,3,1,1980,3
2045,5,2,2,1996,2
2892,4,3,3,1992,5
1104,4,1,2,1965,1
2489,4,3,2,2019,3
2482,3,1,3,1961,5
2455,5,2,2,1966,4
1769,4,1,3,2014,4
1715,2,3,2,2011,2
2845,4,2,2,2021,4
2797,2,1,1,2020,3
2642,5,3,3,2008,5
1762,4,3,1,1952,4
2959,5,1,1,1983,4
2244,4,1,1,1964,4
1378,2,1,1,2014,1
2245,2,3,1,2003,5
2281,3,2,3,2013,3
1712,3,2,1,1958,3
2390,3,3,3,2001,5
2793,4,1,1,1997,4
2372,5,3,2,1968,3
1224,4,3,2,2005,1
2737,2,3,2,1971,4
1737,5,3,2,1955,3
1235,2,2,3,2016,1
1182,3,1,1,1951,2
1711,2,3,3,1984,2
2892,4,3,3,1953,4
2781,2,1,3,2008,4
1443,2,1,1,1963,3
1622,5,3,2,1995,3
2029,2,1,3,1980,5
2259,2,1,2,2014,3
2150,3,2,2,1994,5
2127,3,3,1,1992,4
1748,4,1,3,2020,2
2938,3,1,3,1965,2
2503,2,2,3,2021,4
1154,3,2,3,2002,1
1234,4,3,2,1986,1
1499,3,3,2,1970,2
1288,4,3,3,2020,2
1509,4,2,1,1985,1
2575,4,1,2,2005,4
2823,5,1,3,1984,4
1708,2,2,3,1992,2
1784,5,3,3,2019,1
1893,4,1,2,1950,2
1775,3,3,3,1996,3
2592,3,1,1,1964,3
1297,5,2,2,1958,2
2633,3,2,2,1958,4
1136,4,3,3,1956,2
1375,4,2,2,1991,2
1086,2,1,3,2018,1
2442,4,2,3,1955,4
2777,3,3,3,1989,5
2222,2,2,2,1976,2
2486,3,1,3,1987,3
1436,5,2,1,2021,2
2333,2,1,3,1950,4
2619,4,3,3,1950,4
2777,2,1,2,1963,5
2304,4,2,3,1970,5
2346,4,2,2,2000,5
1763,3,3,2,2004,1
1701,4,2,2,2009,4
1941,4,3,1,1987,3
1151,3,1,1,1985,1
2325,4,2,1,1957,4
2301,5,1,2,2020,4
2674,3,3,1,1952,5
2711,5,3,2,1957,4
2031,2,3,1,1979,2
1806,3,1,1,1989,4
1234,5,1,1,1989,2
1674,3,3,3,1992,2
1560,4,2,3,2017,2
2325,3,2,3,1952,4
1037,2,2,2,1968,1
2159,5,3,1,1970,2
1821,3,3,3,2018,4
1420,4,2,2,1974,4
2242,5,1,3,1966,4
1347,5,2,2,1970,3
2831,5,1,2,2015,3
2569,2,2,3,1993,4
2887,4,3,2,1961,3
2102,4,2,3,2003,3
1747,5,1,1,1952,3
2918,3,1,1,2008,4
1272,5,2,2,2012,1
2184,4,3,3,2013,3
2710,2,3,1,2002,5
2901,2,1,2,1961,4
1307,5,3,1,2017,1
2397,2,2,3,1965,4
1975,2,1,2,2008,4
1732,3,1,2,1967,1
2032,2,2,2,1966,5
1443,5,2,2,1952,4
2136,4,3,1,1986,3
2228,4,3,2,1990,4
1404,3,3,1,1970,2
1852,5,3,2,1956,2
2220,4,3,2,1972,5
1777,2,2,3,1953,3
2797,5,2,3,1972,5
2783,5,2,3,1979,4
1114,4,1,1,2003,2
2144,4,2,3,1974,4
2676,3,2,1,1960,5
1064,2,3,1,2017,2
2299,4,1,1,1955,4
1824,4,3,2,1981,4
1301,4,2,3,1958,3
2415,2,1,3,1992,2
2545,2,2,3,1959,4
1968,5,1,3,2013,1
1368,5,3,1,1977,2
1232,2,1,3,1998,2
1906,5,2,2,1962,5
2035,2,3,3,1981,1
2929,2,3,1,2002,4
1920,5,2,1,1987,1
1688,2,2,1,1993,2
2034,2,3,3,2020,5
2469,5,3,1,1963,2
1629,3,3,1,2008,1
2574,4,2,1,2013,5
1052,3,1,1,1990,2
2741,4,3,3,2014,5
1998,2,2,1,1982,4
1823,5,3,2,1959,3
2383,4,2,1,1999,2
1384,4,3,2,1991,1
1055,4,1,3,2012,1
1899,2,2,2,1960,1
2276,5,2,3,1993,5
1797,2,3,2,1950,3
1779,3,1,2,1973,4
2015,5,3,1,1996,5
1802,2,3,3,1980,2
2203,4,2,3,1962,4
2438,2,1,1,1987,2
2893,4,3,3,2017,5
2258,2,1,2,1974,4
1854,2,3,3,2013,2
1707,2,1,2,1991,3
2843,2,3,2,1995,5
2103,2,1,1,1966,2
2670,5,3,3,1955,3
1021,2,2,1,1985,1
2500,2,3,3,2006,4
1842,4,3,3,1967,3
2463,3,2,1,2010,4
2593,5,1,1,1991,3
2116,2,3,2,2020,3
1191,3,1,2,1978,1
2018,4,2,3,1951,4
2126,4,1,1,1988,4
1395,5,2,3,1953,2
1639,3,2,3,2021,2
2018,3,3,2,1977,2
1566,3,1,2,2004,4
1230,2,2,2,1953,1
1873,4,3,1,1973,2
1573,4,3,1,1957,2
1089,3,2,2,1980,2
1231,4,1,2,1973,2
1456,3,2,2,2010,3
1232,2,3,1,1975,1
1353,3,2,1,2012,1
2004,5,1,1,2001,3
2356,2,1,1,1994,1
1438,3,1,3,1967,3
2398,2,1,3,2005,2
2315,4,1,1,1985,5
1344,5,1,3,1987,2
1663,2,2,2,2003,1
2451,3,1,3,1973,5
1656,4,2,1,1970,2
1129,3,2,1,2020,1
1140,3,3,2,1994,2
1414,2,2,1,1955,3
2116,2,2,1,1995,3
1625,3,2,1,2003,2
1283,2,1,1,1982,2
2979,3,2,1,1970,5
2946,2,3,1,2013,5
2678,5,2,3,1970,3
1222,2,1,1,1999,2
1743,3,2,2,1958,2
1462,4,1,3,2010,2
2568,2,1,1,1979,4
2299,5,1,3,1999,3
2705,5,2,1,1977,5
2163,5,2,1,2020,5
1356,5,2,3,1972,4
2736,3,3,3,2004,4
2046,5,3,2,1974,2
2991,4,1,3,1964,5
2759,2,3,1,1952,4
2903,5,2,1,1967,5
2293,2,2,2,2018,3
1858,3,2,3,1965,3
1664,2,3,3,1973,1
2356,3,1,2,1986,4
2014,3,3,3,1980,3
1620,5,2,3,1970,4
2054,4,1,3,1971,4
2764,2,3,1,1994,3
2913,2,3,2,2010,5
1362,4,2,2,1965,2
1821,2,2,2,1960,2
2412,4,3,3,2006,4
2676,4,2,1,1985,4
1667,2,3,2,1986,1
2322,2,1,2,1986,4
2394,4,2,2,1995,3
1046,5,2,2,2017,1
1838,5,2,3,1986,2
1421,3,1,1,1972,3
2503,5,3,1,1968,3
2602,2,3,2,1999,4
2132,2,3,1,1981,3
2702,5,2,2,2020,4
2572,5,3,2,1989,2
2142,2,2,2,1955,2
2009,3,2,1,1981,3
1597,2,3,3,1958,1
2405,3,2,3,1993,4
1391,5,3,3,1998,2
1976,4,1,2,1975,5
2075,4,2,3,2001,4
1602,2,2,1,1984,1
2312,3,1,2,1969,2
1336,5,2,1,1992,3
1809,4,1,1,2002,1
2227,2,3,1,2003,4
2261,5,3,2,2016,4
2405,5,1,2,1997,5
2690,2,1,1,1960,5
1751,2,1,2,1976,3
2159,2,2,2,2017,2
2385,2,2,1,1984,3
2404,5,3,2,1951,4
1880,2,1,1,1959,3
2599,2,3,2,1969,5
1634,2,1,1,2008,4
1253,5,1,1,2018,2
2500,2,3,2,1967,4
2137,2,1,1,2018,3
1019,5,2,3,1987,1
1527,2,2,3,1968,3
2168,4,3,1,1958,4
2231,4,3,1,1967,3
2554,2,3,1,2003,4
1375,3,2,2,1986,2
2527,5,1,3,2013,4
2927,2,3,2,2004,3
1165,5,1,2,2016,1
2573,3,1,3,1952,5
2204,3,3,2,1962,4
1860,5,3,2,1954,4
1616,3,2,3,2000,3
1611,3,3,1,1968,4
2625,5,2,2,2011,4
2950,3,2,2,1976,5
2835,4,1,2,1974,2
2467,2,2,3,2003,3
2355,4,1,1,1994,4
1502,4,2,1,1961,3
1912,2,3,2,1958,3
1584,2,3,2,2003,4
2958,2,1,3,1975,4
2961,5,2,2,1982,3
1395,2,3,3,1966,3
2631,3,1,1,1968,5
2880,3,3,1,1989,5
2126,4,1,2,1991,3
1974,2,1,3,2012,1
1517,2,2,3,1972,2
1633,5,1,3,1968,4
2450,3,3,1,2008,4
1115,3,2,1,1974,2
2186,3,3,1,1980,2
1225,4,1,1,2020,2
1229,2,3,2,2020,2
1181,3,3,2,1968,1
2272,5,3,3,1976,5
2341,3,3,2,1983,4
1209,3,3,1,1971,1
2679,2,3,2,2020,5
2415,2,1,3,1987,2
2880,3,3,2,2020,4
1095,5,1,1,1980,1
1893,4,1,2,1986,2
2881,2,3,2,2008,4
1755,4,2,2,1981,3
2109,3,1,2,2021,3
1414,2,1,1,2012,2
1393,2,2,1,1966,4
1695,3,2,3,2006,2
2656,4,3,3,1967,4
1843,5,2,1,2012,2
2524,3,1,3,1997,4
1603,3,2,1,1987,2
1581,5,1,3,1954,4
2939,5,3,3,2006,5
1132,5,2,2,2004,1
1790,5,2,1,1989,5
1648,3,3,3,1952,2
2337,5,3,3,2014,2
2722,4,2,2,1964,4
1975,2,2,3,1952,3
2461,2,2,3,2007,4
2069,5,1,3,1966,4
2813,3,2,3,1954,4
2215,3,1,2,1998,4
2402,3,1,3,1997,4
1787,4,3,3,2009,4
1690,4,2,1,1959,3
2357,4,3,1,1954,5
1038,5,3,3,2019,1
2316,3,1,2,1990,4
1689,2,3,3,1972,2
1161,4,2,1,1966,1
2354,2,2,1,1996,3
2127,3,3,3,1950,3
1160,5,2,1,1986,1
2658,4,2,2,1954,4
2077,2,1,1,2016,3
2963,5,1,1,1952,5
2057,3,2,2,1953,4
1966,3,1,2,1972,4
1889,5,2,1,1985,3
2013,5,1,3,1969,4
1317,5,1,3,1981,3
1022,5,1,3,1978,1
2581,5,2,2,1997,5
1823,3,2,1,1986,3
2670,3,2,1,2019,5
2141,2,2,3,1967,4
1700,4,1,2,2013,2
2666,4,3,1,2010,3
2018,5,2,3,1964,2
2235,3,2,1,1997,4
2441,4,1,3,1961,3
2136,2,3,2,1963,2
2067,5,2,3,1983,3
1127,3,1,3,1971,3
1875,5,2,1,1974,2
1826,4,3,1,2014,3
2417,4,1,2,2019,4
2890,5,3,2,2001,4
1851,4,1,2,1969,2
1511,3,1,3,2019,2
2937,4,2,1,1960,5
2131,5,3,2,2018,3
1218,3,1,1,2016,2
1442,5,3,1,1980,3
2853,4,2,1,2012,4
1314,3,3,2,2006,2
1176,5,2,2,2001,2
1227,3,3,3,1983,1
2726,3,3,3,1993,4
2695,4,3,3,1972,4
1266,2,1,2,2015,1
1869,3,3,1,1971,2
1837,4,2,3,1990,4
2402,5,1,2,2015,4
1488,2,1,1,1975,3
1701,2,1,3,2009,2
1686,5,1,1,1980,3
1995,3,3,3,1963,3
2680,5,3,1,1992,4
2767,5,2,3,2004,5
1871,5,2,3,2018,3
2236,3,1,1,1961,2
1551,4,3,2,2006,2
2810,5,2,1,1992,5
1322,5,1,1,2010,1
1593,3,3,3,1978,4
1180,3,1,1,2003,2
1498,4,3,3,1979,2
2343,2,3,1,1987,4
1302,2,1,3,1998,4
1261,2,2,1,2002,1
1783,5,3,1,2014,2
2223,2,2,2,1967,5
2263,5,2,3,1976,3
1913,5,3,2,1966,3
1691,4,3,2,1959,2
1943,2,2,2,2004,1
1682,3,2,2,2017,3
2318,3,2,1,1960,4
2535,3,3,1,2009,5
1688,4,1,2,2014,2
2904,5,3,2,1981,3
1395,5,2,1,2019,2
2772,3,1,3,1975,4
2161,5,3,1,1954,2
1838,5,1,1,1973,3
1877,4,1,1,1951,2
1822,2,2,2,1995,2
2152,2,3,2,1975,4
1048,4,3,2,1980,1
2699,4,1,2,1980,4
1788,5,3,3,1969,4
1292,4,3,1,1976,2
2651,5,3,3,2011,5
1536,5,2,2,2005,1
2926,2,3,3,1995,5
1638,2,3,3,1963,3
2232,2,3,3,1956,2
1604,4,3,2,1968,3
1326,5,1,3,1984,1
1224,4,1,3,1980,2
1889,5,2,2,2021,3
1010,3,3,1,2004,1
2352,5,2,3,1987,4
2035,3,2,3,1969,4
1034,5,3,3,1986,2
2475,2,3,3,1977,2
2763,5,1,2,1951,5
2243,4,1,2,2005,2
1440,4,3,1,1973,2
1652,4,3,3,2008,3
2558,3,1,2,1980,4
1594,4,3,3,1951,1
1228,5,3,1,1986,2
2958,3,1,1,2010,4
1343,2,2,1,1981,1
2103,4,3,2,2020,3
2376,5,1,1,2012,3
2419,5,1,3,1959,5
2313,3,1,1,2000,5
2478,2,2,1,1953,4
2866,3,3,1,1985,4
2694,4,3,3,1980,4
1988,2,3,3,2011,2
2151,2,2,1,1965,3
2725,2,1,2,2005,3
1908,3,1,2,1958,3
2566,5,3,2,1999,4
2921,3,2,1,1950,4
2382,5,1,1,1995,5
1526,3,2,2,1956,1
2336,5,3,2,1995,3
2894,5,2,3,2019,5
1195,4,2,2,1973,3
2866,4,1,3,1975,5
1028,5,1,3,1957,1
1705,5,2,1,1989,2
2020,5,1,3,2020,3
1015,5,3,1,1983,1
2446,2,3,1,2008,4
1804,2,1,3,1961,3
2616,4,1,2,1955,5
2428,5,2,1,1990,5
1939,4,2,3,1977,1
2659,4,3,2,1974,4
2554,3,2,2,1954,5
1966,3,1,2,1973,2
2637,5,2,1,1978,3
2927,2,2,2,1978,4
2100,3,2,2,1961,4
1228,5,1,3,1957,3
1961,2,2,1,2000,3
2320,3,2,1,1996,4
2533,4,2,3,1995,4
1714,3,1,2,1951,3
1983,5,2,2,1997,2
2989,3,3,3,1999,3
1572,3,3,3,1980,2
2561,2,1,1,2015,5
2606,2,1,3,1998,5
1614,4,2,2,1990,2
1325,5,1,2,1961,1
2386,4,2,2,1952,4
1874,3,2,2,1974,4
1358,4,2,3,1973,3
2729,2,1,1,1989,3
1323,5,1,1,1952,1
2721,4,2,2,1959,4
2349,5,3,3,2013,5
2648,5,2,1,1971,5
2848,4,2,1,1966,5
1164,4,2,1,1990,2
2596,4,2,3,2001,4
1797,2,1,2,2001,4
1454,3,1,3,1967,3
2176,3,3,3,1954,2
2760,4,3,2,2004,4
2150,5,1,2,1991,3
1192,5,3,2,1983,2
1626,3,2,1,1990,3
2797,2,1,2,2018,4
1529,5,2,1,1952,3
2033,3,3,3,1981,3
1480,3,1,1,2014,1
2356,4,1,1,1994,2
1868,3,3,3,1957,4
1339,4,2,1,2007,3
2984,2,3,2,2000,4
2075,4,2,1,2005,4
1465,3,2,2,1973,2
1717,4,1,3,1972,1
1798,3,2,2,1971,2
1474,2,2,2,2015,1
1400,5,1,3,1962,1
2462,5,3,2,1958,3
2901,5,2,1,1972,3
1604,5,3,3,1974,2
1931,5,2,3,1996,1
1996,2,2,2,2008,3
1921,5,3,2,2001,3
1820,5,2,3,1990,3
1656,3,2,1,1966,2
1597,4,3,2,1989,3
2176,4,3,2,1990,5
1513,4,3,2,1955,2
2526,2,2,3,1971,3
2924,3,3,1,1976,5
2795,2,3,3,1964,4
2029,3,1,1,1980,3
1499,3,1,3,2018,3
2684,5,3,1,2009,5
1716,5,3,3,1993,4
2141,3,1,1,1990,3
2508,2,1,1,2005,3
1600,5,3,2,2012,1
1665,4,1,3,1978,4
2974,3,2,3,1963,4
2702,3,1,3,1956,4
1467,5,1,3,1952,2
1160,5,1,2,2002,2
1269,4,1,2,1974,3
2079,4,2,2,1981,2
1848,4,1,3,1965,3
1148,3,1,1,1968,3
2069,5,1,3,2021,3
2167,2,2,3,1991,3
2807,5,1,2,1955,5
1631,4,3,3,1975,1
2363,4,2,3,2017,2
2755,4,2,2,1999,4
1519,3,1,1,1983,2
2367,5,3,3,2012,4
2496,5,1,3,1982,4
1274,3,1,2,2007,1
1352,3,3,1,2003,4
2089,3,2,1,1974,3
2102,4,1,2,1975,1
1597,2,2,1,1982,3
2659,4,1,1,2020,5
2225,2,1,3,2015,5
2685,4,1,2,2015,4
1557,5,3,3,1977,4
1112,3,3,1,1972,2
2114,4,1,3,1953,3
1140,3,2,1,1992,2
2312,4,1,1,1958,3
2924,5,2,3,1982,4
1729,3,1,3,1962,1
1588,5,2,2,2020,2
1410,2,2,2,1956,3
1376,3,1,3,1999,1
2407,4,1,1,1989,4
2869,3,1,1,2002,5
2175,2,3,2,1987,4
2858,2,2,3,1984,4
1750,4,1,2,1994,2
1626,5,3,2,1953,2
2342,3,1,3,2008,5
2392,5,3,1,1999,5
2629,5,3,2,2013,5
1994,4,2,3,1969,2
2583,3,1,3,1957,4
1702,2,3,3,1988,4
1461,4,1,1,2016,2
1011,5,2,3,2021,2
2179,2,3,2,1963,2
2707,5,1,2,1970,3
1476,3,2,3,1986,1
1938,5,2,1,2016,1
1400,2,3,1,1975,1
1807,3,2,3,1981,2
1176,4,3,1,1952,1
2364,5,2,3,2005,3
1056,3,1,1,1973,1
2878,3,1,1,2009,3
1447,4,1,2,1974,2
1202,2,2,2,2013,1
2720,3,2,2,1988,3
2656,3,2,2,1997,5
1737,2,2,2,2017,3
1201,5,3,2,1997,1
2353,3,1,3,1954,3
1362,3,1,1,2010,2
1891,5,1,2,2001,2
1453,4,3,2,2004,3
1355,4,2,1,1953,3
1215,4,3,3,2014,1
1971,2,1,3,2016,3
1554,5,2,3,1989,1
1886,4,2,1,1960,1
1154,5,1,2,1969,1
2209,4,1,2,1969,2
1248,3,3,3,1989,2
1748,3,1,1,1983,3
1804,4,2,3,1956,4
1133,4,2,1,1996,2
1320,2,1,2,1997,3
1389,3,2,2,1978,2
1433,5,2,3,1996,2
2045,4,3,1,1951,4
1872,5,2,2,1953,2
2623,4,2,1,2004,4
2688,3,1,2,1970,5
2148,4,1,3,2016,3
2102,5,2,3,1990,3
1857,3,3,2,1999,2
2751,2,2,2,1969,4
1175,5,2,3,2001,3
1869,4,2,2,1996,4
1252,4,3,3,2020,1
1965,4,3,1,1972,3
2269,5,3,2,1966,5
1738,2,3,3,1980,3
2129,5,2,3,2021,4
2216,4,3,3,1990,4
2339,5,3,1,1957,4
1547,5,1,1,1977,3
2977,3,2,1,2020,4
1715,5,3,2,2000,2
2957,4,2,1,2002,5
1778,4,2,2,1990,2
1267,5,2,2,1976,1
2009,3,1,3,1964,4
1550,2,3,2,1953,2
2478,2,2,3,1985,5
2315,2,2,2,1971,3
2587,2,3,3,2017,4
2822,4,2,2,2009,5
2824,4,1,2,1975,5
2164,4,2,3,1960,3
2169,5,3,3,1999,5
2448,5,3,3,1957,4
1183,5,2,1,1994,3
1712,5,1,2,1994,5
1127,2,1,1,2014,3
2310,4,1,1,1965,3
2846,2,1,2,1995,4
2276,5,1,1,1952,2
2801,3,2,3,2009,4
1699,3,1,2,1992,3
2253,2,2,3,2020,4
1270,3,3,1,1964,2
2794,3,2,2,2021,4
1810,4,2,2,1974,3
1414,4,3,3,1950,3
2346,3,3,2,1965,3
2079,2,1,2,2005,3
1830,2,2,3,1961,2
2226,4,3,2,1957,1
2806,2,1,3,2021,5
2644,5,3,2,2015,4
1627,2,3,1,1990,1
1603,3,3,1,2009,1
2161,2,2,2,1969,2
2445,5,1,2,2007,4
2080,3,1,1,1999,4
2585,3,3,1,1977,4
2009,2,3,2,2015,2
1070,5,2,2,2016,2
1910,5,1,3,1986,4
1593,3,3,3,1978,1
2395,5,1,2,2005,2
1599,3,2,3,1993,3
1513,2,2,1,2008,2
2895,3,2,2,1991,4
1083,3,3,2,1967,1
1993,5,2,2,1994,2
2066,4,3,3,2007,2
2689,5,2,2,1975,4
1838,2,1,2,1962,2
2957,3,2,1,1985,4
1605,5,1,3,2015,2
1809,3,2,3,1982,4
1132,5,3,3,1977,1
2418,2,1,3,1995,5
2088,2,1,2,1972,3
1289,2,3,3,1972,2
1375,5,1,2,1993,1
1768,4,1,2,1988,4
1466,2,3,3,2002,2
2921,5,1,3,1972,5
2236,4,1,2,2002,4
2171,5,3,1,2021,3
2596,5,1,1,1972,5
1470,2,3,3,1998,1
1148,4,1,2,1990,1
1087,5,3,2,2000,1
2347,5,2,3,1977,3
2918,5,1,1,1964,4
1395,5,1,1,1970,1
1789,2,2,1,1955,2
2427,5,2,3,1957,3
2105,4,3,3,1982,3
2664,3,1,1,1970,5
2309,4,1,3,2017,3
2405,5,3,2,1958,4
1864,5,2,1,1977,5
2293,3,2,2,1974,2
2315,2,3,2,1970,4
2476,3,1,1,1969,3
2738,3,3,2,1965,3
1023,3,3,2,1951,1
1955,4,1,3,1996,4
2484,5,3,1,1960,4
2231,4,3,3,1956,3
2815,4,2,3,1990,3
2740,3,3,3,1956,5
1663,5,3,1,2002,1
1437,5,1,3,2012,2
2561,5,3,1,2009,5
1705,4,3,1,1990,3
2359,2,1,3,1982,3
1421,5,2,2,1957,2
2773,4,1,3,2021,5
1320,3,2,1,1950,2
2520,5,1,2,2010,4
1586,3,3,3,1981,3
1946,5,2,2,1952,4
2186,3,1,1,2018,4
2834,4,1,3,1993,3
2564,3,2,3,1963,3
2188,4,2,2,1999,4
1848,3,2,3,1973,3
2721,3,2,2,2002,5
2589,3,1,2,1973,5
2318,5,2,1,1958,5
1041,2,2,3,1993,1
2947,2,2,2,1989,3
1938,3,2,2,1979,3
1386,3,3,2,1991,2
2161,5,2,1,1962,1
2210,4,2,3,2009,4
1909,4,1,3,1970,2
1715,5,1,1,1950,2
1430,2,1,3,2007,1
1553,4,1,1,1965,3
2439,4,3,2,1984,4
1799,5,2,1,2006,3
1425,4,2,3,1976,2
2439,4,2,2,2009,3
2394,2,2,2,1956,5
1384,2,2,1,1997,2
1055,4,3,1,1989,1
2276,4,1,1,1959,5
1633,2,3,2,1971,1
1105,5,3,3,1982,1
2153,3,2,3,2012,3
1848,4,3,1,1970,3
1669,3,3,1,1987,3
1375,4,2,3,1998,3
1742,2,1,3,1981,3
1966,5,2,3,2019,2
1307,4,1,1,1982,4
1090,3,3,3,1979,1
2416,2,1,3,1976,4
2557,4,2,2,1975,4
1801,5,1,1,2005,2
1109,4,2,3,2012,3
2664,5,2,2,1977,5
1584,2,1,1,1953,2
2588,5,3,3,1961,4
1978,2,3,1,1950,3
1355,4,1,2,2002,1
2915,5,1,1,2005,5
1167,2,1,2,1961,1
1556,4,1,3,2019,2
2475,5,2,1,2003,4
1904,2,2,1,1977,3
1104,2,3,3,2005,1
1149,4,1,2,1991,3
1145,2,3,2,2010,1
1715,4,2,1,1973,4
1873,4,1,2,2021,2
1298,5,3,2,1975,1
2190,4,1,3,1996,2
1645,4,1,3,1997,2
1722,5,3,2,1989,1
2071,2,1,3,1961,2
1637,5,3,1,2013,3
1238,3,2,1,1958,1
2030,5,3,1,1986,3
1463,3,3,2,1967,1
1452,3,2,1,1989,3
1783,4,2,1,1984,4
1896,2,3,3,1969,4
1370,4,1,3,2010,3
2572,2,2,1,1961,4
1486,5,1,1,2010,2
2234,3,2,2,2008,1
1164,3,3,2,1993,1
2148,3,3,2,1986,3
2360,5,2,2,1988,4
1191,5,3,3,2004,1
1729,4,1,2,1979,2
1573,2,3,3,2021,4
2351,2,3,3,2002,4
1956,3,2,2,1991,2
1380,5,2,2,1977,1
1672,5,3,3,2004,4
2601,4,2,1,2014,2
1797,4,1,1,1964,3
1238,2,1,1,1961,1
2555,2,1,2,2010,4
1699,4,1,1,1968,2
2105,4,3,1,1994,4
2386,5,2,3,1987,4
1504,2,1,2,2016,2
1201,4,3,1,2016,1
1919,4,1,1,1994,3
2527,3,2,2,1961,5
2667,4,2,1,2021,5
1036,4,2,3,1999,2
1643,5,1,1,1963,2
2612,4,1,1,1972,4
2624,2,1,1,1983,3
2996,3,3,3,1992,5
2425,5,3,3,1984,3
1764,2,2,1,2002,2
2879,3,2,1,1963,5
1705,3,1,1,2016,1
2199,4,2,3,2015,4
1544,3,2,3,2004,3
2593,3,3,2,1991,3
2490,4,2,1,1975,5
2224,5,1,1,2021,3
1539,4,3,3,1976,2
2570,5,1,2,1987,5
2016,3,1,1,1968,2
1393,5,1,2,1955,2
1832,5,2,2,1993,5
2065,5,2,3,1950,5
1596,5,3,3,1979,3
1699,2,1,2,2012,3
2646,5,3,2,1978,3
2806,2,3,3,1965,5
1440,3,1,1,1995,2
2860,5,1,2,1973,5
2640,2,1,1,1992,4
2529,5,3,3,1985,4
1917,5,3,1,1964,2
1319,3,1,3,1995,1
1552,5,3,1,1987,3
2238,2,1,2,1970,2
2094,2,2,1,1950,2
1567,3,3,2,1974,4
1918,4,3,2,2000,3
1235,4,3,2,1967,2
2304,3,1,3,1953,3
1986,3,3,2,1994,2
2640,4,1,1,1972,5
2925,4,3,3,1974,5
2185,2,3,2,1995,3
2214,2,3,3,1977,3
2032,4,2,3,1987,5
1059,3,2,2,1983,2
1892,5,2,3,2007,3
2840,2,1,2,1993,5
1224,5,2,2,1985,2
2842,3,1,2,1982,4
1699,4,2,3,2016,1
2828,4,3,1,1958,5
2310,3,3,3,1951,3
1993,2,2,3,1963,4
1168,3,1,1,1995,3
2085,3,3,3,1973,4
2372,2,3,1,1990,4
2443,5,1,1,1972,3
1756,2,1,3,1979,1
2870,2,1,2,2009,4
2543,2,1,2,2010,4
2689,2,1,3,2005,4
2571,2,2,2,1954,5
2583,4,2,3,1955,4
2620,3,3,2,2014,4
2051,4,1,2,1969,3
2731,3,1,2,1976,3
1445,2,3,1,1982,2
2231,4,1,3,2014,4
2493,3,3,2,1963,5
1715,3,2,3,1952,2
1975,2,1,2,1964,5
1818,2,1,1,1978,3
1103,5,1,1,2003,2
1741,5,1,1,1997,3
2124,5,2,3,1967,4
2564,4,1,1,1959,4
1638,3,1,1,2012,3
1849,4,3,1,1952,3
2545,5,2,1,1959,5
2129,4,1,1,2021,3
2702,3,1,3,1992,4
1768,4,2,1,2005,2
2830,3,3,1,1988,5
1276,5,2,1,2010,3
2088,3,2,3,1990,3
1899,2,2,1,2006,3
2340,3,3,2,1983,5
2939,3,1,3,1967,3
2161,2,1,3,1971,1
2366,2,2,2,1990,3
1545,4,3,1,1990,3
1379,4,3,1,1959,2
1109,2,2,2,2011,2
2967,5,2,3,1972,5
1544,2,1,3,1952,1
1353,2,2,1,2020,1
1742,3,2,3,2021,2
1316,3,2,3,2010,2
2289,3,3,2,1993,5
2717,2,1,1,2014,3
2088,4,3,3,1974,4
1332,4,2,1,1975,4
2536,3,3,3,1984,4
2156,5,1,1,1977,5
1591,3,1,2,1961,2
1782,5,1,1,1992,3
2776,5,3,2,1974,5
1539,5,3,3,1978,2
1734,2,3,2,2003,3
2558,5,1,3,2001,5
2519,2,1,2,1950,5
1620,4,1,1,1989,3
1618,4,3,3,2000,3
2680,2,1,3,1974,4
2392,4,1,2,1966,5
2889,4,2,1,1956,5
1908,3,3,1,2007,4
2674,2,1,2,2021,3
2819,2,2,1,1978,4
2833,3,2,2,1993,5
1991,2,1,1,2001,1
1316,5,1,3,1995,2
1122,3,3,1,2001,1
2343,3,2,2,1995,3
1798,2,2,2,1978,4
2518,5,1,3,2018,4
1456,5,3,3,2009,3
1521,4,2,1,1952,3
1519,5,3,1,2018,1
1916,2,3,2,2021,3
1716,4,2,3,2001,4
1314,5,3,1,1986,3
2969,2,1,2,1967,5
1708,4,1,1,2020,2
1709,4,1,3,1996,3
2565,5,3,3,2021,4
2502,4,1,3,1978,4
2936,3,2,3,1967,3
2043,5,1,2,2010,2
1559,2,1,3,2010,2
1968,2,1,2,1954,3
2153,3,1,3,1990,4
2316,4,2,1,1974,3
2920,3,1,3,2014,4
2155,3,2,1,1990,3
1355,4,3,3,2000,1
2077,5,2,3,1998,5
1889,2,1,1,1996,3
1792,5,1,2,1954,1
2410,5,3,2,1973,2
1264,3,2,3,2019,2
1981,4,1,3,2009,3
2238,4,2,2,1979,4
2483,2,1,1,1961,4
2481,4,3,3,1964,3
1801,5,2,1,1963,1
1042,4,1,2,1957,2
2609,4,3,3,1997,4
1861,5,1,2,1962,1
2301,2,1,2,1977,5
2861,2,3,1,1998,5
2777,5,2,1,1975,3
2153,4,2,1,2005,2
1349,4,3,1,1990,2
2729,2,3,3,1989,3
2567,2,3,3,1972,3
2129,2,3,3,2010,3
1911,3,2,1,1964,3
2739,2,3,2,1950,5
1000,4,3,3,1998,1
2780,2,2,1,2015,3
1583,4,1,3,1999,3
1431,4,1,3,1963,2
2329,4,2,3,1975,2
2550,2,2,3,1967,4
1052,5,2,2,1980,2
1939,2,3,3,1983,3
1519,2,3,1,1991,1
2353,2,2,1,2018,3
2581,3,1,3,2012,4
2348,2,1,3,1981,3
2137,3,2,2,1976,3
2189,4,1,2,1950,2
2402,4,1,1,2017,3
2162,4,3,3,2007,4
1628,3,1,3,2004,3
1298,3,1,3,2017,2
2299,4,1,1,1969,4
2939,2,1,2,1961,5
1788,4,3,1,2013,1
1849,4,3,1,1983,3
2848,3,3,3,1989,5
1177,4,1,1,1995,2
1841,3,3,2,1979,2
2377,5,2,3,1996,3
2177,3,3,3,1995,4
2949,4,1,3,1971,5
2224,2,1,2,1956,5
1877,3,2,1,1985,2
2138,3,3,3,1958,4
2694,3,2,1,1992,4
2577,4,1,3,1953,4
1758,4,3,2,1987,3
2091,3,3,1,1977,5
2468,2,3,1,2018,1
1444,4,2,1,1951,1
2349,2,1,2,1960,2
2869,5,3,2,1979,5
1707,2,2,2,1993,2
1601,4,2,2,1964,3
2646,3,3,3,1989,3
2903,5,2,1,2003,4
2382,2,1,2,1950,3
1508,2,2,3,2021,2
2202,3,3,2,1971,4
1752,5,2,3,2009,2
2854,2,2,2,1958,4
1476,2,1,2,1957,2
2866,5,3,3,1992,5
2999,2,3,1,2002,5
2437,3,2,2,1971,4
2176,2,1,3,2006,4
2127,2,2,1,1951,3
2098,3,1,2,2019,3
2151,3,3,2,1960,3
2734,4,3,3,2004,4
1665,3,3,3,1968,1
2813,5,1,3,1991,3
2368,2,1,2,1973,4
1530,4,2,2,1959,3
1158,5,2,1,1994,2
2561,4,2,1,1967,5
2449,2,2,1,1974,4
1680,3,2,3,1989,4
1022,5,2,2,2012,1
2070,2,3,3,2012,4
1524,5,1,2,2012,3
1728,4,2,1,2013,2
2857,2,1,2,1958,4
2729,5,3,2,1984,4
1143,2,1,1,1977,1
2608,2,3,1,1962,4
1667,4,1,2,1970,2
2612,4,3,3,2005,3
2442,4,3,1,1958,4
1680,3,3,1,1995,2
1972,5,3,3,1970,3
1798,4,2,3,1990,3
1084,3,2,3,2019,1
1415,3,3,3,2012,1
1693,5,1,1,1978,3
1481,5,1,3,2014,3
1455,4,2,3,1958,2
1826,3,1,3,2016,3
1296,5,3,2,1958,2
2135,5,3,1,1973,3
2253,5,2,3,1965,4
2119,3,2,1,2020,4
1949,2,1,3,1966,2
1679,5,2,1,1983,3
1377,3,1,3,1968,1
2179,5,1,1,1957,3
1420,3,2,2,1998,1
1104,4,1,2,1972,2
2728,2,2,3,1965,5
1329,3,3,3,2007,3
1438,3,3,1,1963,2
2155,3,2,2,2010,4
2890,5,1,3,2004,4
1381,4,3,1,1993,2
1942,4,3,2,1974,3
1842,2,2,1,1974,3
1269,5,1,1,2009,3
2573,3,2,1,1974,4
1395,2,1,3,2012,2
2580,5,3,2,2021,5
1912,4,2,3,2001,4
1463,5,3,1,1955,2
1449,3,1,1,1963,2
2354,3,2,3,1955,4
2276,2,3,3,1986,5
2704,3,2,1,1956,3
2986,5,3,3,1961,4
2308,5,3,1,1958,3
2297,4,1,2,1996,4
1238,2,2,2,1975,2
2293,2,1,2,1996,3
1417,3,1,2,1989,2
2968,4,2,3,2010,5
2054,3,2,2,1950,2
2127,2,3,2,1981,4
2705,2,3,2,2019,4
1185,4,2,3,2007,2
2151,5,1,3,1981,3
2233,5,3,1,1995,4
2437,2,1,1,2018,3
2304,4,3,1,1970,4
2982,3,1,3,1963,5
1252,4,3,1,1990,1
1018,3,1,3,2006,2
1711,3,3,2,1997,2
2755,2,3,1,1999,5
2159,3,3,2,1973,2
1222,5,2,3,2020,1
1002,2,3,3,2008,1
2259,4,1,2,1977,4
1853,3,3,2,1970,3
2488,5,1,2,1986,5
1227,4,3,1,1965,1
1912,3,1,3,2019,3
2677,4,3,2,1970,5
1498,5,3,1,2003,2
1520,3,1,2,1951,2
1701,5,3,3,1965,1
2885,3,1,1,1964,5
1916,5,3,1,1965,5
2700,4,2,1,2007,4
2162,5,3,1,1976,3
2299,4,3,1,1973,5
2076,3,2,3,1983,3
2710,5,3,1,1987,4
2133,3,2,3,1992,3
1714,4,2,3,1970,2
1947,4,2,2,1979,4
1647,2,1,2,1990,2
2027,5,1,2,1955,4
2690,5,3,1,2011,4
1683,3,2,2,1986,2
1869,3,1,2,1967,2
2070,4,3,1,1959,4
1093,2,2,1,2016,2
1939,4,2,3,2011,2
1559,3,2,3,2017,2
2882,2,3,2,2013,4
1212,4,2,2,1950,2
1435,5,1,1,2021,3
1851,2,2,2,1984,2
1507,5,1,2,1964,3
1835,4,3,3,1958,1
1650,2,3,1,1993,3
1204,4,3,1,1989,2
2096,5,1,1,2005,3
2539,5,1,3,1955,3
2099,5,2,3,1968,2
2864,4,2,3,2020,4
1076,3,3,2,1965,2
1815,4,3,2,2009,2
1767,3,1,1,1978,2
2637,5,3,2,2015,4
1105,5,3,1,1950,3
2868,4,1,1,1951,5
1550,3,1,3,1995,1
2499,2,1,3,1987,5
1825,4,3,1,1976,4
2298,2,1,1,1989,3
1087,3,1,1,1953,2
1880,5,1,2,2013,3
2100,3,2,1,1989,2
2100,5,2,1,1981,4
2465,4,3,1,1980,3
1539,3,3,2,1992,1
1244,5,3,3,1973,1
1577,3,3,3,1952,3
2801,2,1,1,2016,5
2405,4,1,2,2015,3
1981,4,1,2,1976,4
1716,4,2,1,1960,2
2593,5,3,1,1986,4
2736,2,1,1,1960,3
2760,5,1,2,1984,4
1141,5,3,3,1999,2
1892,3,2,2,1980,2
2391,4,2,2,1982,3
2107,5,3,2,1963,2
2166,4,3,3,1985,2
1912,4,3,1,1992,2
1151,4,2,3,2005,1
2181,2,2,1,1977,3
2469,2,1,1,1983,4
1652,5,1,3,1981,3
1957,2,3,1,2009,2
1762,5,2,2,1965,4
2326,2,1,1,2012,4
1623,5,1,2,2013,3
1655,3,2,1,1977,2
1449,3,2,1,1981,3
1720,5,2,3,2016,4
2247,4,2,2,1982,5
1042,3,1,2,2005,2
2779,4,3,2,1984,5
2026,2,2,2,1975,3
2660,3,3,2,1987,4
2291,2,1,2,1976,3
1595,5,2,3,2011,3
2039,4,3,3,1975,5
2357,3,3,1,2011,4
2487,4,3,3,1956,4
2082,5,1,1,2000,2
2012,3,1,2,1966,1
1176,2,3,3,1959,1
1062,4,1,1,1959,2
1957,3,1,1,2019,3
2002,3,3,2,1985,2
1560,5,3,1,1986,3
2330,3,2,2,1974,3
2269,3,3,3,1974,2
2312,5,2,2,1950,2
2821,2,2,3,2004,5
1954,2,3,3,2003,4
2355,3,1,1,2000,2
2550,2,2,2,1996,4
1849,5,2,2,1984,3
2278,2,2,1,1986,3
1603,3,1,2,1960,3
2533,5,1,2,1950,3
2814,2,2,1,2004,5
2741,4,1,3,2007,5
1605,4,2,2,2006,3
2760,5,2,3,1978,5
2836,2,1,1,1958,4
1829,3,3,1,1971,2
2486,4,2,3,1965,3
2222,2,2,2,2001,3
2294,2,2,3,1994,3
1745,3,2,2,2015,3
1557,3,2,3,1969,2
2253,3,1,2,1969,4
1941,5,2,2,1965,3
1248,4,3,1,1985,2
2269,2,3,1,1990,3
1939,2,1,2,1982,3
1734,3,2,3,1956,3
2725,2,3,1,2007,3
1984,2,1,1,1953,1
2587,2,1,2,2006,4
2973,2,3,1,2013,5
2111,2,3,2,1962,3
2336,2,1,3,2002,3
2874,5,3,2,1970,4
2089,5,1,1,2003,4
1661,3,3,3,2000,2
2043,5,3,2,2004,5
1032,3,3,1,1988,2
2816,5,2,1,2009,5
1557,4,2,3,1983,4
1072,3,3,1,1995,2
1824,3,3,1,1978,3
2366,3,2,1,1974,4
2156,4,1,3,1974,3
2078,2,3,3,1962,3
1060,4,2,3,2019,1
2543,4,3,1,1969,4
1271,3,3,3,1955,2
1245,2,3,2,1956,2
2199,2,3,2,2016,3
1627,4,3,3,2010,2
2340,5,3,1,1991,5
2806,2,3,3,1954,5
1704,2,1,3,2000,2
2154,3,1,2,2006,4
2125,4,3,2,2007,5
1309,5,1,1,2008,1
2805,5,3,1,2021,5
2315,4,2,1,1998,5
2745,5,2,2,1987,4
2384,3,1,3,1985,5
1578,5,3,1,1994,3
1009,3,2,3,1995,1
1048,4,1,1,1963,1
1622,5,2,2,2019,3
2344,2,1,3,2000,4
1730,5,1,2,1952,2
2592,4,1,1,1952,5
1794,4,3,3,2000,3
1970,5,2,1,2003,3
2648,3,3,1,1983,3
2606,2,1,2,1952,3
1082,3,3,1,1970,3
1375,3,1,1,1986,3
1348,5,3,1,1966,4
1270,5,2,2,1971,2
2506,2,2,3,1959,5
1110,4,2,3,1993,1
1868,5,3,2,2000,3
1886,4,1,3,1957,2
1075,3,1,2,1991,1
2181,2,2,1,1963,4
2555,2,1,1,1966,4
2956,3,1,2,1966,4
2666,5,1,3,1993,3
1921,3,3,1,1999,4
1641,4,1,1,1972,4
2046,5,1,1,2018,3
1762,5,2,1,1966,1
1468,3,3,2,1969,2
2423,4,1,1,1979,4
1008,3,3,1,1980,1
1923,5,1,2,2017,3
1922,2,3,3,2021,1
2842,3,2,2,1961,4
2855,3,3,2,1965,4
2075,3,1,1,2009,4
2232,4,1,3,1958,3
2573,4,2,1,1999,5
2635,3,1,2,1958,4
2728,3,2,3,2001,3
2425,4,3,2,1995,4
2214,4,3,2,2014,4
2074,5,3,2,1984,4
2416,3,1,3,1973,3
1652,4,1,1,1976,4
2703,4,2,1,1986,5
1620,3,2,3,2013,2
2962,4,1,2,2021,5
2323,2,3,1,1970,4
2645,5,2,2,2013,4
1195,3,3,3,1984,3
1663,3,3,2,2021,4
2443,4,2,3,1980,2
2778,5,2,3,1993,3
2663,3,3,3,1961,3
2640,5,3,1,1973,5
2545,4,3,3,1961,5
2379,2,2,1,1971,4
2000,5,2,2,2005,3
2388,5,3,3,1964,4
1363,5,2,2,1979,2
2994,3,3,2,1982,5
2675,4,2,1,1997,4
2725,5,2,2,2021,5
1605,3,1,2,1990,3
2515,5,2,2,1995,5
1228,3,1,2,1965,2
2598,5,2,3,2006,4
2875,5,2,3,2000,4
1536,3,2,2,1956,2
1267,4,3,2,1996,3
2428,4,2,1,1986,3
2816,2,1,2,1996,3
2034,4,2,2,1977,2
2343,4,2,1,1993,4
2736,3,2,2,1991,5
1125,3,3,3,1996,2
1305,2,3,2,1993,1
2725,5,1,2,1953,5
2534,3,3,3,1966,5
2112,3,2,3,1959,2
2378,3,3,1,1979,5
1627,4,3,1,2000,3
2375,3,2,1,2019,3
1688,2,2,2,1969,4
2037,2,3,2,1972,3
2280,3,2,1,2008,2
2232,5,3,3,2017,4
1280,3,3,1,1960,1
1442,2,2,3,2015,2
1836,4,3,1,1982,3
1388,3,1,2,1951,1
1616,2,1,3,1988,2
2506,4,3,1,1962,5
2302,4,2,3,1954,2
1520,2,2,2,1983,1
1629,2,1,3,1987,2
2629,4,1,1,2001,4
1433,3,3,3,2009,1
1143,2,3,3,1952,1
1288,5,2,3,1972,1
2409,3,3,1,1990,3
1013,5,3,3,1998,2
1256,2,1,2,2004,1
2369,4,3,1,2007,2
2721,3,1,1,1989,4
2368,4,1,2,1967,5
2423,4,2,2,2005,3
2230,5,2,1,1984,4
1857,5,1,1,1959,3
1942,3,3,2,1956,3
2195,3,3,1,1989,2
1463,3,3,2,2005,2
1269,5,1,1,1950,1
2244,5,2,1,1966,4
1622,4,1,3,1972,2
2206,4,2,1,1993,5
2422,3,3,3,2016,3
2874,2,1,2,1970,4
2441,3,2,1,1999,3
2306,2,3,2,1976,4
1354,5,1,3,1982,1
2750,5,3,2,1974,2
1496,4,1,3,2004,2
2351,2,1,1,2009,3
1987,3,1,3,1969,2
2558,3,1,3,1970,5
1579,3,3,2,1987,1
1909,2,1,1,2005,3
2470,5,2,1,2016,3
1372,3,1,3,2003,3
1092,4,3,3,1959,1
1323,4,3,1,1966,1
1574,4,1,1,2018,2
1735,3,1,1,2018,4
1736,2,2,3,1983,3
2904,4,2,3,1996,5
1345,5,3,1,1982,1
2872,3,2,2,1964,5
2126,3,2,2,2007,3
2238,4,3,1,1951,3
2215,4,2,2,2005,2
2695,2,3,1,1985,4
2907,4,1,1,1955,3
1718,4,3,3,1976,2
1780,5,2,3,1978,2
2019,3,2,2,2012,4
2217,4,3,2,1990,2
2403,4,2,1,1991,4
2426,5,1,3,2019,4
1663,4,3,3,2012,2
2772,5,3,3,2011,4
1599,3,2,1,1983,4
1186,5,2,3,1987,3
1725,5,3,2,1995,3
2038,3,3,3,1962,5
1777,3,2,2,1962,3
2320,5,3,2,1988,2
1410,2,1,2,2007,2
1955,3,2,1,2016,2
1584,3,3,2,2003,2
2075,5,1,3,2002,4
2663,5,2,3,2000,5
2051,5,3,2,1978,3
1576,2,2,1,2020,2
2040,5,2,3,2011,5
2374,2,2,3,1954,5
2451,5,3,2,2000,2
2854,2,1,1,1987,4
2252,4,2,2,1959,4
2789,3,3,2,2014,5
1988,5,3,3,1957,4
2233,4,3,2,2007,2
2454,2,1,3,1979,3
2317,5,3,2,1967,4
1742,2,2,1,2019,3
2605,2,1,1,2015,4
2127,4,1,3,2019,3
2076,3,1,1,1993,2
1973,5,3,2,1953,2
1939,5,3,2,2003,3
2398,3,1,3,1964,3
2865,5,3,1,1986,4
2077,3,2,2,1982,3
2299,4,1,2,1979,3
2358,2,1,2,2008,1
2054,4,3,1,1967,3
2158,3,2,2,1989,3
2081,2,1,2,1963,2
1104,4,2,3,1992,1
2289,2,1,3,1986,5
2545,2,3,1,1977,3
2519,4,1,3,1966,4
1252,5,3,2,1967,3
1294,3,2,3,1975,1
1667,4,3,3,1989,2
2181,4,3,2,2016,1
1548,5,1,2,2011,2
1630,3,1,1,1994,3
2090,4,2,1,1964,5
2777,2,2,2,2018,4
1298,3,2,3,1998,1
2486,5,3,1,1989,4
2748,4,3,3,2007,4
2843,2,1,3,1995,4
1100,3,2,2,1994,2
2079,4,1,1,1992,5
1331,3,1,1,1975,2
1835,2,3,2,1975,3
2774,2,1,1,1993,5
1392,3,3,2,2012,3
2766,2,1,2,1953,5
1873,2,2,2,1955,2
1380,3,2,3,1968,3
1091,3,1,2,1997,3
2814,5,1,2,1954,4
1446,4,2,2,2004,2
1108,5,2,2,1978,2
1316,5,3,2,1968,2
2191,5,2,2,2021,4
2835,5,3,1,1956,4
2458,3,1,3,2007,5
1441,2,1,2,1991,1
2245,3,1,2,1954,3
1672,3,3,2,1954,3
2551,3,3,1,1962,4
1277,2,3,1,1989,1
2008,5,2,1,2007,3
1568,5,3,3,2001,3
2597,5,1,1,1987,2
2009,4,3,2,2012,2
1874,5,2,3,1987,3
1465,4,3,1,2010,3
1838,2,1,3,1961,4
1753,4,1,1,1991,4
2625,3,2,2,1999,3
2607,3,3,1,1950,3
1837,2,1,1,2013,1
2942,3,2,1,1991,4
2311,5,2,1,1973,3
1085,3,2,3,1970,3
2257,2,2,1,1986,2
1746,5,1,1,1967,3
1312,2,3,3,1993,1
2822,3,2,2,1951,4
2862,5,1,2,1998,5
1904,4,1,2,2019,4
2292,4,3,2,1990,3
1697,3,2,2,2005,1
1130,2,3,1,1995,2
1802,4,2,3,1972,2
1788,4,2,3,1997,3
2855,5,2,1,1988,4
1350,5,2,3,1992,2
1179,5,2,3,1991,2
2825,3,2,3,1981,5
2503,2,1,3,1969,4
2912,2,1,3,2011,4
2186,5,2,3,1957,2
2806,3,3,3,1956,3
2911,5,3,2,2011,5
2119,2,1,3,2012,3
1773,3,3,3,1975,2
1509,5,2,1,1967,2
1364,5,2,2,2006,1
1980,2,2,3,1990,5
1352,3,2,1,2004,1
1799,2,2,1,1999,1
2459,3,3,1,1973,4
2106,3,3,1,1957,3
2248,5,2,3,1958,3
1411,2,2,1,1958,1
1734,3,3,1,1968,2
1980,4,3,3,2003,3
1481,2,3,1,1965,2
1191,3,2,2,2014,2
1590,5,1,3,1996,4
1589,2,2,1,1999,2
1658,2,3,3,1977,3
1106,5,1,2,1977,2
1381,3,3,2,1961,3
1782,5,3,2,1975,2
1389,4,3,3,2009,2
1243,5,1,1,1958,1
1584,2,2,3,2017,3
1868,4,1,3,1953,2
1467,4,1,3,1997,4
1865,3,1,2,1995,3
1933,5,1,3,1985,4
2561,3,1,1,1991,3
2233,5,2,1,1965,3
1603,2,2,2,1963,2
2660,3,3,3,1996,4
2014,2,3,1,1953,4
2970,2,3,2,1985,5
2096,4,3,3,1988,2
2658,3,2,2,2013,2
2332,5,3,1,2009,5
2719,3,2,2,1991,3
2722,2,3,2,1991,4
2613,3,2,1,1990,4
1859,4,2,3,1976,2
2209,4,3,2,1994,3
2879,2,3,1,1973,4
2276,3,1,2,1971,3
1298,3,2,1,1960,3
2099,4,3,2,2002,4
2074,5,2,3,1977,2
1786,3,3,1,1960,5
1148,2,2,3,2001,3
2754,4,2,2,1982,5
1121,5,3,1,1956,1
2234,3,3,3,1959,3
2303,5,1,3,1994,5
1537,4,3,2,1997,5
2179,4,3,2,1954,3
2261,5,3,1,1950,5
1375,5,1,2,1985,1
1081,4,3,2,1961,3
1491,5,1,1,1980,2
1355,2,1,1,1990,2
1924,3,2,3,1988,2
2296,5,2,1,1954,2
2603,5,2,2,2014,5
2067,5,3,3,1970,3
2004,3,3,2,1957,1
2596,4,2,3,1969,5
2372,5,1,3,1999,2
1707,4,2,2,1994,2
1329,5,3,1,1994,4
2432,4,3,1,1996,5
1990,5,1,2,1977,4
1322,5,2,2,1976,3
2134,4,2,2,2003,3
1769,2,3,2,1986,1
2112,3,2,2,1984,3
1432,4,1,1,1968,2
1709,3,2,1,2012,2
1793,2,1,3,2002,2
1711,2,3,3,1990,3
2122,4,1,2,2011,4
1538,2,3,3,1953,1
1600,2,3,3,2016,3
2169,5,1,2,1994,5
2212,5,3,1,1999,5
2263,2,2,1,1988,3
1870,5,3,2,1952,3
1898,2,1,1,1983,4
2526,2,3,1,1974,2
2731,3,1,3,1994,3
1808,2,1,3,2016,2
1676,3,2,1,1966,2
2842,4,3,2,1967,4
1270,2,1,3,2003,1
2543,2,3,2,1972,3
1549,3,2,3,1966,2
2137,2,1,3,1999,2
1567,3,3,3,1964,2
2966,3,3,1,1992,5
1985,5,3,1,2002,5
2673,4,2,1,1968,4
2637,4,1,1,1974,3
2357,4,3,2,2004,2
2712,3,2,1,2010,3
2192,3,3,3,2004,2
2362,5,3,1,2015,5
1797,2,2,2,1998,1
2284,5,3,3,1967,4
1886,3,1,3,2001,4
2758,4,1,2,1983,4
2222,2,3,3,1970,5
1210,4,2,2,1992,1
1286,2,3,2,1968,2
2715,4,1,3,1959,5
2785,2,3,2,1983,3
1742,4,2,2,2001,3
2495,5,2,1,2013,5
2505,3,2,3,1957,3
2046,5,2,1,1982,3
2583,4,1,2,1965,5
2132,2,3,3,2013,3
1295,5,1,3,1976,3
1005,4,2,3,1988,3
1549,3,3,3,1982,1
1680,2,3,3,1953,2
2891,5,2,1,1960,3
1794,3,3,1,1971,2
1824,4,2,3,1960,2
2808,2,1,3,2005,5
1243,3,3,1,2018,1
1986,3,1,1,2016,4
2070,5,1,3,2005,4
1760,5,1,2,2021,2
2614,5,1,1,1995,4
2645,4,3,1,2020,5
1906,2,3,2,1987,4
2403,3,1,2,1973,4
1364,4,2,3,1973,2
2365,5,3,2,1952,5
2883,2,1,3,1975,5
2815,3,3,2,1964,3
2244,4,1,3,2017,4
1072,3,2,3,2018,2
2769,2,2,2,1967,5
2795,3,1,2,2017,4
2648,5,2,3,1952,4
2069,3,1,3,1966,4
2527,4,3,2,2003,4
2578,5,1,1,2005,3
2952,5,1,1,1999,4
2638,2,1,1,1961,4
1123,2,2,1,1995,2
2033,5,1,3,1965,3
2352,2,1,1,1979,2
2210,4,1,3,1994,4
2691,2,3,3,1970,4
2784,2,2,2,2019,3
1898,5,3,1,1994,4
1885,5,3,3,2006,2
2974,4,2,3,1978,5
1781,5,3,1,1956,3
1441,5,2,2,1978,2
2240,5,3,1,2008,3
1910,5,2,2,1958,1
2025,5,2,1,1999,2
2559,2,3,1,1970,3
2741,4,2,2,1970,5
1831,3,1,2,1995,1
2007,4,3,1,1966,1
2734,4,1,1,1968,5
2379,4,3,2,1978,4
1625,2,3,3,2002,2
2815,4,2,1,1997,5
2690,4,2,1,1956,4
2188,2,2,3,1983,4
1997,5,3,2,1978,3
1733,3,2,1,1990,2
1090,5,1,2,1958,2
1958,5,3,2,1999,4
1206,2,3,2,1954,3
2305,3,2,3,1986,3
2088,5,1,1,1982,2
2911,4,2,2,1964,4
1515,3,2,1,1971,3
2180,4,2,3,2014,3
2792,5,1,1,1998,4
1746,4,2,3,1983,2
2901,3,1,2,2017,5
1394,3,3,3,1966,2
2097,5,2,1,2001,4
2597,4,3,3,2009,3
2360,4,3,1,2006,4
2699,2,1,1,1999,4
2591,2,2,1,2004,5
1622,2,3,1,1950,2
1729,4,1,3,2002,3
1239,3,3,1,2018,1
1532,2,1,1,1995,2
1140,4,1,1,2006,1
2288,5,1,2,2003,4
1138,3,1,3,1960,3
1458,2,2,2,1973,3
1069,5,1,1,1958,2
1384,3,3,3,1959,1
1629,3,2,1,1972,3
1197,5,3,2,2011,3
2749,2,3,1,1951,4
1567,5,3,3,1975,2
2822,5,1,2,2002,5
1981,5,3,3,2018,3
1804,4,2,2,2004,2
2710,3,3,2,1989,4
1858,2,1,2,2003,2
1881,2,1,3,1993,5
1973,5,2,3,2020,3
1639,3,3,3,1964,5
2454,5,1,3,1967,4
2913,3,2,1,2020,5
1324,5,2,1,2016,3
1441,5,1,1,1967,3
1803,3,2,3,1978,3
1225,2,3,2,2003,1
2087,4,3,1,2006,2
1966,3,2,1,1962,1
1937,2,2,3,2018,3
1559,2,3,3,1972,3
1713,3,3,1,1955,2
1497,2,1,3,1974,2
1848,3,3,1,1963,2
1925,2,2,1,1964,1
2940,5,1,3,2013,5
1059,3,2,3,1970,1
2420,3,2,1,1964,5
1238,4,2,1,2008,1
2824,4,2,3,1978,5
1037,3,3,3,2003,3
1024,4,2,3,2011,1
1409,2,2,2,2002,1
1460,2,3,2,2006,2
2594,3,3,3,1985,5
1987,2,3,1,1955,2
2440,2,2,1,2006,3
1356,4,1,1,1999,3
1382,2,2,1,2017,1
2832,2,1,3,1950,3
2181,4,2,2,1965,4
1568,5,2,1,1954,2
2456,3,1,3,1965,3
2071,3,2,3,1955,4
2351,5,2,1,1978,4
1432,4,2,1,2016,1
2454,4,2,1,1991,3
1055,2,2,2,1969,1
1576,2,1,1,2002,2
1267,3,2,1,1954,1
1901,2,3,3,1952,2
2624,4,2,3,1974,4
2472,5,3,3,1966,5
1792,3,1,1,1984,2
1671,4,3,1,2015,3
1489,2,3,1,1977,4
1745,2,3,1,2001,4
2666,5,2,3,2017,4
1048,5,2,2,2017,2
2682,5,3,2,1968,4
1315,4,1,2,1961,1
1412,3,3,1,1976,2
1433,4,1,3,1965,2
2025,4,2,2,1983,3
2864,2,2,2,1968,4
2975,5,2,2,1959,5
2168,3,1,1,1967,3
2979,5,2,1,2005,4
2389,5,3,2,1957,4
1419,5,3,1,2002,2
2596,3,3,1,1997,4
2808,2,2,2,2021,5
1843,3,1,3,2006,3
2467,2,1,3,1996,4
1915,3,1,2,2017,2
1433,3,1,1,1975,1
1642,4,3,2,1963,3
2578,3,1,1,1957,4
1056,4,3,3,1996,1
2585,4,2,1,1982,5
1963,4,3,3,1958,4
1976,5,3,1,1973,3
2201,2,3,3,1981,4
2316,5,3,2,1987,4
2193,3,3,2,1955,1
2294,4,1,1,1967,2
1416,5,3,2,2012,2
1847,3,2,3,2011,3
1138,5,1,2,2021,3
1246,3,1,3,1987,2
2171,5,2,2,1974,3
1791,3,3,3,1978,3
1636,5,3,3,1976,2
2727,3,2,1,1954,5
2103,4,1,1,1958,4
1737,4,3,1,1962,3
2088,2,2,3,1989,3
1087,5,2,1,1993,1
2111,4,1,1,1958,5
1712,4,3,3,2011,3
2749,4,1,3,2008,5
2227,2,1,1,1951,2
2936,5,2,3,2014,3
2405,3,3,3,2021,4
1600,2,1,1,1981,1
2499,4,3,1,1970,3
2596,4,2,2,2004,3
2629,5,3,3,2015,4
2842,5,3,2,2007,4
1538,3,3,3,1992,3
1213,2,2,3,1959,1
1060,2,1,2,1994,3
1697,5,3,3,1992,3
2566,5,1,2,1993,5
2242,4,2,2,2004,3
1011,5,3,3,1959,2
1813,5,3,2,1957,2
2438,2,2,1,1953,3
1031,5,3,2,1983,2
2183,5,1,1,2005,3
2000,2,1,3,1975,4
1236,5,2,2,1978,2
2762,2,2,3,2008,5
2204,2,1,3,2021,2
2852,2,3,3,2003,5
1557,2,2,3,1968,1
2364,4,1,1,1957,4
2481,4,1,2,1961,3
2103,4,2,3,1962,2
1646,4,3,1,2015,3
2795,2,1,2,1968,4
1986,2,3,2,1963,3
1472,4,1,3,1963,2
2738,4,1,2,1966,4
2315,2,2,1,1973,5
2973,5,3,3,1966,5
2845,2,3,2,1987,4
1382,2,2,3,1975,1
2354,3,3,1,2006,4
1925,3,1,2,1965,3
2762,3,1,2,2002,4
2509,2,2,2,1968,3
2429,2,2,2,1986,5
2578,5,2,1,1962,5
1879,5,1,2,1954,1
1114,3,1,3,2003,1
2818,2,3,3,1984,5
2572,3,2,2,2013,3
1813,4,3,2,1956,3
2648,5,2,1,1971,4
2570,3,2,1,1954,4
1643,3,3,2,1957,3
2359,3,2,2,1978,4
1335,3,3,3,1990,1
1921,2,1,3,1991,3
2912,5,1,1,1973,4
2763,4,3,3,1973,4
1146,2,3,1,1951,3
1121,3,1,3,1989,1
1684,3,2,3,2018,4
2689,3,2,1,2000,4
1661,5,1,3,1969,1
2593,4,3,1,1968,3
1062,2,3,1,2005,1
1503,5,1,1,1972,3
1667,3,3,2,1960,1
1448,4,2,3,1985,3
2451,2,2,3,2001,4
1867,2,1,3,2010,2
2450,5,2,2,2008,3
2444,2,1,3,1995,4
2345,3,2,2,1980,2
2936,3,2,1,2011,5
1679,4,2,1,1950,2
2189,4,1,2,1983,5
2620,2,1,2,2002,3
2980,5,2,2,1975,5
2672,3,2,2,2018,4
1460,2,2,3,1994,3
1458,5,3,3,2000,2
2212,2,3,1,1986,1
1463,5,2,1,1997,3
1911,4,3,2,1956,1
1378,3,2,3,1959,3
2025,4,3,2,1961,4
2641,3,3,2,2016,3
1363,5,2,1,1959,2
1071,5,1,3,2014,2
2450,2,3,1,1970,3
1637,5,1,2,1950,4
2193,5,3,1,1965,5
2228,2,1,1,1966,2
2848,2,1,1,1962,5
1336,3,2,3,1970,2
2495,5,1,1,1974,2
2693,3,2,3,1979,4
2011,3,2,2,1955,2
1652,4,2,3,1966,3
2298,2,1,3,1993,3
1904,3,3,1,2005,3
1978,5,3,3,1984,4
1615,2,3,2,2000,2
2873,2,2,3,1967,5
1572,3,1,3,1972,2
1598,2,2,3,1972,2
1769,2,1,2,1994,2
2201,5,2,1,1965,4
1241,3,1,2,1959,2
2226,4,3,1,2021,5
2566,5,2,1,1967,5
2824,3,3,3,1997,5
2485,2,2,2,1973,3
2103,3,2,1,1971,3
2546,3,2,1,1989,3
2440,5,3,3,1959,4
1765,3,3,2,1974,3
1383,2,2,3,2013,2
1390,4,2,1,1953,1
1895,4,2,3,1967,3
2822,2,2,2,1967,4
1687,4,3,3,1968,2
2149,5,1,2,1958,3
2517,3,1,1,1983,4
1046,3,2,1,1959,1
2499,4,1,3,1961,3
1618,5,2,2,1978,3
1463,3,2,1,2019,3
2810,3,1,3,1950,4
2872,2,3,2,1968,5
1122,2,2,2,1959,2
2497,5,1,3,1950,5
1133,3,3,1,2018,2
2642,3,1,1,1985,4
1840,2,1,1,2006,1
2585,3,2,1,1961,4
1848,5,3,3,1963,3
1606,4,3,3,1983,1
2803,5,2,1,2002,5
1022,3,2,1,1954,1
1565,4,2,2,1958,2
2909,5,3,1,1979,4
1765,5,1,2,1990,3
1964,3,2,3,1967,3
1234,2,3,2,1993,1
1995,5,3,1,1952,4
2082,5,1,2,1963,4
2187,2,2,1,1960,3
2794,5,1,1,1986,5
1825,5,2,1,1959,2
1215,2,2,3,1965,1
2206,3,2,2,1987,1
2592,3,1,2,1981,4
1656,3,3,2,1953,2
1934,4,3,2,1950,3
2113,3,3,1,2001,4
2987,4,3,2,2000,4
1310,4,2,2,2021,3
1556,4,1,3,1981,1
1971,2,2,3,2004,3
1256,4,2,2,2001,1
1532,4,1,3,2016,3
2556,2,2,3,1997,4
2194,4,3,3,1986,5
2971,3,2,3,2021,4
2090,5,2,2,1995,4
2648,3,2,2,1991,4
1299,2,2,1,2013,1
1671,5,2,3,2009,1
1777,2,1,2,1997,3
1831,4,3,1,1982,4
1231,5,3,2,1997,2
1974,4,1,2,1951,4
2860,4,1,3,1954,3
2091,2,2,2,1963,3
2529,5,2,3,1984,4
1027,5,2,3,1963,2
2972,5,1,2,1968,4
2074,5,1,2,2016,4
2283,3,1,2,1961,2
1590,4,3,3,2001,2
1619,3,2,2,1984,2
1585,5,2,3,1981,3
2001,4,2,3,1965,4
1183,4,2,1,1979,3
2046,2,2,2,1995,2
2809,4,3,2,2021,3
2855,3,1,2,1956,4
1185,4,3,3,2003,1
1478,2,3,1,2020,3
1491,5,1,1,1983,2
1512,4,1,3,2011,3
2090,5,1,1,2006,4
2828,5,3,3,1980,5
1466,5,2,2,1960,1
1284,3,1,1,1979,1
1600,5,1,2,1960,3
2440,4,3,3,2001,4
2123,3,2,2,2011,3
1988,5,1,2,1964,3
1889,4,2,3,1981,2
1240,3,2,2,2007,3
2805,2,1,3,2020,4
2754,3,2,3,1974,5
1416,4,3,2,1962,1
2941,4,3,1,1961,5
1386,2,2,1,1984,2
2494,5,2,2,1956,3
1852,5,2,3,2019,3
2256,2,3,1,1994,3
1662,5,2,1,2011,2
1276,5,3,3,2019,4
2252,3,3,3,1954,3
2194,4,3,3,1996,5
1212,2,2,2,1976,1
2305,3,1,2,1954,3
1040,5,2,1,1972,1
2145,5,1,1,1995,3
2250,2,2,1,1990,2
1599,4,1,3,2004,3
2290,2,1,1,1997,3
1540,5,3,2,2019,3
2782,4,1,2,1988,5
2851,5,2,3,1966,5
1450,2,1,1,1963,1
2472,3,3,3,1964,5
2779,4,2,3,1991,4
2084,2,1,2,2017,2
2525,2,2,3,1991,4
2170,4,1,3,2019,2
2709,3,3,2,1968,5
2968,5,1,2,1999,3
1789,4,3,1,1987,3
1333,2,2,2,1972,2
1890,3,1,3,2010,3
2165,3,3,2,1963,3
2888,3,3,3,2017,4
1332,3,2,1,1966,2
1997,2,3,3,1999,2
2520,3,1,2,1983,5
2419,4,2,1,1989,4
1054,4,3,2,2018,1
2330,2,1,2,1963,2
1869,2,1,3,1958,1
2446,2,2,3,1974,2
2440,4,3,1,2014,3
2696,4,3,2,2019,5
1796,5,2,2,1953,3
1324,3,2,2,1967,1
2733,2,2,1,1965,5
2694,3,2,2,2018,4
1079,3,1,2,1953,2
2054,5,2,2,2011,4
1984,4,3,2,1972,2
2135,3,3,1,2000,3
1557,2,3,1,2017,4
1864,2,1,2,1970,4
1716,4,3,2,1976,2
2587,4,1,1,1961,5
2673,4,3,1,1969,3
1471,2,2,1,1994,1
2576,5,1,1,1986,5
2502,5,1,1,1989,5
1588,2,3,1,1968,2
2410,5,2,2,1967,5
2722,3,3,1,1955,4
2905,4,1,2,1964,4
1563,5,2,2,1999,3
2953,4,1,2,2013,3
2456,5,1,2,1982,5
2435,4,3,1,1976,4
1466,2,3,3,2008,2
1598,3,2,2,1966,3
2644,4,3,1,2016,3
1991,3,3,1,1989,4
2932,4,3,3,1965,5
1736,2,1,3,1970,3
1993,3,1,2,1992,4
1247,5,3,3,1988,1
2604,3,1,3,2003,5
2143,4,3,2,2019,5
1572,2,3,3,1995,3
2350,3,3,1,2003,5
2943,3,2,3,1983,4
1702,5,1,2,1981,3
1492,4,2,3,1977,3
2724,4,2,3,1954,3
1662,3,1,2,2016,3
2631,4,2,3,1983,5
1308,4,1,3,2010,1
1774,4,1,1,2006,2
2120,3,1,2,1957,4
1964,4,2,2,1992,2
2136,2,1,3,1963,1
2660,2,1,3,1951,4
1455,2,3,1,1989,2
2486,5,2,3,1973,3
2971,2,1,1,2016,4
1929,4,3,1,1977,2
1964,5,2,3,1975,4
1928,3,2,3,1976,5
1120,5,3,3,1959,3
2220,5,2,2,2008,4
2829,3,3,2,2008,4
2505,3,1,2,1989,4
1633,3,2,1,1981,3
2817,4,1,2,1960,5
1896,4,2,2,1950,4
1771,4,3,2,2015,3
1565,3,3,1,2021,3
2497,4,3,3,1975,3
2184,5,2,3,1983,3
1288,4,2,1,1950,3
1199,3,3,1,1954,1
2811,3,3,1,1990,4
1527,2,2,3,1990,1
1916,2,1,2,2002,2
2526,2,2,1,2006,2
2271,3,2,3,1951,3
2406,2,1,1,2021,2
2241,2,2,3,1959,4
2110,4,2,2,1976,4
2105,3,1,2,2010,2
2085,5,2,1,1986,5
1798,2,3,2,1992,2
2523,2,1,1,2010,5
2065,5,2,3,1955,5
1011,5,3,1,2011,1
1832,3,3,3,2013,2
2769,5,1,1,1985,4
1840,2,1,1,2009,2
1642,3,2,3,2010,2
2138,3,1,2,1960,5
2241,5,2,3,1964,5
2672,3,3,1,1971,3
1105,2,3,2,1952,3
1690,2,2,3,2002,3
1527,2,1,3,1987,1
2495,3,2,2,1996,4
2777,5,2,2,2000,5
1845,2,1,3,2000,3
1892,4,2,3,1958,2
1386,5,1,1,2002,2
2249,3,1,3,1964,5
1480,2,3,2,1971,3
2777,3,3,3,1985,3
1407,2,1,2,2004,1
2480,3,1,1,1997,4
2676,4,1,2,1956,4
1897,3,1,2,2018,4
1710,3,2,2,1951,4
2647,3,1,3,1971,3
1638,2,3,3,2019,2
2044,5,1,3,1998,4
2624,5,1,3,2016,5
1814,2,2,3,2006,3
1917,3,2,2,1953,3
1202,2,1,2,1995,3
1416,5,3,3,2011,1
2535,5,3,1,1983,4
1166,5,1,2,1998,3
1383,5,3,3,1993,2
1467,3,3,1,1957,2
2095,3,1,1,1959,3
1809,2,1,1,1970,3
1996,2,2,3,1968,4
2544,2,2,2,2012,4
2816,4,1,2,1958,5
1472,4,1,3,2008,2
1992,3,3,3,1993,1
2281,5,1,3,1987,2
1274,4,3,3,2010,2
2773,4,2,2,1950,4
2043,5,2,1,1978,4
2513,2,3,1,1980,3
1489,4,3,3,2019,2
2756,4,3,3,2009,5
1325,5,3,2,1966,3
1528,5,1,2,2003,2
1891,4,2,1,1973,3
1088,5,2,2,2019,2
1485,2,3,3,2007,2
1707,3,1,2,2004,3
1349,4,2,2,1968,1
2107,3,1,2,1990,4
1386,5,2,3,1995,4
1086,3,3,3,2000,2
1306,4,2,1,1952,2
2873,5,1,2,2012,4
2177,3,3,3,1987,5
1439,2,1,1,1966,2
1739,4,2,3,2017,2
1263,4,3,2,1958,2
1976,4,3,1,1979,3
1734,5,1,2,2017,2
1420,2,3,2,1973,2
1492,2,1,2,2005,2
1632,3,3,2,2004,1
1992,4,2,1,1969,3
1410,4,1,1,1999,3
1172,3,2,3,1981,1
1003,5,2,1,1956,2
1853,2,1,2,1985,3
2663,4,3,3,1954,5
1985,3,1,1,2015,3
2495,2,2,2,1958,4
2133,3,2,3,1975,2
2890,3,2,1,1979,4
2060,5,2,3,1954,2
1582,2,1,1,1992,1
2824,4,1,1,1969,4
2054,2,1,3,2019,3
2974,5,1,3,1957,5
1380,4,2,3,2009,3
2291,2,3,2,1969,4
2034,5,1,2,1989,2
1343,4,2,3,2021,1
2863,4,1,1,1965,4
2567,3,2,3,1970,4
2592,3,3,2,2007,3
1699,4,1,3,1993,3
1341,2,3,2,1954,1
2505,4,2,1,1960,2
2042,5,2,1,2021,3
2651,2,1,2,2019,2
1979,4,3,2,1958,2
2207,2,3,3,1978,2
2805,3,2,1,1988,4
1544,2,2,1,1955,4
2033,3,2,2,1955,1
2615,2,2,1,1976,2
1319,5,1,1,2021,3
1579,4,3,2,1958,3
2883,5,2,3,1991,5
1636,2,2,1,1983,1
1426,5,1,3,1978,1
2871,3,1,1,2008,5
2082,3,2,3,1972,3
2459,2,2,3,1987,3
1096,5,3,1,1964,2
1495,4,3,3,1999,3
2810,2,3,2,2003,5
1660,2,2,3,1962,2
2301,5,3,1,1987,3
2288,3,1,3,2018,2
1008,5,3,2,1994,1
1456,4,1,2,1977,2
2818,4,3,3,2012,4
1939,4,2,2,1974,3
2836,2,1,2,1986,4
2031,4,3,1,1967,4
1207,4,2,2,2000,1
2937,4,2,2,2004,5
2660,5,2,2,1961,2
2146,3,1,1,1951,4
2056,3,2,2,1950,3
2536,3,3,1,1966,3
1203,4,2,2,1973,2
1517,5,3,2,1986,1
2832,2,2,2,1985,5
2974,5,1,1,1978,5
1516,2,2,2,1993,1
1442,5,3,3,2000,2
2615,3,3,1,1995,3
2809,3,2,1,2009,5
1688,4,1,3,2021,3
1849,3,2,3,2021,3
1832,3,1,2,1997,2
1338,3,3,1,1971,1
2461,5,3,1,1974,4
2468,3,2,3,1966,3
2159,2,1,3,1973,3
1386,4,3,3,1952,2
2048,5,1,3,1964,2
1505,2,2,2,1994,2
2348,5,1,3,1951,4
2718,3,1,1,1959,4
1679,5,3,3,1962,3
2361,5,1,2,2012,5
1689,4,1,1,1962,3
1884,5,3,3,1976,3
2118,5,3,2,2017,4
2568,4,2,1,1950,3
1622,5,3,2,1992,1
2169,5,1,3,2013,3
1892,2,2,1,1996,3
1952,2,3,1,1967,2
2254,5,3,1,1965,4
1783,5,3,2,2008,3
1494,2,2,3,1983,1
2061,3,3,3,1993,3
2448,5,2,2,1950,3
2670,3,1,2,2010,4
2869,3,1,1,2000,3
1746,4,2,3,2008,2
1436,4,3,1,1987,2
2391,2,2,3,1997,4
2183,2,3,3,2004,3
1549,4,1,3,1968,2
2685,2,1,2,1964,4
2935,3,2,1,1980,5
1819,3,1,2,2021,2
1540,4,3,3,2009,2
1143,5,3,2,1991,2
1587,2,1,2,2000,2
1656,5,2,1,1980,3
2764,2,1,1,1995,5
2599,4,3,1,1974,5
1344,3,1,3,2009,2
2292,2,3,1,2020,5
1695,4,3,3,1981,2
2796,4,1,1,1967,3
1267,5,3,3,1997,2
1168,3,2,2,2010,3
2794,5,2,1,2000,5
2762,3,2,2,1996,5
1376,4,1,2,1979,2
2237,2,1,2,1997,5
2585,5,1,2,1986,4
2463,5,1,1,1955,5
1392,5,2,3,1978,3
1488,5,1,1,1969,2
1721,5,1,3,1986,1
1945,4,3,3,1961,2
2052,4,2,3,1967,4
1038,3,1,3,2019,3
2635,2,1,3,1979,4
2196,2,1,3,1961,5
2040,4,1,3,2018,2
2079,2,2,2,2004,4
1225,5,3,3,1988,1
2581,4,3,1,2015,2
1066,3,3,3,1957,2
2220,3,2,1,1998,4
2677,4,1,2,1998,3
1834,2,3,2,1955,3
2046,4,1,3,2008,3
1998,4,3,3,1959,3
2629,3,2,3,2010,4
1236,5,3,2,1982,2
1956,4,1,3,2012,3
1918,3,1,3,1958,2
2946,3,3,3,1985,5
2589,4,2,3,1972,5
2161,4,2,3,1996,4
1472,4,1,2,1980,4
2868,5,3,2,2016,5
2807,4,3,3,1960,4
1552,3,3,3,1994,2
2633,4,2,1,2010,4
1694,3,2,1,2011,2
2663,3,3,3,1994,3
2252,2,3,3,2011,3
1597,2,1,1,1951,1
1767,4,3,3,1953,2
2744,2,2,2,1970,3
2750,5,1,2,1987,5
1885,5,2,2,1954,1
2635,5,3,1,1951,4
1560,4,2,1,2008,1
2224,3,3,3,1984,2
1257,2,2,3,1963,2
2503,4,3,3,2003,5
2911,4,3,2,1990,5
2201,2,3,1,1974,4
1756,2,2,1,1970,2
1122,4,3,1,1999,3
1341,4,2,1,2013,2
2194,3,1,2,1961,4
2868,4,2,3,1980,3
2671,2,3,1,1980,3
2082,4,1,1,1952,4
2728,4,1,1,1983,5
2488,2,1,3,1996,4
2803,3,3,1,1970,4
1259,4,1,3,1970,3
2396,5,3,2,1950,5
2996,5,1,1,1978,5
2148,2,1,3,2018,3
1040,2,1,1,2001,2
2914,5,1,1,1951,5
1253,2,2,3,2017,2
1006,5,1,1,2007,1
2494,3,2,2,1951,5
1727,2,3,3,1982,1
2534,4,3,3,2016,4
2104,2,1,1,1989,5
1541,4,2,1,1990,2
2608,5,3,1,1969,4
2285,3,1,3,1963,3
1088,4,1,1,2010,1
2938,3,3,1,1992,5
2231,2,3,1,2016,4
1212,4,3,1,2013,2
1833,2,1,1,1959,1
1265,5,1,3,1952,1
1911,5,1,1,1963,3
1292,3,2,2,1982,2
2230,2,1,2,1982,3
1332,2,1,2,2001,3
2100,4,1,3,1965,4
2311,5,3,3,2020,5
1621,2,2,1,2009,1
2223,5,3,2,1975,4
1426,5,2,2,1988,3
1209,5,2,1,2001,3
1887,3,1,3,2008,4
2443,5,1,1,1988,4
1153,5,1,2,1977,1
2545,5,1,3,1990,5
1414,4,1,1,2021,1
2376,4,2,2,1989,3
2180,2,1,2,1953,1
2284,4,2,3,1964,4
2100,3,3,2,1970,2
1768,3,2,2,2000,1
1982,2,1,1,2009,3
2511,2,1,2,2018,4
2154,3,1,1,2016,3
2478,3,3,3,2015,5
1739,2,2,1,1960,3
1162,3,2,2,1983,1
2038,2,1,3,1994,4
2255,3,1,2,1970,5
1194,3,1,1,1952,1
2884,4,2,3,2003,3
1541,3,1,3,1991,3
1849,3,2,1,1961,3
2354,5,1,1,2007,4
1426,4,1,1,1982,4
1496,3,2,1,1953,3
1827,3,2,3,2019,4
1485,5,2,1,1981,4
2831,5,2,2,1950,5
2472,5,3,1,1992,3
2436,5,1,3,2007,5
1329,5,2,2,1954,3
2755,5,3,3,1984,5
1888,3,3,1,2005,3
1990,2,2,3,1969,4
2170,3,3,1,1979,3
1258,3,3,2,1950,2
1291,3,3,2,2000,1
2834,4,1,1,2011,5
1142,2,2,1,2003,2
2960,2,1,1,1999,2
1746,4,3,3,2007,4
1626,2,3,3,1964,1
2388,4,3,2,2015,5
1089,3,1,2,1958,2
1719,2,2,1,1989,2
2187,3,3,2,1981,4
1480,5,1,2,1954,2
1083,3,1,1,1984,2
2100,2,1,3,1996,2
1672,3,1,3,1957,2
1516,3,2,1,2016,3
2613,2,3,2,2016,4
2626,3,2,2,1968,4
2622,4,3,2,1997,4
1781,2,1,3,1992,1
1103,5,3,3,2007,1
2475,3,1,2,2021,4
2510,3,2,1,1953,2
1686,3,3,1,1971,1
2589,3,2,3,1956,4
1899,5,1,2,1961,2
2501,5,3,1,2013,4
2746,2,1,3,1952,5
1606,2,3,1,1962,2
1222,4,2,3,1958,1
2032,4,3,2,1979,5
2076,4,1,1,2011,5
2100,5,3,3,1992,3
2741,2,2,2,2019,2
1502,2,1,3,1961,2
2339,5,2,1,2006,5
2837,2,1,1,1996,2
1821,3,1,1,1965,3
2865,2,3,3,2007,3
1623,2,2,1,1963,3
2886,3,2,1,1955,3
1164,4,3,1,2021,2
2302,4,1,1,2014,4
2050,4,3,1,1975,3
2241,3,1,1,2019,3
2985,3,2,2,1955,4
2388,5,1,1,1976,2
2724,3,1,3,2001,4
2868,2,3,1,1978,5
2329,3,3,3,1970,5
2147,3,3,3,2017,4
1018,4,3,1,2015,2
2280,5,2,1,2012,4
2319,4,2,3,1950,5
2951,5,1,3,1958,3
2045,5,1,1,1980,5
1988,4,1,1,2017,3
1449,3,3,1,1956,1
1551,5,1,2,1980,3
1694,5,2,3,1954,3
1586,2,3,3,1988,2
1720,3,3,2,1982,2
2206,5,2,2,1980,4
2458,5,3,1,1952,4
1106,3,2,1,1952,2
2211,3,2,3,1950,3
1775,3,2,2,1962,3
2109,5,3,2,1954,4
2859,2,1,3,1956,5
2866,2,3,3,1996,5
2479,3,3,2,1956,5
2160,2,3,1,2015,3
1897,3,3,1,1950,3
1335,4,1,3,2015,3
1606,2,1,3,1979,3
1837,5,2,2,1989,4
2492,3,3,2,1986,3
1601,4,2,3,1954,3
1539,3,3,1,2008,3
2095,2,2,1,1989,5
2805,3,2,2,1966,4
1023,3,1,2,2003,2
1623,2,2,1,2012,2
2835,2,1,3,1994,4
2508,3,1,2,2018,5
2079,2,1,3,1976,3
1985,5,2,1,1988,4
1222,5,1,1,1995,1
2655,3,1,3,2015,4
1799,2,2,3,1992,3
1433,4,3,1,1954,3
2960,5,3,3,1960,4
2473,3,2,2,2015,3
1792,5,1,1,1950,3
1883,2,2,3,1982,3
1491,2,2,3,1967,3
2212,3,3,3,1983,3
2601,2,3,2,1972,4
1809,2,2,3,2007,2
1960,2,1,3,1960,2
1419,4,2,3,1990,1
2272,3,2,2,1983,3
2611,3,3,3,2017,4
1648,3,1,2,2004,1
2187,2,3,2,2009,4
2768,2,1,1,1964,3
2278,2,2,1,1968,4
1475,3,2,2,1977,2
2829,4,1,2,1977,5
2440,5,1,1,2020,4
1169,3,2,2,1964,2
2340,3,1,1,1959,3
1173,4,2,3,1977,1
1469,5,1,1,1961,3
1344,5,3,3,2013,2
2041,5,3,3,1965,3
2093,2,3,2,1979,3
2361,3,3,3,1984,3
1627,4,3,1,2016,3
1591,3,3,3,1967,3
1526,5,3,2,1960,3
2711,3,3,1,1985,5
1455,4,1,3,1991,3
2292,4,1,1,2016,3
2654,2,3,3,1957,3
1810,3,3,2,2015,2
2020,4,1,2,1964,3
2592,4,1,1,1952,2
1710,4,2,1,2005,4
1528,5,2,2,2013,3
1433,3,2,2,2017,2
1287,3,1,1,1968,4
2941,3,1,2,1964,4
2590,5,1,3,1979,3
1498,5,1,1,1984,3
2464,4,3,2,1996,4
2804,5,2,2,1999,3
1302,2,2,3,2006,3
1086,5,2,3,1973,2
1829,4,3,3,1992,4
1437,3,3,3,2013,1
1540,5,2,3,1974,2
2045,3,3,2,2008,4
1832,3,1,1,1967,2
1796,2,3,1,2017,2
1559,2,2,2,1979,3
2698,4,1,2,1970,4
2526,3,1,1,2001,3
2737,3,2,1,2010,5
2124,2,3,3,2000,4
2606,2,1,1,2009,2
1674,5,2,2,1967,3
1684,5,3,1,1998,3
2164,3,2,2,1979,2
1137,5,2,3,1958,2
1577,4,3,3,1996,2
1709,3,3,3,2012,2
2863,3,2,2,2013,5
1280,3,1,1,1986,2
1683,4,2,3,2004,4
2063,2,1,3,1982,3
2542,4,2,3,1986,3
2709,5,2,3,1977,5
2686,5,2,3,1963,5
2234,3,1,1,1982,4
2109,2,3,2,1961,2
2420,3,3,2,1989,4
2276,2,1,3,1954,2
1532,2,1,3,1988,1
1768,4,2,1,2013,3
2914,3,3,2,1958,5
2404,2,2,2,1955,2
1443,2,3,3,2009,2
2056,3,1,3,1952,3
1259,2,1,3,1962,1
2257,5,1,3,2011,3
2538,4,1,3,1958,3
2882,4,2,1,1955,4
2331,5,3,2,1981,3
1738,3,2,1,1980,1
1795,3,2,2,2000,3
1069,2,1,1,1984,1
2477,3,2,3,1970,2
2462,5,2,2,1998,4
2848,3,2,2,2005,4
2387,2,1,1,2015,3
1982,5,2,1,1979,4
2789,2,1,3,1965,2
1480,4,1,2,2004,2
2167,4,3,3,2010,5
1964,5,1,2,1968,4
2448,5,3,3,2016,4
1745,5,3,1,1961,1
1844,2,3,1,1995,3
2198,5,1,1,1968,3
2867,3,1,3,1976,4
1324,4,2,2,1972,1
2892,3,1,3,2015,5
2883,4,1,1,2014,5
2371,3,3,1,1997,3
1797,4,1,3,1978,2
1154,3,3,3,1950,2
1866,3,3,2,1951,1
1921,3,3,1,1999,2
2400,4,2,3,2020,3
1742,5,1,1,1966,2
2906,5,1,3,1961,3
2851,4,2,1,1991,5
2425,5,2,3,2003,4
1224,5,2,3,2005,2
1216,4,2,3,1968,2
2591,3,1,1,2006,4
2892,3,1,1,1959,5
2082,3,2,3,2001,3
1897,2,1,2,2020,3
2376,3,2,3,2019,1
1934,5,2,2,1998,3
1444,2,2,2,1988,2
2258,5,1,2,2005,3
2130,2,1,3,1957,3
2214,5,1,3,2001,3
1529,3,2,1,2009,2
2936,3,1,2,1991,5
1737,3,3,3,1964,2
2702,5,3,1,1952,5
2606,5,2,1,1976,5
1873,4,3,1,1982,4
1565,5,2,3,1990,3
2268,2,1,2,1972,4
2885,3,2,3,2000,4
1075,2,2,3,1985,1
1546,4,1,1,1984,2
1266,4,2,2,1988,2
1316,5,2,3,1995,3
2835,3,3,2,1973,5
2144,2,2,3,1965,3
2859,4,3,2,2015,5
1024,4,2,1,1982,2
2455,2,1,1,1969,4
1159,4,1,2,2006,1
1595,2,3,1,1991,1
2137,3,2,3,2019,3
2758,5,2,3,2016,5
1899,2,2,2,1971,3
1501,3,3,2,2005,3
2189,2,3,1,1975,3
2012,4,3,2,2018,4
1702,3,3,1,1975,3
2198,2,3,3,1964,2
2922,2,1,2,1979,3
1740,2,1,3,1969,2
2109,3,2,1,1956,2
2597,3,2,2,1986,5
1319,3,3,3,2015,1
2424,4,1,3,2007,3
1381,5,3,3,1954,2
2741,2,1,3,1958,5
2640,2,1,2,1990,4
2341,3,1,1,2000,2
2826,2,1,2,1973,4
2273,5,3,2,2008,3
2548,5,3,3,1953,3
2698,2,3,2,1987,5
2578,2,1,1,1955,4
1897,3,2,2,1971,4
2975,5,3,2,2014,4
2646,2,3,1,2006,2
1716,5,2,1,2008,3
2919,2,3,3,2021,4
2279,4,3,1,1973,3
1306,5,1,1,1983,2
2973,4,2,3,1976,3
2167,3,2,3,1953,4
2681,5,2,3,2002,3
1390,2,3,1,1975,2
2836,2,2,2,1985,4
2699,4,1,2,1954,5
2192,5,2,2,2005,4
1989,5,2,1,1998,1
1297,5,1,3,1987,1
1232,3,3,2,1973,2
2926,5,1,2,1979,5
1270,3,1,2,2004,2
2083,2,2,3,2017,4
2319,4,2,1,1983,3
2490,4,2,3,1992,4
2258,5,2,1,2012,4
1676,4,1,3,1995,2
1705,5,3,3,1950,3
1233,2,3,3,1995,1
2391,2,2,2,2020,2
1844,4,2,1,2020,2
2255,5,3,2,2007,5
2896,3,1,3,1983,3
1490,2,1,1,2004,1
2642,2,3,1,1998,4
1502,3,1,2,1996,2
1889,3,3,3,2006,3
2758,4,1,2,2017,4
1591,2,1,2,2007,2
1745,4,2,3,1966,3
2404,2,3,2,1968,4
2719,4,3,2,1989,5
1427,4,2,2,1977,2
1696,3,2,1,1985,2
1645,5,3,1,1996,3
1799,5,2,3,1969,4
1363,2,3,3,1951,1
1201,3,2,3,1964,2
1881,3,3,3,1961,3
1145,3,2,3,1996,2
1835,2,3,3,1985,4
1638,4,3,3,1977,1
2480,4,1,2,1959,4
1134,5,3,1,2005,1
1625,5,2,1,1958,2
2287,2,1,1,1965,3
1063,2,2,3,1965,1
1490,5,2,1,1978,2
2670,4,2,1,2018,5
1040,4,2,3,1972,2
2319,3,3,1,2002,5
2026,5,2,2,2017,2
1912,5,1,2,1977,2
2729,4,1,2,2018,4
1974,3,2,3,2012,4
2133,5,3,3,1997,3
2244,4,1,2,1966,3
2393,4,3,1,1952,4
2459,3,2,2,2003,4
1917,3,1,1,1970,2
2027,4,2,2,2003,3
1243,3,3,2,2017,2
1901,3,1,1,1979,1
2049,3,2,1,1953,3
2418,2,3,1,1952,4
2497,5,2,1,1990,5
2040,5,2,1,2017,4
1727,3,3,3,1966,2
2115,4,2,2,1952,2
1482,5,2,3,1966,2
1542,3,3,3,1996,2
2228,5,1,2,1953,4
2525,4,3,1,2019,5
1930,3,3,3,1978,2
1399,4,3,3,1985,1
2230,5,2,2,2010,5
1618,2,3,1,1998,1
2169,4,2,2,1981,2
1878,3,3,1,1996,2
1879,4,2,1,2014,5
1829,2,2,1,1971,3
2903,5,1,3,2009,4
2264,5,1,3,1973,2
2946,5,2,3,2007,4
1758,5,1,3,1994,4
1162,5,2,3,2010,1
2907,3,1,3,2002,5
2196,3,1,3,2016,3
1501,4,2,1,1971,3
1546,4,3,3,1960,2
2307,5,2,2,1984,5
2382,5,1,2,2009,3
1380,5,1,3,2013,2
1869,2,2,3,2010,1
1904,4,1,1,1958,3
2995,3,2,2,1981,5
2934,5,1,1,1988,5
2556,4,1,3,1960,5
2843,2,3,2,1962,4
2186,2,2,1,2012,4
2001,5,3,1,1985,4
1608,3,3,1,2009,1
1306,4,1,2,1958,3
2362,3,2,1,1993,4
1054,5,1,1,1955,1
1982,5,2,2,1973,4
2963,4,1,3,1995,5
1704,5,3,2,1991,1
1242,5,3,2,1979,2
1599,3,1,1,1961,3
2871,2,3,2,2018,5
2432,5,2,1,2020,3
1502,5,2,1,1973,3
2750,3,3,3,1956,5
1603,3,1,3,2018,3
1302,3,3,2,1999,2
2487,2,3,1,2013,4
1234,4,2,1,1954,1
2061,2,2,1,2007,3
1138,3,3,3,2001,2
1194,5,2,2,1950,1
2550,5,3,2,2018,3
1646,3,2,2,1983,2
1000,3,3,2,1950,2
1560,4,2,1,1990,3
2119,3,3,1,1979,3
1712,2,3,1,1959,4
1412,4,2,3,1994,1
2878,4,3,3,2006,4
1428,4,2,1,1964,2
1234,4,1,2,1991,2
1348,2,2,3,2017,2
2779,5,1,3,1952,4
2893,3,3,1,2016,2
2504,5,1,1,2018,4
2862,5,2,3,1952,5
1395,3,3,1,1977,2
2374,3,1,3,1978,3
1415,5,2,3,1980,2
2909,3,1,2,1980,5
1915,4,2,1,1995,3
2074,3,2,1,1952,2
1080,4,1,3,2012,1
1035,4,3,3,2001,2
2090,4,3,2,1996,3
1640,3,2,1,1972,2
1881,4,3,1,1988,1
2690,4,1,2,1961,3
1622,2,2,2,1993,2
2703,3,2,2,1967,4
2504,4,3,3,2012,4
1467,3,1,2,2014,3
2165,2,3,1,2011,3
1355,2,3,1,1985,2
1708,4,2,2,1978,1
2494,3,3,3,2001,3
2644,2,1,1,1979,2
2019,5,1,1,2008,2
2911,4,1,2,1991,4
2614,3,1,3,1973,4
1901,5,1,1,1972,2
1672,4,3,3,1988,2
1438,4,1,1,1950,2
1530,2,1,3,1998,1
1126,3,3,1,2001,1
1204,2,3,2,1981,2
1444,5,1,3,1964,2
1965,5,2,1,1959,3
1463,5,1,3,1989,3
2303,3,2,1,1972,2
1150,3,3,2,2011,1
1265,4,3,2,1979,2
2717,3,1,1,1960,5
2128,4,2,2,1991,2
2960,2,2,3,1998,5
2456,3,1,3,1969,3
1912,2,1,2,2017,2
1496,5,1,3,2012,2
2463,5,1,3,1964,4
2771,4,3,2,1966,4
1684,3,2,1,1969,3
1157,5,2,2,1956,1
1171,4,2,1,1988,1
1493,2,3,3,1986,1
1969,3,3,2,2016,4
2334,4,2,3,1996,3
2692,2,3,1,1952,5
2793,2,2,3,1958,3
1675,4,1,1,1975,1
1658,3,2,2,1996,2
1902,4,1,3,1963,4
1665,5,3,1,1999,4
1366,5,1,3,2017,2
1549,2,1,2,1986,2
1642,2,1,3,1978,1
1254,5,2,2,1970,1
1207,2,2,3,1999,2
1449,4,1,2,2018,2
1094,4,2,3,1995,2
2883,4,2,3,1989,5
1838,5,2,3,1988,4
1477,5,2,1,2010,2
1682,2,3,3,2017,2
1761,3,2,3,1973,3
1189,4,1,1,1999,3
1710,4,2,1,1996,3
2507,4,3,3,1996,5
2756,2,2,3,1969,3
2559,3,1,3,1999,5
1755,3,3,2,1966,3
2446,3,2,2,1962,4
1835,4,1,2,1950,2
2663,5,1,3,1957,5
2835,3,2,2,1950,4
1132,2,3,1,1969,1
1509,4,3,3,1954,5
1669,5,3,3,1975,3
2564,3,1,3,2010,3
1409,5,1,2,2003,1
2234,3,1,2,2010,3
2689,5,2,2,1955,4
2316,5,3,3,2006,5
1986,3,1,1,2021,5
1733,2,2,2,1997,2
2138,4,3,1,1956,2
2972,4,3,1,1975,3
2693,3,2,1,1990,5
1258,5,3,1,1993,2
2786,4,2,1,1967,4
2145,5,1,2,1973,3
2798,3,2,3,1954,5
2404,2,1,2,1982,4
1560,5,1,1,2005,1
2912,5,1,1,1998,4
2864,3,3,2,1982,5
2524,5,1,1,1972,3
1296,3,1,3,1955,1
1361,3,1,1,2016,2
1588,2,2,2,2007,4
2486,4,3,2,1968,5
2461,4,1,2,1979,5
1126,5,3,3,1989,2
1220,5,2,2,1991,2
1994,4,1,3,1966,3
1090,2,3,3,1987,3
1410,4,1,2,1974,1
1007,5,3,2,1995,2
1543,5,3,3,1993,3
1467,4,2,2,2014,2
1319,3,1,2,1965,1
2417,2,3,3,1952,4
1268,3,2,1,2017,2
2214,4,3,2,1981,3
2884,3,2,3,1952,4
2461,3,1,1,1967,4
2287,2,1,2,1987,5
1796,3,1,2,2012,1
2118,5,1,2,2018,2
1552,5,3,3,2018,2
1925,5,3,2,2005,2
2493,3,2,2,1958,4
1660,5,1,3,1971,4
1715,5,1,2,2011,1
1778,3,3,2,1969,3
2537,3,2,2,2013,4
2713,4,2,1,1954,4
2960,3,2,3,1952,5
1193,5,1,3,1969,2
1481,2,1,3,1954,1
2359,5,1,3,2014,3
2458,5,1,3,2008,5
2219,3,1,3,1992,3
1854,2,1,2,2020,2
2272,5,2,1,2021,5
1497,3,2,2,1970,2
1211,4,3,3,1984,1
1664,2,1,2,1991,2
1669,2,1,3,1999,3
2897,4,3,2,1969,5
1220,4,3,3,1995,3
1272,2,3,1,1968,1
2177,3,1,3,1952,4
2272,4,1,3,1997,5
1278,5,1,3,2005,2
2463,4,3,2,1952,4
1815,3,2,3,1986,3
2004,2,2,2,2002,2
1513,3,3,3,1987,2
2111,4,3,3,1966,5
2822,5,1,2,2010,5
1922,2,2,2,1967,1
1641,3,1,2,1974,2
1589,4,2,1,1980,2
1771,2,3,1,1957,1
2264,2,2,3,2003,3
2676,3,1,1,1997,5
1739,3,3,3,1969,2
1674,5,1,1,1993,2
2259,2,3,3,1992,4
2013,2,2,3,2008,3
1127,4,2,2,1975,1
1502,5,3,1,1978,3
2223,3,3,2,1973,4
2985,5,3,3,2009,4
1901,5,2,3,1960,3
2525,2,1,3,1955,4
2673,2,3,1,1998,4
1491,2,1,1,1973,1
2044,3,1,1,2004,2
2257,2,1,2,1959,4
1713,5,1,1,1978,4
1790,5,2,1,2018,2
2666,2,2,1,2000,3
1415,5,2,1,1960,1
1147,3,3,1,2017,2
1969,2,3,2,1965,2
1028,3,2,1,1988,2
2384,2,1,3,2009,2
1307,3,2,3,1982,1
2906,3,1,1,2001,5
2965,3,1,1,1963,5
1161,5,2,1,1964,3
1868,3,3,1,2006,3
1851,4,1,1,1992,3
1060,3,1,3,1971,1
1124,3,2,1,2000,2
2479,3,1,1,1951,4
2094,3,1,1,1958,3
1837,2,2,3,1977,2
1465,5,3,3,1989,1
2513,3,2,3,2014,3
2784,3,2,1,1992,5
2244,5,3,2,1976,2
1472,4,2,3,2002,2
1958,3,2,2,1966,2
1493,3,3,2,2013,2
1898,2,2,3,2009,3
1081,3,2,3,1965,1
1855,5,3,1,1993,4
1878,3,3,3,2013,3
2545,5,2,3,1979,4
1922,4,2,2,2005,4
2286,4,3,2,2018,3
2680,3,1,2,1961,4
1448,4,1,1,1973,1
2215,3,1,2,1982,2
1761,5,1,1,2015,3
2137,3,3,1,1985,3
1025,2,3,2,2002,1
2522,3,1,2,1990,4
1507,5,3,3,1983,3
2568,4,3,2,1975,5
1061,2,3,2,2015,2
1228,3,2,1,1963,3
2838,2,1,2,1986,5
1606,5,3,3,1964,3
2058,4,3,2,2007,4
2728,4,1,2,1968,5
2479,4,1,1,1968,5
2611,5,3,3,1953,4
1890,3,2,3,1992,3
2525,3,3,2,1956,4
1760,3,2,3,1962,3
1594,2,1,2,1988,3
2048,5,1,1,1979,3
2592,4,2,3,1982,4
2055,5,1,2,2011,5
2854,5,2,1,2004,5
2035,5,3,1,2015,3
2342,4,3,2,1968,2
2627,2,1,1,2011,4
1000,5,1,2,1976,2
2458,3,2,3,1956,4
2159,4,3,1,2014,4
2219,4,3,2,2017,3
1132,2,3,3,1965,1
1085,3,2,3,1976,2
2499,5,3,1,2020,5
2830,5,3,1,1998,5
2814,3,1,3,1967,3
2347,5,3,2,2014,4
2203,4,1,2,2006,4
1515,2,3,1,2014,2
2661,3,3,3,1993,4
1174,2,1,3,1960,1
1762,5,1,1,2019,3
2044,5,3,1,1972,3
1996,4,2,3,2008,4
2975,4,2,2,2005,5
2128,5,1,1,1956,3
1577,5,1,2,1992,3
2466,4,3,2,2011,5
2798,4,2,3,1985,5
1527,4,3,2,1997,2
1144,3,2,3,2002,1
2363,3,3,1,1998,2
1761,2,3,2,1993,1
2878,4,1,1,1950,4
2377,3,3,3,2001,4
2098,2,2,3,1971,3
2825,2,2,3,2012,5
1928,4,3,3,1994,4
1793,4,1,3,1982,1
2601,2,2,1,1990,5
2660,3,1,1,2015,4
1318,4,3,3,1964,1
2110,2,3,2,1957,4
2576,2,2,3,1990,5
1697,3,2,3,1962,1
2889,5,1,2,1977,5
2915,3,3,2,1952,5
1846,2,1,3,1993,3
2801,3,2,3,1976,5
1782,4,2,2,1964,3
2116,3,3,3,2005,3
2720,3,2,3,1956,4
2750,3,3,2,1979,5
2530,3,2,3,1983,4
1528,2,3,1,2016,2
2979,3,2,3,1992,5
2649,5,3,1,1953,4
1968,5,3,2,1978,3
2487,4,3,1,1967,3
2827,5,2,2,1994,5
2583,2,1,3,2008,3
2842,2,2,1,1988,5
2910,4,2,1,1988,5
2118,2,1,3,2002,3
2349,4,1,1,1952,4
2359,2,3,3,1985,3
2091,2,2,3,1961,2
1757,3,1,2,1977,3
2941,3,1,3,1952,4
2100,5,1,1,1975,3
1207,4,2,2,1976,1
2907,2,1,1,2012,3
2789,5,3,2,1965,5
2244,3,3,1,2006,4
2285,4,3,3,1995,4
1409,5,2,1,1968,1
1330,4,3,3,1953,2
1343,5,2,2,1988,4
1988,4,1,1,1998,3
1770,4,2,1,2008,1
2843,2,3,3,1982,5
1073,4,2,2,2014,2
2660,3,2,3,2010,5
2723,2,2,2,2015,2
1253,4,2,3,1996,2
1958,3,1,3,2006,3
1819,5,2,1,2007,2
2770,2,2,1,1995,4
1985,2,1,3,2005,3
2785,5,1,2,1998,3
1331,5,1,1,2000,2
2421,5,2,3,1984,3
2368,2,2,2,1991,3
2607,3,1,2,1988,2
1746,3,2,2,1958,2
1835,4,2,3,1996,4
1454,2,1,2,1965,2
2138,2,1,3,1967,4
1312,2,1,3,1959,1
2017,3,1,3,1958,3
1227,2,1,3,1998,1
1833,3,2,1,1970,1
1857,3,1,1,1968,2
2268,2,2,3,1956,4
1817,3,2,1,1953,3
2549,5,1,3,1995,4
2017,3,1,2,1966,2
1527,2,3,1,1978,3
1949,5,2,1,1977,4
1041,2,2,3,1953,1
1464,4,3,1,1953,2
2645,3,1,2,1960,4
1277,3,3,1,2014,3
1835,4,2,1,1998,2
1018,5,3,1,1985,2
2608,4,2,3,2012,4
2019,5,2,1,1952,4
2935,2,2,2,1999,5
2845,2,2,1,2004,4
1408,3,3,1,2012,2
2297,2,2,1,1976,4
2430,4,2,3,1974,5
2396,3,2,1,1955,5
1596,5,1,2,1959,1
1650,3,3,3,1975,3
2062,4,3,1,1955,4
1104,3,1,3,1970,1
1323,4,3,3,1971,2
2982,3,2,2,1989,4
1991,4,3,1,1996,1
2437,4,1,1,1987,4
1428,5,3,2,1977,1
1729,2,1,2,1961,2
1888,3,3,3,1973,2
2084,4,2,2,1973,2
2635,3,1,3,2018,3
2330,3,3,2,1958,4
2377,2,3,3,1984,5
1203,3,2,3,2006,2
1257,3,3,1,1950,3
1485,2,2,2,1998,2
2540,2,1,2,2007,2
1445,2,3,3,1989,1
2732,3,2,2,2011,3
2203,4,3,2,1970,2
2023,2,2,2,1956,3
1341,2,1,2,1950,1
1132,4,3,2,1970,2
1442,3,2,3,1956,2
2859,3,1,2,1965,4
1252,4,1,1,2003,1
1092,5,3,1,2001,1
2685,4,2,3,1963,5
2434,5,2,2,1951,4
1137,3,1,2,1969,2
2231,3,2,2,2017,3
2001,5,2,2,1991,5
2660,2,3,3,1977,3
2769,5,2,1,1970,4
2596,2,3,3,1961,2
1306,4,2,2,2004,3
1265,3,1,2,1952,1
1645,3,2,2,1968,4
2136,4,3,2,1950,3
1900,5,2,2,1953,4
2401,5,2,3,1953,5
1190,2,3,1,1965,2
2914,3,3,3,1990,4
2463,3,1,2,1983,5
2210,5,2,1,1950,3
1830,2,3,3,2013,3
2390,3,3,2,1969,2
2112,2,3,2,1972,3
1186,4,3,3,2021,2
1818,2,1,1,1963,1
2969,2,3,3,1988,5
2020,4,3,3,1996,5
1131,3,2,1,1989,2
1871,3,1,1,1995,1
1634,2,1,2,1985,2
2583,2,1,3,1990,5
2823,4,2,2,2008,4
2399,4,1,1,1965,4
1690,3,3,3,1984,3
1691,3,1,3,1978,1
2122,4,3,3,2009,4
2865,2,1,1,1980,5
2057,4,1,1,1966,4
2955,3,3,3,1975,5
1581,2,2,3,1966,2
1170,5,2,1,2009,3
2389,5,2,1,2016,5
1783,4,3,1,1967,2
2082,3,3,3,2002,3
1180,2,1,2,2009,3
2249,2,3,3,2003,2
2496,2,1,2,2012,5
2118,2,1,3,1975,3
1880,2,2,2,1984,4
2320,4,3,3,2005,4
2616,2,2,1,1984,5
1174,5,1,2,1954,3
2245,5,1,2,2000,4
2638,4,2,1,1981,4
1053,5,3,2,1987,3
1694,2,1,3,1974,3
1862,5,3,3,1974,3
2341,2,1,2,1989,2
2890,4,2,3,2019,3
1348,3,3,1,2020,4
1832,3,3,3,2000,5
1579,5,3,2,1973,2
2563,5,1,2,1957,3
2809,5,2,3,1957,5
1281,4,1,2,2009,1
1359,3,3,3,1980,1
1914,4,3,3,1994,3
1822,5,3,3,2012,2
2654,2,1,1,2017,3
1891,2,3,1,1951,4
1952,4,1,2,1971,2
2669,2,1,3,1984,3
2031,2,3,3,2006,2
1562,2,3,1,2018,1
1490,5,2,3,2014,1
1340,3,2,2,1980,3
1471,3,2,2,1996,3
2816,2,3,3,1966,5
2710,5,3,2,2016,4
2718,2,2,2,2018,4
2727,2,1,2,2008,4
1248,4,2,3,1978,2
2106,4,1,3,1958,4
2116,2,2,3,1959,2
2908,2,2,2,2007,5
2417,5,2,3,1969,3
1823,3,1,1,2003,1
2291,2,1,1,1968,1
2440,2,2,1,1985,4
1631,4,3,3,2002,2
2606,4,2,1,2007,3
1528,5,1,3,1986,2
2276,4,1,2,1979,3
1891,4,3,2,1985,3
2822,2,2,3,1982,4
2339,2,1,3,2017,1
1837,3,2,1,1999,2
2296,2,2,1,1974,3
2329,3,3,2,1988,4
2828,3,2,3,1958,4
2233,4,3,1,1951,2
2753,3,1,3,1974,3
1752,4,1,1,1987,3
1885,2,2,3,1974,2
1463,4,2,2,1998,3
1711,3,1,2,2012,3
1727,4,2,2,2006,3
1716,5,1,1,2015,3
2948,2,1,1,1952,4
2439,4,3,3,1976,4
2239,2,1,2,1979,3
1079,3,1,2,1967,2
1479,5,3,3,1976,1
1901,4,3,1,2010,2
1890,2,3,3,2012,4
2570,2,1,2,2007,5
2824,4,1,2,1966,3
2188,4,1,1,1970,2
2548,4,1,3,2007,3
1201,5,1,3,1960,2
1740,4,3,1,1967,4
2369,2,1,2,1966,4
2389,3,3,2,1963,5
2471,2,3,1,2011,5
2536,4,1,1,1963,4
1318,5,3,2,1983,5
1216,4,1,2,2009,1
2057,3,2,2,2015,3
1265,3,2,3,1985,1
2663,4,3,2,1977,4
1723,5,1,1,1961,3
1774,2,1,1,1978,3
2847,3,1,2,2001,5
2103,2,1,1,1953,3
2700,4,3,1,2001,4
1412,2,1,3,1973,1
2275,5,2,3,1955,4
2035,5,3,3,1984,3
1400,2,2,1,1962,4
2839,2,1,2,1990,4
1723,5,1,2,1979,1
1281,3,1,3,1971,1
2135,3,3,2,1977,3
1722,5,2,1,1955,4
2401,5,1,3,1989,4
1750,3,1,3,2013,3
1267,2,1,1,1991,2
2340,3,1,3,2003,4
1569,5,2,2,1979,2
1508,4,1,3,1950,2
2973,2,3,1,2021,4
1545,3,1,3,1972,1
1774,4,2,3,1986,2
1364,2,3,2,1994,1
1546,5,2,2,1973,3
1270,2,2,2,1950,3
2984,2,1,3,1953,5
2497,3,3,1,1966,5
1738,5,3,1,1992,1
1536,3,3,2,1969,2
2257,5,2,2,2021,3
1058,4,3,1,1982,1
2274,2,2,2,2006,4
2870,3,3,3,2006,5
1085,5,1,2,1974,1
1762,3,2,1,2001,3
1389,2,1,2,2007,3
2203,2,1,2,2006,4
1718,4,1,2,2015,2
1855,5,1,3,2019,1
1148,5,2,1,1984,2
1582,4,3,2,2015,2
1120,4,2,3,2021,1
1764,5,1,1,1957,4
1604,5,1,1,1995,2
1255,3,3,3,2011,3
1765,5,1,3,2013,2
1863,3,2,1,1979,2
1799,3,2,2,1978,2
2332,3,2,3,1995,4
2021,2,1,3,1986,3
2092,4,3,3,1968,5
2469,4,2,3,1953,5
1387,5,1,3,2003,1
2109,4,2,1,2001,5
1785,4,3,2,1987,3
2250,2,1,2,1950,4
1592,3,2,2,1983,3
2649,3,3,1,1980,4
2207,3,1,1,1984,5
2815,4,1,1,1960,5
2345,4,2,3,1967,5
1908,5,1,3,2019,2
2341,2,1,3,1993,3
1565,2,2,1,1992,1
1398,5,2,2,1984,2
2732,5,1,3,1963,5
1898,5,2,1,1998,3
2316,3,2,3,2016,4
1292,3,1,2,1959,1
1484,3,2,2,2009,3
1802,5,1,3,1978,3
2715,5,3,2,2016,3
2435,3,2,1,1976,3
2531,4,2,3,1964,4
1889,2,2,2,1950,2
1243,4,1,3,1950,2
2443,3,1,1,1969,2
2952,5,2,1,2020,5
1959,3,3,1,1977,2
2177,3,1,1,1951,4
1815,2,3,1,1998,1
2447,2,3,2,2018,4
1272,5,1,3,2011,2
2670,3,2,1,1957,2
1519,4,2,3,1998,1
2151,3,1,1,1989,2
2396,4,2,2,1974,2
1567,3,1,2,2013,4
1637,3,3,3,1972,2
1158,3,1,3,2008,2
2594,5,2,1,1974,3
2593,5,1,2,1950,5
1651,5,3,2,1982,4
1175,4,3,1,1963,3
2950,4,2,2,1950,5
1619,5,2,2,2002,3
1210,4,1,1,2004,1
1446,5,2,2,1973,3
1585,2,1,3,1961,2
1166,5,2,2,1962,3
1459,2,3,3,1972,1
1915,3,3,2,2017,2
2380,4,2,1,1983,4
2327,4,1,1,1976,4
2256,5,3,3,2008,3
2350,3,1,2,2014,5
2907,3,3,2,2002,4
2205,3,2,3,1961,3
2657,3,2,3,1956,5
2357,4,2,3,2011,5
2738,5,3,1,2020,5
2990,5,2,2,2000,4
2052,2,2,1,2000,3
1713,4,2,1,1995,3
2116,2,1,3,1999,4
1840,3,2,3,2005,3
1867,5,1,1,2012,3
1687,2,1,2,1993,4
1329,4,3,3,1958,3
2746,5,2,2,1986,3
2207,4,3,3,1999,4
1648,4,3,1,2019,2
2772,5,1,1,1976,5
1352,4,2,1,1978,1
1929,4,3,1,1983,1
1940,3,2,1,2010,2
1983,5,3,2,2020,5
2288,2,2,3,2006,4
2670,5,1,3,1967,4
2679,5,1,3,1961,4
2042,3,3,1,2016,3
2766,2,2,1,1981,4
1645,2,2,3,2021,3
1625,2,1,2,2015,5
2522,4,3,2,1959,2
2660,4,2,3,1960,5
1715,2,1,3,2000,2
2596,5,2,3,1990,4
1761,5,1,1,1986,1
2833,2,3,3,1976,3
2548,2,2,1,1981,4
2931,3,2,3,1981,4
1254,4,1,1,2021,1
2108,4,1,1,1952,2
2481,4,2,3,2011,4
2555,3,1,2,1952,3
2585,3,1,2,1954,3
1675,3,3,2,1954,3
1091,2,1,2,1988,1
2623,3,2,1,2011,5
2092,5,1,2,1996,3
1036,2,2,1,2002,2
2787,4,1,2,2018,4
1866,3,3,2,1960,3
2916,5,3,1,1975,5
1679,2,2,2,2008,2
2921,2,1,3,1977,5
2201,4,1,3,1952,3
2832,4,1,3,2015,4
2836,5,2,1,1965,4
2894,4,1,3,1958,4
2641,5,1,3,1998,4
1189,5,3,2,2017,3
2663,4,1,1,1970,3
1341,4,2,2,2020,2
2028,3,3,3,2015,2
1971,3,3,2,1987,3
2280,5,1,2,2010,4
2835,5,3,2,1978,3
1661,5,3,1,1988,3
2829,5,3,3,1957,5
1242,3,1,1,2009,2
2810,2,2,1,2005,5
1414,4,2,1,2001,2
2650,5,3,3,1988,4
1706,3,3,1,2006,1
1342,2,1,2,1994,1
1681,3,3,2,1989,5
2402,4,3,3,1952,3
2617,5,2,1,1967,5
1652,3,2,1,2018,3
1145,2,2,1,2015,2
1322,4,2,1,2004,1
1121,2,1,3,1995,1
2275,3,3,3,1956,5
2878,4,1,1,1995,5
2922,2,3,1,1970,4
1310,2,3,1,1989,2
1600,2,2,2,1983,3
1474,4,3,2,2005,2
1569,4,1,1,2006,3
2515,5,3,2,2018,3
1574,3,1,1,1981,1
1346,5,1,1,1996,2
1819,3,1,1,1978,2
2510,4,3,1,1981,4
2496,2,2,1,2018,5
1381,5,1,1,1954,1
2303,4,2,2,2018,2
1520,4,3,1,2004,4
2389,5,1,2,1996,4
1932,4,3,2,2012,3
2117,3,3,1,2001,4
2396,3,3,2,2018,3
2460,5,2,2,1979,4
2359,5,3,2,1987,4
1663,5,1,1,2001,3
2515,5,2,3,2021,5
2940,5,2,1,1987,4
2891,4,2,3,1988,4
1039,4,2,2,2001,1
2382,3,1,3,1960,3
1573,5,3,1,1969,2
2277,5,1,1,2000,2
1965,5,3,2,2014,2
1580,3,2,3,1995,3
2421,5,2,1,1967,4
2780,5,2,2,2001,5
1169,3,3,2,1980,1
2713,4,2,1,1950,5
1700,2,3,2,1955,3
1510,5,2,2,1966,4
2283,2,1,1,1958,2
1583,5,2,1,2014,3
1983,2,3,2,1964,2
1458,4,3,3,1966,1
1528,3,1,3,2005,2
2905,2,3,1,1999,5
1340,4,1,2,2014,2
1056,2,2,1,1976,2
1217,2,2,3,2000,2
1618,3,2,1,2019,2
1815,4,3,2,1969,4
2963,3,2,1,2018,4
2708,5,2,3,2010,5
1730,3,2,2,1980,2
1463,3,2,3,1967,2
1246,2,2,2,1967,2
1729,2,3,3,2019,5
1372,2,3,3,1984,3
1416,4,3,2,1987,2
2054,3,3,1,1952,3
1367,5,2,2,1978,1
1558,2,3,3,1988,1
1107,3,2,2,1988,2
1583,3,2,1,2007,2
1838,3,1,3,2005,4
1417,5,3,2,2007,3
1820,5,3,1,2006,3
2421,3,1,3,2009,4
2295,3,2,3,2014,2
1682,2,3,1,1964,2
2139,4,3,3,1969,1
2864,5,3,3,1959,4
2609,4,2,3,1969,5
1255,5,3,1,1989,3
2104,5,1,2,2000,4
1779,4,3,2,1962,1
2151,4,3,3,1959,4
1837,5,2,1,1977,2
1914,3,1,3,1978,2
1552,5,1,1,1985,3
1180,2,3,2,1974,2
1156,3,3,2,2008,2
2477,3,2,2,2000,5
1570,2,2,1,2021,2
1856,5,3,1,1952,2
2727,5,1,1,1974,5
2047,4,3,3,1977,4
2496,5,1,1,1994,3
2423,4,1,1,1985,3
1947,4,3,2,1985,4
1591,2,2,3,1966,3
1133,4,3,3,2017,1
1420,2,2,1,1976,1
1212,2,1,3,1969,1
1899,3,2,1,2012,1
1347,3,3,3,1966,3
1936,2,1,3,1967,3
1347,5,1,3,2016,1
1848,5,2,3,1998,2
1397,2,2,2,1961,2
1582,4,3,1,1986,3
1725,2,1,1,1966,2
2600,5,2,2,2007,3
2244,4,2,2,1952,3
1990,4,1,2,1996,3
1797,3,1,3,2019,2
1718,2,3,2,2006,2
1465,2,1,3,1962,1
1098,2,3,1,1953,1
2265,5,2,3,1959,3
1157,5,3,2,2015,2
1609,5,2,2,1958,2
1553,3,3,3,2011,2
1650,4,1,2,1956,3
2818,3,2,3,1965,4
1919,4,3,2,2011,3
1226,4,1,1,1951,2
1422,2,2,2,1987,2
2095,2,2,1,1975,4
1242,5,1,1,2021,2
1529,2,1,3,1960,1
2612,3,2,2,1982,2
2068,3,1,3,2000,3
2495,3,3,2,2019,5
1370,2,3,1,2002,2
2878,2,2,2,1968,5
1651,4,2,3,1973,3
1688,4,3,3,1973,2
1733,2,1,1,1984,1
2950,3,1,1,1956,4
1091,2,2,3,1950,1
2045,5,1,1,2001,4
1171,5,2,1,2019,1
2627,3,1,3,1961,3
2215,5,1,3,1977,2
2100,2,1,3,1987,4
2304,2,3,3,1975,3
2387,4,2,3,1967,5
1178,5,1,1,2006,3
1237,5,1,2,2006,2
2158,5,3,2,1999,3
1876,5,3,2,1959,2
1901,3,3,1,1996,2
1279,3,2,3,1965,2
2042,2,3,1,2021,3
1739,4,1,1,1992,2
1370,2,1,1,2020,2
2800,2,3,1,2003,4
2135,3,1,2,2008,5
2786,2,1,1,1993,3
2699,4,3,1,1997,5
1869,5,3,1,2013,3
2018,4,3,1,1984,3
1220,3,3,1,2018,2
1919,3,1,3,1978,4
1303,5,2,1,2001,1
2726,2,1,3,1986,5
2348,4,3,3,1983,2
2460,3,2,1,1966,5
1437,4,2,1,1998,2
2193,3,2,2,1962,4
1374,3,1,2,2004,3
2580,5,3,3,2013,3
1380,4,1,2,1954,4
1985,4,2,2,1997,3
1742,3,3,2,1973,2
1668,5,1,2,1987,3
1499,4,2,2,1953,4
2669,2,2,1,1955,4
2414,4,1,2,1983,4
2572,3,3,3,1995,5
1564,5,3,2,1972,3
1529,4,3,2,1998,1
1491,4,1,2,1967,4
2573,4,2,2,1987,5
2722,2,1,3,1981,4
2408,3,2,1,2012,3
2219,2,1,3,1971,2
1754,2,2,3,1984,2
1299,3,3,1,2011,3
1814,3,1,3,1960,1
1546,4,3,3,1969,2
1726,3,1,2,1977,2
1730,4,3,1,2009,1
1827,2,2,1,1996,3
1601,4,2,3,1988,3
2331,3,2,1,2010,4
2275,4,2,1,2020,3
2031,2,1,1,2007,4
1767,3,2,1,1952,1
1874,3,3,1,1973,3
2231,5,3,2,1956,3
1936,4,1,3,2018,3
1130,4,1,1,2000,3
2759,4,2,3,1970,3
2732,2,1,1,1966,3
2677,2,2,1,2005,4
2787,3,1,1,2019,4
1607,3,2,2,1953,1
1025,2,3,1,2012,1
2646,4,2,2,1975,5
2477,4,3,2,1950,5
1634,2,3,2,2021,3
2209,4,1,1,2017,3
1483,2,3,3,1984,3
1679,4,2,3,1958,2
2074,4,1,2,1988,1
2914,5,1,2,2017,5
1004,3,2,3,2010,1
1588,4,1,3,1957,1
2183,4,2,2,1981,4
1207,2,3,1,1995,1
2228,5,3,2,1968,1
2790,2,1,3,2002,2
2973,2,2,1,1967,5
1010,2,2,1,2011,1
1948,4,2,3,1979,3
1007,2,2,3,1993,1
2432,3,1,1,1996,3
1935,2,3,1,1972,1
1031,4,3,2,2011,3
1539,3,1,3,2010,2
2741,4,1,3,2003,5
2004,3,3,2,1958,4
1386,3,3,3,1970,2
2251,3,1,2,1990,4
1639,4,1,1,1965,3
2790,3,1,1,1959,5
2498,5,1,1,2019,5
2747,5,1,2,1984,3
2774,4,3,2,1991,5
1206,5,3,1,1951,2
2341,3,2,2,1968,4
2818,2,2,2,1975,4
2780,2,3,1,1984,4
1556,3,3,1,2007,1
2640,5,2,2,2011,5
1347,3,2,3,1951,1
1792,2,2,2,1967,3
1233,2,1,3,1979,1
2724,4,2,3,1970,5
2067,2,1,1,1962,3
2005,4,1,2,1976,3
1736,5,2,2,2015,2
1941,3,3,3,1978,3
2165,4,2,2,2007,3
2671,3,2,1,1980,3
1175,4,2,2,1997,4
2677,5,2,1,1950,4
1448,5,2,2,1952,1
1591,4,1,1,1952,1
2742,3,3,3,1973,5
1855,5,1,3,1999,4
2200,3,1,2,1983,3
2406,4,2,2,1952,4
2266,3,2,3,1983,4
2590,4,1,1,1976,4
2164,3,3,2,2018,5
2480,4,2,1,1975,3
1439,2,3,1,1991,2
2079,2,1,1,1992,4
2550,5,3,2,2011,4
1696,5,3,2,1991,4
2849,4,3,3,2020,4
1418,3,2,2,2005,2
1087,4,1,2,1975,1
2632,2,2,2,1952,3
1655,2,3,3,2018,3
2031,4,2,1,1980,3
2500,2,2,2,1965,5
2708,4,1,2,1993,4
2758,5,1,2,1965,4
1551,5,3,2,2018,3
2520,5,2,2,2008,4
2717,2,3,3,1981,3
1502,3,2,3,1992,2
2805,3,3,1,1972,5
1698,3,1,2,1994,3
1244,5,3,2,2007,3
2501,4,1,2,2018,2
1308,5,2,3,1953,1
1230,5,2,1,1988,1
2406,4,2,1,1952,3
1154,3,3,2,2013,3
2198,3,3,2,1972,3
1847,3,3,2,1962,2
1114,5,1,2,1999,1
2413,5,2,1,2005,3
1992,3,1,3,1989,3
1299,5,1,2,1998,2
2041,2,2,2,1990,3
1783,5,2,1,2021,4
2427,3,1,1,1965,3
2836,4,2,3,1978,4
1231,5,1,3,2004,1
1954,5,2,3,1967,4
2628,3,1,3,1955,3
1729,5,2,1,2007,1
2301,2,3,2,1995,3
2376,3,3,1,1965,4
2017,2,2,2,1961,2
1998,3,1,1,1968,2
1302,5,3,2,1957,1
1540,5,1,2,2009,2
1469,2,3,1,2013,4
1812,2,3,1,1966,1
1076,3,3,2,2013,1
2019,3,2,3,1965,3
2544,4,2,3,1999,3
2038,4,2,3,1967,4
1675,5,1,2,1968,2
1524,2,3,3,2013,1
1346,2,2,3,1977,2
1171,4,3,3,2018,1
2892,4,1,2,2007,5
2350,3,2,3,1958,4
1711,4,2,2,1996,4
2508,2,3,3,2005,4
1488,3,2,2,1955,2
2485,4,1,3,1961,2
1377,5,2,3,1995,3
2611,4,3,1,1979,4
2187,5,1,1,2008,5
1371,4,2,2,1993,2
2596,3,3,2,1958,4
1999,5,3,2,1989,3
1976,5,3,2,1971,3
2447,3,3,1,1995,4
1756,5,3,2,1976,3
1476,3,1,2,1959,2
1381,4,3,3,2013,2
1256,3,2,1,1996,1
2779,3,1,2,1961,5
1673,3,3,3,1977,1
1343,5,1,2,2011,2
2300,4,1,1,1985,5
1390,2,1,3,1958,3
1258,4,1,3,1983,3
1306,5,3,2,1996,1
2118,3,2,3,1978,3
1949,5,1,1,1997,3
2487,5,2,3,1977,4
1969,4,1,1,1970,3
1245,4,1,3,1998,1
1732,5,1,2,1972,2
2658,4,1,1,1978,5
1186,5,3,2,1960,2
2797,4,3,3,2012,5
1924,5,2,1,1987,2
1784,3,1,3,1970,3
2396,2,2,3,1980,3
2429,5,3,3,2005,5
1407,2,2,1,1995,2
2148,2,2,2,1955,1
2360,2,2,3,1975,3
1340,4,1,3,1985,1
1562,4,1,1,2012,2
2201,3,2,1,2017,4
1650,4,2,3,1951,1
1951,4,1,2,2004,4
2862,4,1,3,1962,5
2193,2,2,1,1961,5
2062,3,2,3,2016,2
1068,2,1,1,2021,1
2259,3,1,3,1989,5
2583,4,1,2,2005,4
1380,5,1,3,2012,1
2300,2,1,1,1957,2
2122,2,1,3,1994,2
1915,3,3,1,1975,3
2550,2,3,3,1982,3
1324,5,1,1,1962,3
1460,5,2,2,1992,2
1178,4,1,1,1963,1
1843,3,1,1,2006,4
1573,3,1,3,1961,2
1118,4,1,2,1986,1
2492,2,3,1,1982,4
1548,2,1,1,1968,1
1645,4,1,1,1969,3
2478,4,3,3,2000,2
2513,4,2,2,1975,3
2031,3,3,2,2011,2
1968,3,1,2,1982,2
2539,2,2,1,1956,3
1532,3,1,1,2001,1
2511,4,2,2,1985,5
2048,3,2,2,2001,2
1944,3,1,2,1967,2
1554,5,1,1,1966,4
1424,2,1,3,2012,1
1292,3,1,2,2013,3
2208,2,3,3,1956,3
1430,2,2,1,1986,2
1603,5,2,3,1987,1
1316,5,1,2,1997,2
1397,2,2,2,2017,3
2347,4,2,2,1964,3
2588,2,3,3,1966,5
1595,3,3,1,1973,3
1545,3,1,2,1989,2
1864,3,2,1,1982,1
1915,4,1,1,1986,2
1708,2,2,1,1974,2
1485,3,2,1,1963,3
2821,2,2,2,1994,5
2111,2,2,1,1977,3
1746,3,3,2,1991,3
2255,4,2,2,1987,4
2030,4,1,3,1979,4
2827,5,3,2,1973,4
1549,2,1,2,1951,3
1975,5,2,3,1965,3
2075,4,2,1,1980,4
2678,3,1,1,2018,3
1941,3,1,2,2004,3
1918,4,2,3,1994,3
2419,4,3,3,2021,4
2244,2,2,3,2008,4
2451,5,3,1,1987,5
2166,4,3,3,2021,3
1362,3,1,3,1981,2
2584,5,2,2,1980,3
2300,2,2,1,2000,3
1270,2,3,3,1986,2
2037,2,3,3,1998,4
1297,5,2,1,2013,3
2003,2,3,2,1971,2
2487,3,1,3,1965,3
2550,5,1,2,1961,5
1233,4,2,3,1963,1
1574,2,1,3,1974,2
2731,5,3,2,2004,4
1026,4,2,3,2020,2
2494,4,1,3,1995,5
1092,3,2,1,1990,3
1616,4,1,1,1986,2
1308,3,1,3,2020,2
1051,5,1,2,2021,2
1318,3,1,3,1996,1
2992,5,2,3,1961,5
1180,5,1,1,2018,1
2592,2,1,3,1981,5
2143,3,1,2,1999,3
1874,2,1,1,1979,2
2066,3,1,2,1975,2
1646,3,1,3,1973,4
2961,2,1,2,1979,5
2283,4,1,3,1986,3
1196,5,2,1,1980,2
1644,3,3,1,1974,4
1970,5,2,2,1956,3
1254,2,3,2,1962,1
1731,3,3,3,1960,2
2576,3,3,1,2020,3
2525,4,3,3,1970,3
1989,2,2,2,1993,2
1899,2,1,2,2002,3
2278,2,2,2,1953,3
1513,3,2,1,1950,2
2730,5,1,1,2002,3
1241,5,1,2,1993,1
1148,2,2,3,1969,2
2733,3,2,1,2020,4
2322,3,2,2,1959,3
1756,3,2,3,1982,1
1619,2,3,2,1962,4
1452,5,2,1,1965,3
2416,4,3,1,1998,4
1211,3,3,3,2011,2
1667,4,2,3,1953,2
2561,2,2,1,2021,3
1593,2,1,3,1971,2
2618,5,3,2,2004,4
2352,2,2,2,1956,4
1611,5,1,3,1980,3
1255,5,2,1,1955,2
2502,5,3,3,1967,5
1560,5,2,3,1977,2
2936,2,2,3,1994,5
2334,5,3,2,2012,3
1406,2,3,3,2007,2
1801,2,3,1,2006,2
2128,2,2,2,1988,3
2640,2,2,3,1989,5
1014,5,3,2,2009,2
2710,5,3,2,1965,5
1258,3,3,2,1984,1
1722,3,3,1,1989,5
2282,5,1,1,1954,4
2283,4,1,1,1997,5
2879,5,3,3,2014,4
2694,2,1,3,2001,5
2068,4,1,1,2003,2
2978,4,1,2,1997,5
1812,2,2,1,1987,2
2786,2,1,1,2005,4
1330,3,2,2,1983,2
2216,5,2,1,2003,4
2544,5,3,3,2010,4
2424,3,3,3,1957,4
2397,4,1,1,1995,2
2088,4,2,1,1959,3
1386,3,3,2,1979,1
2518,5,2,1,1963,3
2817,3,2,1,2010,5
2716,5,3,3,2017,4
2438,5,2,3,1959,3
2814,3,2,1,1987,5
2053,3,3,3,2005,3
2289,5,2,1,1960,5
1327,5,3,3,2009,1
2515,2,2,1,2017,4
2240,5,2,3,1994,5
1319,5,3,3,1998,2
1398,3,2,1,2001,2
2914,2,2,2,1986,5
1104,2,1,1,1953,2
1695,5,2,1,2007,3
2016,3,3,3,2005,3
1329,4,2,2,1993,2
1659,2,1,2,2012,2
2640,5,2,2,1987,3
2070,3,1,1,1983,4
1598,4,3,1,1954,2
1820,3,3,3,1955,1
2972,2,2,3,1998,4
1640,5,1,2,2015,2
1313,2,2,1,1971,2
2170,2,3,2,1953,5
2981,3,2,3,1964,5
1461,2,1,1,1995,3
2607,3,2,2,1980,5
1485,5,3,2,1998,1
2675,4,2,1,1973,4
1409,5,3,3,1998,2
1026,5,1,3,2007,2
2052,4,3,1,1978,3
1270,4,3,1,1989,1
1685,4,1,1,2019,2
1500,5,1,3,1990,3
2276,2,2,3,1978,3
1384,5,1,1,1972,2
1059,2,3,3,2014,2
2130,3,2,1,2020,3
1219,5,1,2,1998,1
2464,4,3,3,2020,4
1770,5,1,1,1966,2
2681,4,1,3,1969,4
1563,3,2,1,1964,3
2595,3,2,1,1951,4
1545,3,2,2,1997,2
1988,5,2,1,1999,2
2112,5,2,1,2017,4
1827,4,2,1,1976,2
2945,2,3,1,1998,4
1230,4,2,1,1952,2
1967,3,2,3,1950,4
1274,2,1,1,2002,3
1245,4,3,2,1956,1
1110,3,2,2,1989,1
2301,2,2,2,1952,5
1416,2,1,1,2007,2
1677,4,1,1,1968,2
2151,4,2,3,1997,3
2260,4,3,2,2007,3
1802,2,3,3,1955,2
1618,2,1,3,2000,1
2151,3,2,3,1985,1
1706,3,3,2,1969,2
1850,2,2,3,2021,4
2417,4,1,3,1987,4
1474,2,1,3,1974,3
1654,5,2,1,2017,3
1110,5,3,2,1996,2
1089,3,1,1,2007,1
1762,2,2,2,1952,3
2303,5,1,1,1980,3
2356,2,3,2,1961,4
2247,5,2,3,2016,5
2124,2,2,1,1997,3
1131,4,1,1,1958,1
2036,3,2,1,1963,2
1456,4,2,1,1968,3
2464,3,2,2,1966,5
1097,4,2,1,1986,2
2143,3,1,3,1970,3
1292,4,2,3,1980,1
2839,2,3,2,1961,3
2734,4,1,2,2008,4
2024,5,2,1,2004,2
1148,2,2,2,1987,2
2418,5,1,2,1959,5
1043,4,1,1,1967,1
2906,2,1,3,1953,5
2721,4,1,2,2016,5
2643,3,1,1,1978,5
2067,4,2,2,2019,3
2101,4,1,1,1973,3
2249,5,1,2,1986,4
1161,4,1,1,2001,1
2816,5,3,2,1968,4
1252,3,2,2,1990,1
1131,5,1,3,2018,3
1473,4,3,2,1983,2
2801,2,2,3,1996,4
2132,2,1,2,1964,3
1705,4,2,2,1970,4
2058,2,2,1,1979,3
2490,2,1,3,1954,2
2925,3,3,3,1963,4
1186,2,2,3,1985,1
1948,5,2,2,1964,4
1242,4,2,1,1998,3
1263,5,2,3,1973,3
1521,2,3,3,2008,2
1962,5,1,2,1994,1
2564,3,1,2,1998,3
1782,5,3,3,2007,4
2110,5,1,1,2013,2
1534,4,3,1,1978,2
1209,5,2,1,2019,1
1045,3,2,1,1953,2
2490,2,1,2,1998,3
2563,5,2,1,1992,5
2289,4,2,1,2003,3
2539,2,1,2,1992,5
2334,5,3,3,1956,2
1321,3,2,2,1961,2
2602,2,1,2,1964,4
2158,3,2,1,1994,1
2999,2,3,3,1950,4
2566,4,3,2,2009,4
2609,4,1,2,1962,4
2554,3,2,3,1965,5
2179,2,3,2,1950,3
2872,3,1,3,1998,5
1667,4,3,3,1964,2
1146,5,1,3,1952,1
2508,4,3,2,1963,4
1598,5,1,2,1969,3
1019,3,3,3,1985,1
2292,3,3,2,2007,5
2578,5,3,1,1980,5
1906,3,1,2,2019,2
1943,3,3,1,1982,4
1910,2,3,2,2013,2
1400,5,1,1,1978,1
1949,3,3,2,1970,3
2329,3,3,2,1989,3
1466,5,2,2,1974,3
2283,4,1,2,2001,3
2557,4,2,3,1964,5
1981,2,3,2,1957,1
2910,3,2,2,1969,5
1100,5,2,1,1982,2
1550,3,1,1,1985,3
1801,4,2,2,1987,2
1352,4,2,3,1999,2
2323,4,3,3,1956,4
2705,5,1,1,1973,2
1295,3,1,2,2006,1
1352,5,2,1,1990,1
1907,3,3,3,1984,4
2153,2,1,3,1972,3
2018,4,3,3,1971,3
2179,4,2,1,1974,3
2097,4,2,3,1969,2
2365,4,1,2,1954,3
2488,5,2,3,1953,4
2113,4,3,3,1974,3
2602,3,3,3,1986,4
1454,3,2,2,1974,2
2771,4,2,1,2021,5
1711,4,3,3,1968,4
1979,5,2,3,1996,3
2355,5,2,1,2017,3
1738,3,2,1,1996,2
1976,3,3,2,1985,4
2371,2,2,1,1984,5
1232,3,3,1,1981,2
2801,2,1,2,2003,3
2621,4,2,1,2019,5
2023,4,2,1,1999,3
1101,4,2,3,2020,2
1952,3,1,1,2005,3
1480,3,2,3,1974,2
2237,4,3,1,1971,3
1107,5,2,1,2007,1
2188,4,3,1,1965,2
1972,2,3,3,1956,1
2626,5,3,3,2010,4
1703,5,3,3,1998,2
1334,3,3,1,2016,3
1085,3,2,3,1983,2
1874,4,2,2,1963,4
2447,4,3,3,2016,5
2636,3,1,1,1965,5
1363,4,2,2,1956,4
1059,5,2,1,1951,3
2505,2,3,2,1993,4
2273,2,2,3,1984,3
1559,2,3,2,1958,3
2762,5,2,3,1997,4
1873,2,3,1,1962,1
1914,5,3,1,1952,2
1967,3,2,3,1996,3
1998,3,3,1,1967,3
2568,4,3,2,1950,5
1043,5,3,3,2004,4
1508,5,1,3,1950,2
2188,5,3,3,1983,3
2391,4,3,3,1992,3
2315,2,3,2,2016,3
1848,3,1,3,2018,3
1916,5,2,2,1989,4
1897,4,2,1,2002,2
1798,3,3,2,2013,3
1875,2,1,2,1957,3
2760,2,2,3,1966,3
1285,3,3,2,1973,1
2227,4,2,1,1981,4
1683,3,2,3,2020,4
2547,5,2,2,1972,5
1818,5,3,3,1977,2
1944,5,1,1,1964,4
2779,5,1,2,1953,5
2687,2,1,1,1964,5
2687,4,3,2,1976,5
2017,2,3,2,1989,4
2211,2,3,3,1997,3
1906,4,2,3,1974,5
1012,2,1,1,1991,1
1602,5,3,1,2010,4
1199,3,2,2,1950,1
1585,3,2,3,1977,1
2791,4,2,2,1961,4
2479,3,1,1,1952,4
1447,3,3,2,1970,3
2811,3,2,3,1976,5
2863,3,3,1,1974,4
1840,2,2,3,1978,1
2094,5,2,1,1995,2
1589,5,3,1,1992,3
2819,3,2,3,2019,4
2153,4,2,3,2005,3
1888,2,2,2,1950,1
1042,3,1,1,2005,2
1519,3,2,3,1964,3
2036,4,1,3,2003,3
1724,2,1,2,1996,4
1622,3,3,1,2004,3
1987,4,1,3,2002,3
1802,2,2,2,2011,3
1534,2,1,2,1993,1
1301,3,3,1,2018,2
1526,4,2,2,1988,2
2665,3,1,1,1986,3
2596,3,1,2,1977,4
2138,3,3,3,1991,4
1459,4,3,3,2002,2
1831,2,3,2,1986,2
1504,3,3,2,2013,2
2331,5,3,2,2020,4
1931,5,1,2,1960,3
2986,3,1,1,2016,5
1578,2,2,3,1970,4
1760,2,2,1,1992,2
2198,5,2,1,1978,3
1850,4,1,3,1994,4
2537,3,1,1,1956,4
2195,4,2,2,1997,4
1959,2,1,2,1992,3
1333,3,2,3,1994,1
1283,5,1,2,1975,2
1474,5,3,2,1959,1
2077,4,2,2,1972,3
2481,4,1,3,1989,4
2602,5,1,2,1971,4
2443,2,3,2,2003,3
2637,3,2,3,1995,3
1631,5,1,2,1994,3
1702,5,3,2,1954,1
1408,5,1,1,1979,2
1981,5,1,2,2016,4
2327,4,2,3,1951,3
2958,4,2,3,1986,5
1558,2,1,1,1972,1
1221,3,1,3,2016,2
2556,5,2,1,1968,3
1157,2,1,3,1955,1
1347,4,1,1,1981,2
2182,3,1,1,2006,3
1888,2,3,3,1951,3
1921,3,2,1,1970,2
2258,3,1,2,1979,2
1661,4,1,1,2007,3
1404,5,3,1,1993,1
2280,3,2,3,1961,3
1676,2,2,3,1999,2
1588,3,1,2,1973,2
2620,3,1,3,2012,3
1557,4,3,2,2012,2
1904,2,3,1,1968,3
2936,3,2,2,1958,5
2070,4,3,2,2006,3
2236,4,3,1,1971,4
1478,5,2,3,1952,3
1486,5,2,1,1961,2
2594,5,2,3,1983,4
2365,3,1,1,2011,4
1523,3,3,2,1990,2
1703,4,3,1,1998,5
2526,3,3,3,2021,3
2029,4,1,1,2011,1
1820,2,1,1,1971,1
2167,3,2,3,2020,3
1857,2,2,2,1996,3
2284,5,1,1,1978,4
1584,2,1,2,1966,3
1685,2,1,3,1965,3
1231,4,3,2,1982,2
1269,4,2,2,1966,1
1939,4,3,3,1992,4
2470,4,2,1,1974,3
1873,5,1,2,1976,4
2245,2,3,2,1994,4
1115,5,3,1,2009,1
1537,4,1,2,2013,3
2588,2,2,1,2005,4
2900,2,1,2,1980,4
1540,5,2,1,2007,3
2042,4,3,1,2019,4
1814,5,2,2,2017,3
2415,2,3,3,2003,3
1790,4,1,2,1973,2
2652,5,1,2,1995,5
1617,2,2,1,1971,2
1418,3,1,1,2015,4
2762,2,3,1,1999,4
1863,4,2,3,1959,2
1185,2,2,2,2015,2
1260,4,2,3,1972,2
2551,3,1,1,2021,4
2296,5,3,1,1998,2
1159,5,2,3,1955,2
1869,5,3,2,1970,2
1761,3,1,2,1956,1
1223,4,2,3,1975,3
2279,4,2,3,1986,5
1179,2,3,2,2009,2
1019,2,3,2,1953,1
2647,4,3,1,1972,3
1631,3,2,1,1955,2
2729,3,2,2,2020,4
2491,5,3,3,2009,4
2646,5,3,2,1989,3
2233,5,3,1,2005,4
2536,4,1,3,2017,5
1057,2,2,3,1953,1
2116,4,3,1,1986,3
2244,4,1,1,2003,5
1722,3,2,3,1985,3
2255,2,3,3,2004,4
2797,2,1,1,2003,5
2387,4,1,1,2003,5
1614,4,3,3,1960,3
1561,4,3,2,1962,3
1621,3,1,3,1964,1
2479,5,3,3,1995,5
2043,5,3,3,1976,2
2013,2,2,3,1988,2
1132,2,3,1,2000,2
2960,2,1,2,1996,5
2831,3,3,2,1968,4
2057,4,3,1,1954,4
1891,2,1,1,2015,1
2231,5,1,3,1972,3
2836,2,2,3,1987,4
2222,5,2,2,1975,5
1591,4,1,2,1957,2
1582,3,3,3,1989,3
2178,3,2,1,1974,3
2613,2,1,1,2021,3
2101,2,2,1,1970,4
2195,5,1,2,1979,4
1288,2,3,2,1967,3
2568,3,2,1,2011,2
2835,2,2,3,1958,3
2811,5,2,3,2007,4
2012,4,2,1,1990,5
1878,3,1,2,1989,2
2443,3,1,3,2011,5
2183,4,3,2,1963,4
1239,3,1,1,1967,1
2986,5,1,2,1951,4
2446,5,3,2,2013,5
1535,2,2,3,1990,1
2749,5,2,2,1978,5
1069,3,1,1,2007,2
2903,2,3,2,1968,4
1215,5,3,3,1997,2
2127,4,1,2,2010,5
2750,5,2,1,1986,4
2077,2,2,1,2005,3
1805,4,3,1,1973,3
1329,2,3,2,1978,2
1847,2,3,2,2013,1
2226,4,3,3,1967,3
2311,2,3,2,2014,3
1044,3,3,3,1973,2
1828,2,3,1,1969,3
2239,4,3,2,1963,5
2504,2,1,1,2001,5
2332,5,2,3,1963,3
1895,2,1,1,2013,3
2458,3,1,1,1975,4
1331,3,3,3,1993,2
1695,5,3,2,2002,4
1026,4,3,1,1954,1
2189,3,1,3,2018,2
1317,3,3,1,1954,1
2297,3,3,2,1967,3
2406,2,2,3,2011,4
1364,2,3,3,2000,1
2126,2,2,2,1974,3
1959,2,1,3,2007,1
2526,2,2,1,2007,3
2868,5,3,2,1998,5
1372,3,3,2,1991,2
2639,5,2,2,1997,3
2949,3,2,1,2006,4
1244,2,3,3,1979,1
2840,2,2,3,1967,4
2192,4,2,2,2008,4
2676,5,1,1,2008,3
2441,3,1,1,1960,2
2379,5,3,2,1998,4
1477,4,2,3,2012,1
1124,3,1,1,1958,1
1536,5,2,3,2009,3
1705,4,3,1,1997,3
2919,2,2,1,1999,4
2635,5,1,2,2012,4
2425,2,2,2,2011,2
2540,5,1,2,1982,2
2705,3,1,2,2014,2
1785,3,2,2,1985,2
1253,3,1,1,1969,2
1120,4,1,2,1973,2
2055,2,3,3,1983,3
1660,4,2,2,1954,3
2801,5,1,3,2009,3
2060,5,2,2,2015,4
2712,2,2,2,1992,5
2365,2,3,1,1961,5
2036,4,1,2,2011,3
2206,3,1,2,1989,3
2680,4,2,2,2011,5
2288,4,3,2,1966,2
1087,5,1,2,1984,1
2963,4,1,2,1989,4
2485,2,2,2,1976,3
2415,5,2,3,2007,4
2142,2,1,3,2013,4
1932,5,1,2,2019,4
2554,4,3,3,2021,5
2470,4,1,3,1964,4
1744,5,1,2,1991,3
2629,3,2,1,1967,4
1966,5,2,1,1961,3
1762,4,3,1,1984,1
1761,2,1,1,1961,2
1793,2,3,1,2014,2
1743,5,3,2,2004,3
2069,2,1,2,2012,1
1557,3,3,1,1962,2
2994,2,3,1,1970,4
1525,2,3,3,1956,3
1596,5,1,2,1954,2
2854,3,3,3,1958,3
1839,4,3,1,2020,3
2051,3,1,3,1966,4
2404,3,3,2,1990,3
1156,5,2,2,1952,1
1854,4,3,2,1975,2
2937,3,2,1,1987,4
2954,4,3,3,1967,5
1510,3,2,3,2018,3
2356,2,1,2,1987,2
2867,4,1,3,1969,3
1686,5,3,3,1977,3
2137,3,1,1,1999,2
2412,2,3,3,1974,5
2510,3,3,2,1972,3
2866,2,1,2,1982,5
2273,4,2,3,2000,3
1570,5,3,2,1973,2
1714,2,2,2,1989,1
2338,3,2,3,1953,5
1238,2,1,3,2006,1
2257,2,3,3,1995,4
1302,5,1,2,1997,3
1606,4,3,1,1955,3
1990,2,2,1,2003,3
2676,2,3,3,1964,3
1112,3,1,2,1976,2
2644,4,1,3,2021,5
1361,4,1,1,1988,1
1800,3,3,2,2005,1
1096,2,1,2,1966,1
2981,4,3,1,1972,4
2870,3,3,3,1954,5
1015,3,3,1,1994,2
1555,4,2,1,2007,3
2977,3,3,3,2004,3
1375,2,1,2,1999,2
1741,5,1,1,1966,2
1389,3,3,3,1978,1
1619,3,2,1,1982,3
2240,5,2,2,1974,5
2422,2,2,2,1965,4
2283,4,1,3,2016,3
1823,3,1,2,2010,1
1319,2,3,3,1979,1
1195,4,3,3,1994,2
2501,2,3,3,1977,3
1417,5,2,2,1986,3
2498,3,3,3,2003,4
1606,2,3,3,2014,2
1567,4,3,1,1964,2
1543,4,3,2,2016,2
1230,4,3,3,1996,1
1883,5,1,1,1952,2
1702,2,2,1,2003,2
2896,4,2,1,1980,4
2223,4,2,1,1998,4
1845,4,1,2,1958,2
1672,5,1,3,1976,2
2622,5,3,2,1997,4
1587,3,1,1,2014,3
2976,4,3,3,1995,4
1897,5,3,1,1991,2
2676,5,3,2,2019,4
2661,3,3,3,2009,5
2786,4,1,2,1982,5
2923,2,1,2,1976,4
2619,4,1,1,2018,4
2457,4,1,2,2017,2
1370,3,2,1,1999,3
2583,5,2,2,1985,4
2565,5,3,1,1968,5
2308,5,3,1,2021,5
1647,2,2,1,1998,2
1139,2,1,1,2008,2
1552,3,3,2,2014,4
1997,3,2,3,2012,2
1281,3,2,3,1962,2
2585,3,3,3,2015,3
2281,5,3,2,1995,4
2383,4,2,2,1950,4
1439,2,3,1,1994,1
1269,3,1,2,1968,3
2157,2,1,1,2006,4
1745,5,3,3,2020,3
2663,3,3,3,2006,4
1103,4,1,3,2012,1
1765,2,2,3,1958,3
1094,3,3,3,2004,3
2872,4,3,3,2017,5
1728,5,1,2,1986,3
2596,4,3,3,1963,3
1479,5,2,1,1971,2
1779,2,2,3,1997,2
2264,3,3,3,1959,4
1012,4,2,1,1977,1
2170,4,2,3,1959,4
2963,4,2,2,2008,5
2775,5,3,2,2010,4
1094,2,3,3,1956,2
2850,3,2,1,2018,5
1292,3,1,3,1970,2
1024,2,1,3,1956,3
2295,2,1,3,2009,3
2528,2,2,1,1950,5
2189,4,1,2,2013,2
1938,5,3,3,1982,5
1761,2,2,1,1974,2
2110,3,1,2,1993,4
1653,5,2,1,1973,3
2669,4,2,1,1957,4
1984,5,3,2,1979,4
2814,2,2,2,1958,4
1637,5,3,2,1950,2
1490,5,1,3,1986,1
2931,2,1,3,1979,4
2164,5,2,3,2009,3
2891,5,1,1,2005,3
2126,5,2,2,2019,5
2249,3,3,1,1952,3
2925,5,2,3,1992,4
1574,5,3,3,1989,2
1293,4,3,3,2005,1
1895,5,2,2,2019,4
2329,5,3,2,1976,4
2277,4,1,3,1967,4
2203,3,2,3,2005,4
1039,3,1,3,2019,1
1775,4,3,3,1982,2
1519,5,2,3,2017,2
2639,3,3,1,1978,5
2760,3,1,3,2010,4
1545,5,2,3,2020,1
1235,2,2,2,1989,1
1462,5,1,1,2007,3
2723,5,3,2,2003,5
2848,4,2,3,1982,5
1482,5,1,1,1959,1
1429,4,2,2,1960,4
2045,2,2,2,1984,2
1342,2,3,3,2009,3
2063,4,2,1,1984,2
2196,4,1,3,1976,3
2462,3,1,2,1963,3
2202,3,1,3,2016,2
2621,5,1,3,2006,5
1132,4,3,1,1970,3
2548,3,3,3,1990,5
1992,4,2,2,2002,3
2487,5,2,3,1969,3
1829,3,3,3,1998,4
1860,3,2,3,1993,3
1342,4,3,3,1973,3
2303,5,3,3,1963,4
1865,2,3,1,2000,2
2286,5,2,1,1976,4
2189,3,2,3,1993,2
1292,4,3,2,1971,3
2532,3,1,1,1994,4
2603,4,2,3,1996,4
2249,5,1,3,1961,3
2193,3,3,1,1953,4
1597,5,3,2,1970,3
1644,3,2,1,1993,2
1447,5,2,3,1986,1
1689,3,2,1,1991,3
2001,4,3,2,1987,2
1854,5,1,1,1965,3
1501,5,1,2,1959,1
1763,4,2,1,1983,4
2550,2,2,1,1991,5
1734,3,2,1,1986,1
2402,3,1,3,1984,2
2224,4,2,1,1954,3
2642,3,2,1,1987,5
1249,5,3,1,1960,1
2972,5,2,3,1989,5
2432,4,3,1,2007,5
1600,5,1,3,2002,4
1124,2,2,1,2019,2
1112,3,1,2,1980,1
1980,4,1,1,1986,3
2160,4,1,3,1960,2
2782,3,1,3,1998,5
2519,2,1,3,1990,3
2701,4,3,3,1965,4
1149,3,3,1,1956,2
1874,2,1,3,1982,3
1342,4,1,1,1994,1
2968,2,2,2,1988,3
1579,4,1,3,1984,2
2756,3,3,3,1995,3
1782,3,3,3,1991,1
1320,3,3,1,2016,2
1821,2,3,2,1981,3
2949,5,1,1,1980,5
2884,2,3,2,1990,5
1531,3,3,3,2017,3
2312,4,3,1,1991,4
2512,5,2,1,1969,4
1491,2,1,2,1979,2
1611,2,3,1,1994,4
1251,4,3,3,2012,3
2100,4,1,1,1982,4
2670,3,3,2,1958,3
2415,2,3,1,1958,5
2435,4,3,3,1964,4
1172,4,2,1,2013,2
1874,5,3,1,1958,5
1200,3,3,1,1999,2
1216,3,1,1,1971,1
1375,2,1,2,2001,1
2743,4,2,3,1950,5
2609,3,1,2,1989,3
1010,2,1,1,2020,1
2791,2,3,2,1988,2
2035,4,1,1,1958,3
1891,3,1,2,1999,3
2613,2,2,1,1984,4
1434,2,1,3,1985,1
2707,4,1,1,2019,4
2631,3,3,2,1990,5
1817,2,2,1,1971,2
2396,2,3,3,1971,4
2296,2,3,2,1957,4
1930,2,3,2,1975,4
2920,3,2,2,2002,5
2948,5,1,2,2007,5
1690,3,3,2,1981,3
2599,2,2,3,1963,4
2532,3,1,2,1995,4
2155,3,2,1,2012,4
1854,4,3,2,1958,5
1783,2,3,1,2020,4
1318,5,2,3,2000,2
1843,4,3,2,1968,3
2972,3,1,3,1966,4
1620,5,2,3,2002,3
1784,4,1,1,2021,1
2191,2,3,3,1990,4
1396,5,3,3,1997,1
2203,2,3,2,2006,1
2081,5,1,1,1999,4
2503,4,2,1,1951,5
1060,4,3,3,2008,1
1368,4,3,3,1955,1
2144,5,3,3,2005,2
1718,5,2,1,1971,4
1545,5,1,3,1957,1
2605,5,3,2,1951,4
2040,5,3,2,2012,3
1495,5,2,3,1969,2
1496,5,3,3,1959,3
1504,4,2,2,1979,3
2555,5,3,1,1981,5
1968,2,2,2,2017,4
2338,5,2,2,1980,5
2092,3,3,1,2017,3
2750,3,2,3,2004,3
1160,4,3,2,1971,1
2911,3,1,2,1996,5
1717,3,3,1,2017,2
2168,4,3,2,2009,3
2592,4,1,2,1974,4
2618,5,1,3,1968,5
1992,3,2,2,2015,3
2408,5,1,3,1968,3
1268,4,1,2,1987,2
2946,5,2,1,1984,5
2477,5,1,3,1952,3
2541,4,1,1,2010,1
1864,3,2,3,1952,3
1349,5,3,1,1955,3
1109,4,2,2,2013,2
2506,5,1,3,1982,5
1406,5,3,1,1991,3
1649,3,1,2,2017,3
1050,4,2,2,1976,1
2426,4,2,3,1980,4
2586,3,1,2,1960,4
2499,2,2,1,1996,5
2110,3,1,3,1959,2
2091,3,2,3,2015,3
1595,2,2,3,2011,3
1978,4,2,1,2002,4
2065,2,2,3,2020,3
1730,5,3,2,1953,3
1056,5,3,2,1971,1
1737,3,1,2,1967,2
1195,5,1,2,1984,2
2783,2,1,1,1980,5
2701,5,1,1,2002,4
2085,4,2,1,1952,4
2286,3,2,1,2019,3
1111,3,2,3,1992,1
1764,4,1,3,1983,1
1710,4,3,2,1974,2
2201,3,1,3,1956,3
1947,4,3,1,2012,5
1025,5,3,3,1982,3
1409,5,2,1,1971,1
1757,5,2,1,1984,2
1530,5,1,1,1950,1
2800,2,1,2,2009,4
2340,2,3,3,2013,3
2555,2,3,1,1997,2
2129,2,2,2,1998,1
1748,5,3,2,2008,1
2841,5,3,3,1956,4
2487,4,1,3,1990,4
1245,2,1,2,2000,1
2104,2,3,3,2019,2
1661,3,3,1,1996,2
1908,4,3,1,1992,4
1395,5,1,2,1984,3
1521,4,1,1,2012,4
2856,4,2,1,1984,4
2759,3,2,1,1952,3
1925,3,2,2,1996,2
1263,4,2,2,2008,3
2684,2,1,2,1987,4
1789,5,2,3,1975,1
2297,3,1,1,1973,5
2729,3,1,3,1990,5
2967,5,2,3,2020,5
1171,3,1,3,2002,2
1264,4,3,1,2020,3
2986,5,2,1,2014,5
2049,3,3,2,1985,4
2492,3,2,3,1955,4
2885,4,1,3,1956,5
1475,2,1,1,1989,1
1355,3,1,3,1961,2
2049,5,2,3,1979,4
1033,5,3,2,2014,2
1263,4,3,2,1964,1
2161,4,2,2,2018,4
1815,3,1,1,1950,3
2718,4,1,3,2002,3
1874,5,2,1,2004,4
1753,4,2,2,1971,3
1565,5,1,3,2005,4
1461,3,2,2,1955,1
2191,5,3,3,1952,3
2654,4,3,2,1995,4
1654,5,2,1,1995,2
1756,2,3,3,1958,3
2937,2,2,2,1997,3
2887,3,1,2,1961,4
1869,5,2,2,2017,2
2430,5,2,1,1950,3
2597,5,2,3,1990,5
2069,2,2,3,1976,1
1598,5,2,2,1989,2
2634,2,1,2,1993,4
1806,3,3,2,1970,4
2076,5,3,3,1981,5
1983,4,2,1,2000,3
1703,2,2,3,1950,1
2982,4,1,3,2003,5
1475,3,1,1,1951,1
1591,2,3,3,1973,1
1015,5,2,3,1997,2
2383,5,1,2,2014,5
1486,5,2,1,1953,4
2861,5,2,2,1958,5
1705,3,2,1,1999,1
2525,5,3,1,1983,4
2164,5,2,3,1995,2
1619,5,3,2,2017,2
2838,4,1,1,1952,5
2018,3,1,1,1979,3
1776,2,2,1,2013,2
1289,3,3,3,1970,1
1208,3,2,3,2005,1
2498,5,2,1,2016,5
1412,4,2,2,1989,1
1676,4,3,2,2009,3
2450,4,3,1,1993,3
2394,2,2,3,1963,4
2855,4,1,2,1951,5
1663,5,3,2,2018,3
2990,5,1,2,1992,4
1289,4,2,3,1988,2
2291,4,2,3,1967,2
1150,5,2,1,1951,2
2742,5,3,2,1981,4
2278,5,2,1,2007,3
2376,3,1,2,1981,4
2400,5,1,1,2014,5
1854,5,3,1,1994,4
2381,2,1,3,1965,4
1607,3,3,2,1981,3
2964,2,3,3,2014,5
1369,5,2,1,2006,2
2250,3,3,2,1984,2
1704,3,3,2,1966,2
2326,3,3,3,1971,5
1825,5,2,2,2014,3
2004,2,2,2,1997,3
2412,5,2,1,1988,3
1376,3,1,1,2016,2
1972,5,1,1,1953,2
1117,3,3,3,1969,1
2028,3,1,3,1977,4
1443,3,2,1,1950,3
2375,5,1,1,2020,3
1754,5,2,1,2011,2
2556,3,1,3,1987,4
2687,4,2,1,2000,3
1639,2,1,2,1999,1
1657,3,1,1,1969,2
2300,3,1,1,1965,4
1821,3,3,1,1970,2
2417,3,3,3,2002,3
1663,4,2,3,2007,1
1359,5,3,2,2014,3
1622,4,1,3,2011,2
2492,3,2,3,1966,3
2651,3,1,1,1985,4
2723,3,2,2,1998,5
2080,5,2,2,2015,3
2274,2,3,2,1954,2
2919,2,1,1,2008,4
1918,4,2,3,1990,3
2173,4,2,2,2007,3
1451,2,2,2,2008,2
2185,3,2,2,1983,5
1119,5,3,2,1970,2
1581,4,3,1,2017,4
2947,5,1,3,2008,5
2374,3,2,2,1975,4
1098,3,1,3,2009,2
2190,4,1,3,2010,4
2686,2,2,1,1990,3
2861,2,3,2,2008,5
2999,3,2,2,1976,4
1513,3,2,2,1997,1
1663,5,1,1,2000,2
1400,5,1,1,2006,4
1364,5,3,3,1986,3
2600,3,3,3,1966,3
2349,2,2,3,1989,4
1580,3,1,1,1999,4
2656,5,1,1,1959,3
1620,5,2,1,1981,4
1827,5,3,1,1964,2
1246,5,2,1,1978,2
1433,4,1,2,1956,2
2116,5,3,3,2012,4
2291,3,2,2,1975,4
1614,4,1,3,2015,1
1942,2,3,2,2011,3
1962,3,2,2,1998,2
1623,3,3,1,1977,2
1320,2,2,1,2013,2
2839,4,2,2,1983,3
1855,2,2,2,2005,2
1061,4,1,1,2020,3
1402,2,3,2,1973,2
1954,4,1,2,1953,2
2590,4,3,3,1975,5
2643,4,1,3,2011,3
2326,3,3,3,1981,3
2793,5,1,2,1961,3
1252,3,1,3,2008,3
1477,5,1,1,1968,2
2392,3,1,1,1997,2
2702,3,1,3,1967,5
2964,3,3,3,1983,4
1960,5,2,3,2006,3
2189,5,3,1,2011,4
1204,5,2,1,2005,1
2290,5,1,2,2021,3
2161,5,3,1,1974,4
2391,4,2,1,1995,4
2466,3,1,2,1982,2
1857,5,3,2,2017,2
1759,4,1,2,1995,4
2590,2,2,2,2012,4
1720,3,3,3,1960,3
2040,2,3,2,1998,4
1067,5,3,1,1970,3
1132,3,3,1,1970,1
2723,2,2,2,2000,4
1918,4,3,3,2007,4
1429,2,3,3,1963,1
1649,2,3,1,1983,3
2197,4,2,1,1966,3
1411,2,2,3,1993,2
1096,4,2,3,2021,2
2706,2,1,3,1966,3
2177,4,3,3,2018,4
2718,4,2,3,1970,5
2265,4,3,2,1967,5
2327,5,2,2,2007,4
2308,4,2,3,2017,3
2050,3,2,3,1990,3
2425,4,1,3,1960,5
2383,5,3,3,2010,5
2083,5,3,3,1982,2
1201,3,3,2,1960,1
1761,4,3,2,2014,3
1873,5,2,3,1972,2
1580,5,3,2,1951,2
2993,2,1,1,1977,4
1369,2,1,2,2012,3
1532,3,1,1,1971,1
2175,2,3,1,2001,5
2125,4,1,3,1954,3
1898,2,2,1,2019,2
1606,5,1,3,1988,2
2469,3,3,2,1984,3
1872,2,2,2,2001,2
2252,3,1,1,1963,4
2148,4,3,2,2008,2
1769,4,3,2,1963,2
1833,2,3,3,1976,4
1998,2,2,1,1967,2
2904,2,3,1,1989,5
1937,5,1,3,1952,2
1235,4,1,1,2000,3
1161,5,1,1,1963,3
1553,2,3,2,2009,1
1787,4,3,3,1956,4
2376,5,1,1,1973,3
2091,5,2,3,2014,5
2196,3,2,1,1953,3
2866,5,2,1,1977,4
2660,2,2,3,1999,5
2705,2,3,3,2009,5
1558,5,2,3,1982,2
1216,3,3,3,2017,1
2840,3,3,2,2021,5
2147,5,1,3,2013,3
1804,5,1,1,2014,2
2185,3,2,1,1978,3
2477,4,2,2,1962,4
1401,2,2,3,2009,1
2485,5,3,2,1960,3
1274,4,1,2,1964,1
1205,5,3,1,1992,2
2063,4,1,1,1995,2
2296,3,1,1,2018,3
2723,2,2,1,1967,5
1866,5,2,1,2014,2
1092,4,2,2,1951,2
2065,4,3,3,1952,3
2488,3,3,1,1988,5
1378,2,1,3,2013,2
2130,2,1,2,1983,2
2351,2,3,1,1978,5
1064,4,3,3,1969,1
1820,5,1,1,1965,2
2507,3,3,2,1983,3
2670,2,2,1,1972,4
2924,5,3,2,1992,5
2047,4,2,2,1985,2
1539,4,2,2,1960,2
2085,2,3,3,1951,4
1490,3,1,1,2019,2
2296,3,2,3,1996,4
2043,4,2,3,1991,2
2444,4,1,2,1995,4
2753,4,2,2,1951,3
1910,5,3,3,1964,4
2932,4,1,1,1986,4
2967,2,1,3,1974,3
1192,4,1,1,2013,2
2608,3,2,3,1964,3
2438,5,2,3,1973,2
1872,3,1,2,2007,2
2141,4,1,1,1974,2
1665,3,2,3,1950,3
1208,2,3,3,1987,2
1951,2,3,1,1955,4
2057,5,1,3,1959,4
1648,4,1,3,2004,1
2341,3,3,2,1995,3
1119,5,3,1,1951,1
1626,5,2,2,1975,2
1524,4,1,2,1988,1
2604,3,2,1,1999,3
2960,5,2,3,1992,4
2868,5,3,1,1951,5
1768,4,2,3,1975,3
2112,4,1,3,1991,4
1511,5,1,1,1968,1
1046,3,1,2,1955,2
1771,5,2,2,1992,4
1739,2,2,1,1990,1
2715,2,3,3,1985,4
1521,3,3,2,1985,1
2307,4,1,1,1963,4
2400,3,2,3,2004,5
2661,2,2,1,2018,4
1133,3,2,3,2019,1
2690,4,2,2,2013,4
1247,2,1,1,1981,3
2675,4,2,1,1999,4
2341,2,1,1,1990,4
1435,5,1,2,2007,1
2199,3,2,3,2008,5
2858,3,3,2,1957,3
1685,4,2,1,1986,3
1585,5,3,2,1989,1
1350,4,3,3,2008,2
1142,4,1,2,2004,1
1966,2,3,1,1980,2
1803,5,3,1,1976,4
2421,2,1,1,1961,3
2647,4,2,1,1970,3
1717,2,3,3,1999,2
2392,3,1,3,1987,3
1500,5,3,2,1968,3
2645,3,1,1,1984,4
1369,5,1,2,1981,1
2602,3,1,2,1991,4
2405,4,3,1,2010,4
2109,3,1,1,2013,4
1786,5,2,1,2021,3
1738,5,1,2,2017,2
2483,5,3,1,2014,4
1949,3,3,3,1988,2
2348,2,3,2,1977,4
1521,3,2,1,1994,1
1488,2,3,3,1964,1
2952,3,2,2,1994,5
1396,4,1,3,2001,3
1895,4,2,2,1996,2
1354,3,1,1,1985,3
1946,3,1,3,1968,4
1287,3,1,1,1976,1
2482,4,3,2,1961,4
2647,2,2,2,2004,4
1997,5,3,3,1960,2
1535,2,3,1,1988,4
2314,3,2,2,1950,4
1850,4,1,1,2000,4
1837,5,2,1,1959,2
1167,2,3,1,1994,3
1949,3,2,3,1999,3
1620,4,1,1,1985,3
1427,4,3,3,2017,3
1489,2,1,1,1987,3
1354,4,3,3,1975,2
1195,3,3,3,1970,2
1544,3,1,3,1976,2
1716,5,2,3,2020,2
1823,2,1,3,1990,3
1931,4,3,3,1966,1
2002,2,3,1,1982,2
1658,2,1,3,1960,1
1938,4,2,2,1971,3
1779,5,1,2,1972,4
1010,5,3,3,1986,1
2605,5,2,2,1999,3
1395,2,2,2,1997,1
1730,5,3,2,1950,1
2832,5,3,1,1992,4
1361,3,2,3,1996,2
2282,2,3,1,1979,2
2026,4,1,1,1981,2
1083,4,3,3,1994,4
1155,4,3,2,2005,1
2686,2,2,1,1981,4
2199,3,3,2,1963,4
1471,3,3,1,1959,2
1618,2,3,1,1975,3
2447,2,1,1,1990,4
1133,5,1,2,2004,2
1787,2,2,1,1973,2
1906,3,2,3,1958,3
1863,4,1,3,1988,5
2403,2,2,2,2012,2
1666,2,1,1,1957,5
1276,3,1,1,1999,2
2259,2,2,3,1988,3
2775,4,2,2,1976,3
1881,5,3,3,1993,1
1341,5,1,3,1952,2
1034,4,1,2,1990,1
1558,5,2,1,2002,3
2237,3,1,1,1975,4
2435,3,1,2,1976,4
2517,4,1,2,1982,4
1657,4,1,2,2002,2
1955,4,3,3,1991,1
2660,4,3,2,2000,5
2133,5,1,1,1997,3
1548,4,3,2,1996,2
2812,2,2,1,1997,4
2549,5,3,1,2016,2
1984,3,2,3,1998,3
2370,3,2,1,1971,4
2767,3,2,2,2015,4
2659,3,2,3,1987,3
1278,5,1,2,2001,2
1478,5,2,1,2014,3
1110,2,1,2,1957,2
2659,2,2,1,2013,3
2948,2,2,2,1962,5
1430,2,1,3,1999,2
1541,2,3,3,1977,2
2138,3,2,1,1957,5
2113,3,2,3,1997,2
2235,3,3,1,1994,4
2573,2,2,3,1960,4
2618,4,1,1,1960,3
2562,3,1,2,1989,4
2752,3,2,1,1982,4
1359,4,2,1,1965,1
2509,2,1,1,1989,3
1371,5,3,2,1954,1
2238,4,2,3,1980,4
2756,4,1,3,2013,5
1954,3,2,3,2019,3
1258,2,2,2,1977,2
1777,5,3,3,1967,2
2486,5,2,1,1971,3
1119,4,2,1,2019,1
1975,2,1,1,2000,3
1912,5,3,2,1953,2
2151,4,2,2,1973,4
1722,3,1,3,1965,2
1522,5,2,2,1991,1
2711,4,1,3,2016,4
2668,5,2,1,1973,5
2343,4,2,3,2000,3
2549,4,2,1,1979,5
2073,3,3,2,1950,3
2945,5,3,3,1952,3
2607,3,3,2,1955,3
1068,2,1,3,2009,1
1382,3,2,1,1999,3
2462,4,3,3,1952,5
1845,3,1,2,1950,4
1868,5,2,2,1984,4
1567,2,1,3,2012,1
2640,4,2,1,1990,5
1131,2,1,3,2013,2
2583,5,1,1,1979,4
2271,5,1,1,1992,3
1272,4,2,3,1960,3
2646,2,2,3,2009,4
2955,5,3,2,2014,4
2861,2,1,1,1951,3
2871,4,1,1,1981,5
2372,4,2,3,2007,3
1483,5,1,2,1989,3
1549,5,1,2,2000,2
1356,2,2,3,2020,1
2775,5,2,1,2006,4
2341,4,2,1,1985,2
2656,5,2,2,1956,5
2071,3,2,2,1997,3
2033,4,2,1,2006,4
1232,2,1,2,1954,3
1035,5,2,3,1968,1
1412,5,3,1,2000,2
2485,4,1,2,1991,4
2027,4,3,2,1955,2
1567,4,2,2,1979,2
2577,2,1,2,2013,2
2278,5,2,3,2006,4
1739,2,1,2,1977,2
2772,2,2,3,1960,3
2197,3,1,3,1956,4
2278,3,1,3,1966,2
1465,2,2,2,1961,1
2952,4,1,1,1969,4
2300,3,3,3,2020,4
2487,5,1,2,2010,5
1846,2,1,2,2006,2
1501,3,2,2,1985,4
1440,5,1,1,1956,2
1068,2,2,2,1977,1
2532,3,1,2,1999,3
1325,2,3,2,2004,2
2765,3,2,1,2017,5
1066,3,3,3,1987,3
1303,4,1,2,1958,2
1971,3,3,1,1985,2
1483,4,1,3,2012,2
2571,3,1,3,1985,5
2440,2,1,3,1977,4
2182,4,1,1,2010,4
2050,4,2,1,1992,1
1986,2,1,2,1959,2
1583,2,1,3,2010,1
1247,2,1,1,2000,1
2124,5,3,1,1968,4
1701,5,3,2,2015,3
1095,2,2,3,2006,3
2407,5,3,3,1992,3
1281,5,2,1,2007,2
1321,5,1,3,1993,2
2419,5,1,2,1970,5
2301,5,2,1,1980,5
1262,2,2,1,1964,2
1579,5,3,1,1969,2
2663,4,1,1,1995,5
2316,4,2,2,1998,4
2631,3,1,3,2014,5
1394,3,1,2,1999,3
1512,5,3,1,1971,4
1920,2,3,2,2015,3
1809,2,1,2,2001,3
2203,4,1,1,1958,5
1919,2,2,3,2007,2
1692,2,1,3,1971,1
1234,2,3,2,1967,2
1951,5,3,1,1989,2
2854,5,1,3,2003,5
2031,4,3,3,1954,4
2466,3,3,3,1951,4
2964,2,1,2,1963,5
1538,2,2,1,1963,1
1819,3,3,1,1951,3
2681,3,2,3,2003,3
2114,5,1,2,1974,2
2877,5,2,1,1959,5
2857,5,2,1,2020,3
2028,2,1,2,1984,5
2617,2,1,3,2015,4
2922,3,1,3,2004,5
2242,4,1,3,1962,4
2141,5,3,1,1976,4
1592,4,1,1,2018,3
1975,2,2,1,2018,3
2605,2,2,1,1965,5
1114,5,1,2,2000,2
1262,5,3,3,1955,2
2329,5,3,3,1974,4
2677,3,1,2,2002,3
2445,2,3,2,2021,4
1206,3,2,3,2008,1
2646,2,3,1,2016,5
1302,5,3,1,1989,3
1111,2,1,3,1985,2
2440,2,2,3,2015,3
2578,4,3,2,1955,4
2882,2,3,2,2007,4
2308,2,2,3,2005,4
1184,5,2,1,2004,1
2764,4,3,3,1999,5
1900,5,1,1,1950,4
1220,5,3,2,1969,2
2887,5,3,2,1997,5
2467,2,3,2,2006,5
2140,4,2,3,1985,3
2093,4,2,1,1991,3
1897,4,1,3,1983,3
2093,4,1,1,2021,5
1621,3,1,2,2001,1
1426,2,1,1,2017,1
1643,3,1,3,1995,3
1567,2,2,3,2009,1
1442,4,1,1,1963,2
1600,3,3,2,1995,2
2160,5,1,1,1974,5
1503,4,1,2,1998,3
1217,5,1,3,2019,3
1687,4,2,3,2010,3
2498,4,2,1,2018,4
1611,2,1,2,2012,3
1991,2,2,2,2006,3
2204,2,2,3,2002,1
1245,3,2,3,1996,1
1143,2,1,2,1970,1
2074,5,2,3,1954,4
1367,4,2,3,1983,2
2482,5,2,1,1989,3
1217,5,3,3,2008,2
1615,4,1,1,1990,2
2918,3,3,1,1958,4
2280,2,1,2,1984,2
2881,2,3,2,1960,5
2179,3,3,1,1982,2
2588,4,2,3,1964,3
1441,5,2,3,2018,1
1840,4,1,3,2013,3
1955,5,1,1,1997,1
1698,5,3,2,1998,1
1875,3,1,3,1989,3
2685,3,1,1,1960,4
1775,4,2,1,2010,4
1761,5,3,2,1968,2
1944,4,2,3,1980,3
2833,2,2,3,1979,4
1922,3,2,3,1968,3
1934,3,3,3,2007,3
2746,5,3,2,1970,4
1024,3,3,3,1993,1
1805,4,2,1,1954,4
2876,5,1,1,2003,4
2559,2,1,2,1997,4
1763,4,2,1,1975,4
2083,5,3,1,2021,3
2490,3,1,1,2020,2
1433,3,3,1,1986,3
1878,5,2,3,1972,3
2089,3,3,3,2001,5
1909,5,2,1,2001,4
1564,5,2,1,1977,2
1095,3,2,1,2003,1
2711,4,3,1,1958,5
2574,2,2,2,1974,4
1167,3,2,3,1985,1
1103,3,1,2,1958,1
2868,5,3,1,1952,5
2227,4,3,2,1952,4
1519,5,2,2,1959,3
1281,3,1,1,1974,3
2066,3,2,1,1960,2
1946,5,3,1,1971,2
2133,3,3,2,2002,3
2233,3,3,1,1976,3
1748,3,3,3,2016,3
2891,5,2,1,1996,5
1830,4,2,3,1962,3
1114,5,3,2,1995,3
2178,5,2,1,1979,3
2672,3,3,1,2008,4
1502,3,2,2,1950,3
2702,4,3,1,1985,5
2856,3,2,1,1961,4
2734,4,1,2,1969,4
1985,2,2,2,1951,3
1070,5,1,3,2010,1
2011,4,1,3,1981,2
2542,3,3,2,1980,4
2735,4,1,2,1969,3
2359,3,3,3,2005,2
2516,5,1,2,1991,5
2673,4,3,2,1952,4
1966,5,3,3,2017,5
2236,4,1,3,2020,2
2789,2,3,2,1970,3
1612,4,1,2,1988,4
2622,4,1,3,2011,5
1696,5,3,2,1971,3
1602,5,3,2,1967,2
1247,4,3,1,2017,2
2237,2,2,2,2019,3
1358,5,3,3,1965,1
1248,3,2,3,1981,2
1637,3,1,3,2002,1
2946,2,2,3,1998,5
1949,2,3,1,2000,3
2539,5,2,1,2004,5
2111,4,1,1,1956,2
1662,3,1,3,1955,2
1175,3,2,3,1975,2
1722,5,1,2,1977,3
1425,5,1,3,1958,3
2794,3,3,1,1971,4
2626,4,1,1,2006,3
1770,5,2,1,1995,3
2947,4,2,2,1952,5
1702,5,3,1,1967,4
1080,2,3,2,2018,1
1926,4,2,3,1987,4
1137,3,2,2,1971,3
2456,2,3,3,1983,3
1469,4,2,3,1963,1
1349,5,1,3,1977,2
2149,3,3,2,1989,4
2904,5,3,2,2000,4
2891,2,3,1,1998,5
2332,4,1,1,1997,3
2253,2,3,1,2005,3
2483,3,2,2,2013,5
2368,5,3,3,1990,3
1309,2,2,1,2012,3
2976,4,2,1,1950,2
2043,5,2,1,1972,4
2584,4,3,2,2010,5
2001,5,3,1,1974,2
2670,3,2,1,1971,5
2564,4,3,1,1988,3
2583,5,2,1,2014,4
2500,2,3,3,1972,4
1268,4,2,1,1968,2
2026,4,2,1,1957,3
1769,5,2,3,1959,1
1015,4,1,3,1962,1
1605,4,2,1,1968,2
2381,4,1,1,1950,2
2669,4,1,3,1986,4
1812,4,2,2,2002,3
2862,4,1,2,2021,5
2156,3,3,2,1999,3
2335,5,1,3,1988,4
1481,5,1,2,1998,1
1894,4,1,2,1975,3
2567,5,2,1,1985,3
2328,3,3,3,1957,4
1268,5,3,2,1976,4
1413,4,1,2,2001,4
1024,4,3,1,1998,1
1315,4,2,1,1972,3
1570,3,1,3,1990,1
1724,2,1,1,2003,3
2691,4,1,3,1992,4
2007,4,3,3,1999,4
2849,5,1,1,1967,4
2299,2,1,2,2019,4
1721,2,3,1,1996,4
1443,4,2,3,1976,1
1998,2,2,3,1964,1
2450,4,2,1,2003,5
2080,3,1,1,1967,2
1696,5,2,1,1950,1
1970,3,1,1,1961,1
2589,3,3,2,1976,4
1720,4,2,2,1995,3
1367,5,1,2,2020,2
2964,3,1,2,1967,5
1341,2,2,3,1983,1
2828,3,2,2,1966,5
2875,4,2,1,1985,5
1763,2,1,1,2003,2
2397,5,2,2,1951,2
2973,2,3,2,1987,5
1815,2,1,1,1992,3
1877,5,3,2,1960,2
2029,3,3,3,1976,2
1929,2,3,1,1991,3
1702,3,1,2,2002,4
1845,3,3,1,2018,2
1943,3,3,2,1964,4
1278,5,1,2,2004,2
1381,3,1,3,1955,1
2875,4,1,3,1998,5
1012,5,3,3,1976,2
2579,5,2,1,1971,5
2640,5,1,3,1971,3
1159,2,3,3,2019,2
1153,2,3,1,1970,2
1753,3,3,3,1980,2
1180,2,1,3,1956,2
2549,5,2,1,1977,5
2203,3,3,2,2017,3
1376,4,2,1,2014,1
2827,2,2,2,1958,5
1775,5,3,2,1956,2
2191,3,1,1,2004,4
2237,2,2,1,2019,4
2173,5,2,3,2017,4
2114,2,2,1,1979,3
2143,4,2,3,1995,2
2979,2,3,3,1981,5
1252,5,1,1,1972,3
2083,5,2,2,1962,4
2289,4,1,2,1991,2
2432,4,1,2,1950,5
2044,3,1,2,1965,2
1730,5,1,2,2012,2
2616,2,1,1,1998,3
1288,4,1,2,1974,1
2566,3,2,2,2001,3
1497,5,3,3,1988,2
2769,5,3,2,1961,5
2497,5,3,3,2021,4
2428,4,1,2,1976,4
1547,4,1,2,1978,2
1960,4,2,3,1996,5
2347,4,1,3,2010,4
1857,5,3,3,2007,2
2155,4,1,1,2018,3
1520,2,3,2,1974,1
1626,5,3,3,1981,3
2324,3,1,2,2001,3
2348,4,2,3,1980,4
1508,2,3,3,2007,1
2260,2,2,2,1958,5
2558,3,1,2,1979,5
1015,2,1,1,2010,2
2557,2,1,2,1997,4
1996,2,2,3,1986,3
2607,2,1,1,2014,5
2839,3,1,1,2020,5
2469,4,1,3,1964,4
2526,4,2,2,2002,3
1955,4,2,2,1984,2
2253,4,1,1,2007,5
2130,4,3,3,1996,5
2743,5,2,1,1960,5
2412,5,2,1,2005,3
2743,2,3,2,1997,4
1262,5,2,2,2019,2
2586,4,3,3,1963,4
2088,2,3,1,2013,2
1264,4,3,3,1978,2
2361,4,3,3,2017,4
2324,2,3,2,2019,4
1377,4,2,1,1998,1
2198,5,1,1,2015,4
1962,2,3,3,1968,4
2175,3,2,3,2001,3
1475,3,1,3,2006,1
2289,3,1,1,1960,3
1328,4,2,2,1980,2
2996,4,1,3,1969,5
2839,4,1,3,1958,4
2186,4,3,1,2020,3
1437,2,3,2,1966,3
2366,3,2,2,1972,3
2390,5,3,2,1959,5
2488,2,1,3,1971,5
2773,3,1,1,1982,4
2222,3,3,1,1959,3
2523,2,2,2,1988,4
1015,2,2,1,1976,1
2844,2,3,2,2009,4
2319,5,2,3,1992,3
1867,3,2,1,1993,2
1510,5,1,2,1955,2
2811,5,3,1,2006,5
1983,5,3,3,1973,3
2262,5,1,3,1998,3
1580,5,1,1,2010,3
2324,2,3,1,1956,5
1005,5,3,3,2005,1
2243,4,1,3,2019,3
2018,2,2,1,2013,2
2476,3,2,2,2001,4
2456,2,3,2,1980,2
1806,5,3,3,2003,2
2893,2,3,3,2016,4
2409,3,3,3,1951,4
1618,3,3,2,1987,2
2318,2,1,2,1956,3
2141,4,3,2,1979,3
1404,4,3,3,1997,2
2703,4,3,3,1950,5
1996,3,3,2,1999,3
2786,4,2,1,1997,4
1593,4,3,3,2015,1
1565,2,2,3,1968,2
1751,5,2,1,1975,1
2901,5,3,3,1956,5
1011,2,2,3,2008,1
2232,5,3,1,1976,5
1164,4,2,1,1960,2
1877,3,1,3,2014,3
2317,4,3,3,1987,3
2934,2,3,1,2008,4
2542,5,2,1,2007,4
2457,2,3,2,2006,2
2600,4,2,1,2000,5
1613,5,2,1,1950,2
2986,3,3,2,2014,5
1868,4,2,2,1960,3
1811,2,3,1,2008,4
2822,2,1,3,1988,2
2706,5,1,2,1972,4
2100,2,1,1,1996,4
2071,2,1,3,1986,4
1766,4,2,3,1994,2
1081,5,2,1,1975,2
2918,4,2,1,2006,3
2744,3,3,2,1956,5
1208,2,1,3,1961,1
2468,4,3,3,1979,5
2619,5,3,1,1962,5
1521,2,2,1,2004,3
2052,4,2,1,1967,2
2327,2,2,3,2009,3
1993,3,3,2,1972,4
1464,2,2,3,1952,1
2525,2,2,1,1968,4
2469,4,1,3,1998,2
1627,5,3,1,1993,2
2513,5,3,3,1975,3
1780,5,2,3,1975,2
2451,3,3,1,1962,5
1558,3,2,2,1994,4
2382,4,3,3,1991,2
1959,5,1,3,1960,2
1090,3,3,1,1986,2
2076,5,2,1,1969,3
2753,5,3,1,1962,5
1859,3,3,3,1963,2
2612,5,1,2,1963,5
2227,2,3,1,2009,2
1555,4,1,1,2013,3
1155,3,1,1,1979,1
2380,5,2,3,1995,3
1824,3,1,2,2000,4
2592,2,3,2,1966,3
1801,5,3,2,1963,4
1982,2,1,2,1971,3
2081,4,1,3,1960,3
2277,4,1,3,2019,3
2203,2,2,2,1984,3
1492,5,1,1,2018,2
1668,4,1,2,1986,3
2058,5,1,3,2006,4
1074,5,1,2,1997,2
1943,4,1,2,1974,3
2312,4,3,1,1965,3
1370,2,3,2,2015,2
1586,5,3,3,2015,3
1328,2,2,1,1999,2
1589,3,2,3,1998,4
2790,3,3,1,1972,5
1776,3,1,2,1964,1
1303,3,1,1,1994,3
1578,4,2,2,1993,3
1978,2,1,2,2018,4
2187,4,2,1,1951,4
2503,4,1,2,1985,3
2478,4,3,3,1976,5
1374,3,2,1,2018,1
2243,2,3,1,1954,3
2707,5,2,3,1956,4
2277,5,3,3,1966,4
1187,3,2,3,1983,2
2214,4,2,3,1982,3
2412,4,3,3,1988,4
2238,5,3,3,2021,4
2398,5,1,3,1999,5
2109,2,3,2,2008,3
1473,3,2,3,2017,1
2641,4,1,3,1993,4
1843,5,1,2,2017,1
2831,5,3,3,2012,4
1530,2,1,3,2014,3
2070,4,2,1,2016,3
2088,4,2,1,1975,4
1962,2,3,1,1952,4
1474,2,1,2,2000,2
2169,4,3,1,1976,5
1945,2,3,3,1952,4
2405,4,1,3,2021,4
2089,3,2,3,2007,4
1516,4,2,3,1954,2
2116,2,1,2,2006,5
2888,3,3,2,1965,5
1425,5,2,3,1969,1
2491,5,3,3,1981,4
2117,5,2,2,2005,3
2641,2,3,1,1956,4
1132,4,3,1,1958,1
2457,2,3,1,1998,4
2364,4,2,1,2017,5
1313,2,3,3,1997,1
1590,5,2,1,1975,3
2235,2,2,3,2014,2
2543,4,2,3,2001,4
2008,5,2,2,1999,2
2291,3,2,1,1972,4
1660,4,3,2,1951,1
2626,3,1,1,2000,3
1747,5,2,3,2011,3
2497,3,1,1,1962,3
1800,4,2,1,1969,4
1409,4,2,3,1958,3
2497,3,1,2,1967,4
1679,3,3,1,1989,3
2216,3,3,2,2013,3
2722,3,2,2,1974,5
2294,3,3,3,1964,4
1113,2,3,3,2002,1
1896,5,2,2,1988,4
2546,5,1,3,1961,5
2078,5,3,3,2020,3
1064,2,2,1,2020,1
2295,4,3,2,1988,3
2525,5,3,3,1992,5
2685,5,1,1,2009,5
2385,5,3,1,1982,5
1145,5,1,3,2019,1
1942,4,2,3,1982,5
2232,3,1,3,2008,4
2309,4,2,1,1971,4
2033,4,3,2,1960,3
1738,3,1,1,1999,1
1185,4,1,2,1963,3
2597,4,1,1,1961,4
2620,5,3,1,1988,5
2487,5,3,3,1993,5
2157,3,3,3,2002,4
1834,5,1,2,1980,4
1808,3,1,1,1973,1
1170,3,2,1,1963,1
1212,2,1,2,1985,2
2996,3,2,2,1991,5
2553,4,3,1,1959,4
2849,3,2,2,1964,4
2525,2,2,3,1956,5
2595,4,1,2,1966,5
2623,2,1,1,2017,5
1026,5,2,3,1997,1
2013,4,2,3,1986,4
2091,3,3,1,1959,2
1789,2,1,3,1999,3
1407,3,3,3,1989,1
2575,5,2,3,2021,3
2132,4,3,3,1981,2
1073,3,1,2,1988,1
1577,5,2,2,2020,3
1679,3,2,3,1985,1
2391,5,1,1,1974,4
1785,5,2,2,1962,3
1848,2,2,1,2014,2
1869,4,3,2,1991,2
1236,5,2,2,2003,1
1726,4,2,3,2016,4
2389,3,1,2,1975,4
2309,4,1,2,1953,3
1377,2,3,1,1961,2
1660,4,2,1,1960,3
1829,4,1,2,1953,4
1905,3,3,2,2001,1
1375,2,1,3,2017,2
1618,3,3,2,2006,4
1652,5,3,1,1997,2
2032,2,3,3,1984,3
1806,4,1,1,2016,3
2815,2,3,2,1961,5
1892,3,3,3,2008,4
2653,2,1,1,1987,2
2313,5,1,2,1960,4
2084,2,1,2,1995,4
1936,2,1,3,2015,2
2412,3,2,1,1996,5
1846,4,2,2,1983,2
1817,4,3,3,2008,2
2586,4,2,2,1968,4
1563,5,3,2,1969,3
1633,5,2,3,1951,2
1678,4,2,2,2009,3
2017,3,2,1,1980,3
2392,4,2,3,1987,3
2068,2,3,2,1966,3
1343,4,1,1,1974,2
1795,5,1,3,1965,3
2398,2,1,3,1952,4
2642,5,2,2,1996,4
2050,3,2,3,2001,2
2216,2,1,2,1971,3
2953,2,3,3,1977,5
1848,2,2,1,1980,4
2380,3,2,2,1956,2
1061,5,3,1,1983,1
2085,4,3,3,1979,2
1421,5,3,2,1974,3
2817,4,1,1,2016,5
1632,2,1,2,2015,2
1791,4,3,3,2016,1
1550,5,1,2,2003,2
2403,3,1,2,2006,2
2300,5,3,2,2018,4
1605,3,2,2,1966,2
2454,3,1,3,1976,4
2711,4,3,3,2016,4
2144,2,3,2,1977,3
1524,2,2,1,1969,1
1898,2,3,2,1980,3
2439,3,3,3,1996,3
1786,4,3,1,1977,3
1909,4,1,1,2019,3
2711,5,2,3,2004,2
1981,4,2,3,1996,2
2360,4,3,1,2002,2
1378,4,1,3,1977,2
2347,2,2,1,1985,3
1172,3,3,2,1998,2
1999,5,3,1,1997,3
2810,2,2,3,2002,5
1063,4,2,1,1973,2
2124,3,3,1,1992,5
2345,3,2,2,1974,3
1974,3,1,3,2001,1
2580,5,1,3,1994,4
2622,4,3,3,1971,4
1457,3,2,2,1950,3
2602,4,2,3,1965,5
2282,4,3,3,1988,2
2957,5,2,2,1968,5
2740,3,3,3,1974,4
2449,4,1,3,1997,3
1978,2,1,2,1997,3
2959,5,1,2,1978,4
1177,2,2,1,1955,2
2954,4,2,3,1965,5
1343,5,3,2,1960,1
2040,5,2,3,1998,1
1295,4,2,1,2015,1
1201,5,1,2,2002,2
1961,5,2,3,1951,2
1683,2,3,2,2003,2
2942,4,3,1,1961,5
2797,3,1,2,1955,3
2217,4,1,1,2015,3
2172,4,3,2,2017,3
1374,5,1,3,1967,2
2911,2,1,1,1969,3
1034,2,3,2,2012,1
2392,4,1,3,1958,4
1028,3,3,2,1990,3
1774,4,3,3,1978,2
1220,3,3,1,2005,1
1052,3,1,3,1982,3
2956,4,3,2,1955,5
1790,5,2,2,1990,1
2376,5,2,2,2001,2
2415,3,2,1,1961,4
1493,5,3,3,2012,1
2711,5,2,2,1992,5
2545,3,3,2,1966,3
2998,3,1,3,1967,5
1116,3,1,2,1989,2
1279,5,2,2,1974,2
2198,2,1,1,2020,2
1745,2,3,1,2007,2
1948,4,3,3,1992,3
1763,3,2,1,1987,2
1294,5,2,3,1955,2
2017,2,3,3,2003,3
2474,3,1,1,1983,5
2541,4,3,2,1978,5
2044,3,1,2,1974,2
2096,2,1,3,1978,4
1841,4,1,2,2004,2
2059,5,2,2,1983,4
2256,3,3,2,1951,4
2751,2,3,2,1975,2
1496,3,3,3,1960,4
1205,5,3,1,2005,3
1425,2,2,3,1995,1
2964,3,1,1,2016,5
1043,5,1,3,1981,1
2114,2,2,1,1992,3
2952,3,1,2,1969,5
2493,5,1,3,1969,4
1604,4,1,3,2021,3
2490,2,3,3,2000,3
2874,4,2,2,1972,5
1453,5,1,3,1971,2
1594,4,2,2,1970,1
2356,4,2,2,1986,4
1506,4,3,2,1952,1
1793,2,3,3,1971,2
2493,3,3,1,1991,3
1020,4,1,2,1969,1
2251,3,1,3,2007,3
2399,2,1,1,2015,2
2153,3,1,1,1953,5
1619,3,2,3,1977,3
1413,2,2,2,1996,4
2094,2,1,3,2012,4
2427,3,1,2,1955,3
2585,4,1,3,2009,3
2630,5,2,2,1980,5
2814,4,1,1,2017,5
2420,3,2,2,1972,2
1336,4,1,1,1952,1
2667,4,2,1,1953,5
2528,2,1,1,1991,2
1909,3,3,2,2017,4
1275,4,1,1,2011,1
1891,4,2,2,1990,3
2026,3,2,2,1980,4
1977,5,3,2,1962,4
2247,4,3,3,1955,4
1973,4,2,2,1969,4
1174,5,2,1,1991,1
2408,5,1,3,1952,3
2625,4,2,3,1985,4
1240,3,3,3,1984,2
1013,5,2,3,1978,1
2218,5,3,3,1987,4
2420,5,1,3,1956,3
2454,5,1,1,1962,3
2329,2,2,2,1988,5
2357,3,2,2,1950,3
1724,2,3,2,1981,1
1002,3,2,3,2000,2
1690,4,2,1,1981,2
2475,2,3,1,1977,4
2699,3,2,2,2017,5
2842,5,2,1,1953,4
1746,3,2,1,1987,5
1768,4,1,3,1952,4
1871,2,1,3,2006,2
1494,5,2,1,1970,2
1416,4,3,1,1964,2
2414,5,1,3,1976,3
2396,3,2,3,2006,3
1627,3,3,1,1996,2
2075,4,2,1,1988,4
2399,4,3,3,1986,3
2418,5,1,2,1989,3
2946,5,3,3,1987,4
2020,3,1,2,1953,4
2109,5,3,1,1968,4
2487,3,1,2,2003,1
1045,2,3,1,1986,1
2008,4,1,1,1957,3
2261,5,1,1,1953,4
1009,2,1,2,1982,1
1663,3,1,1,1999,2
1572,5,1,1,2007,2
2553,3,2,2,1968,5
2621,2,2,3,2020,5
1648,5,2,3,2000,2
1912,2,2,3,1958,4
2765,2,2,1,1978,4
1639,2,3,3,2004,2
1615,3,1,3,2018,2
1697,4,2,2,1986,3
1908,5,3,3,1951,3
1177,3,3,1,1957,2
1868,2,2,1,1974,4
2029,3,2,3,1971,3
1852,2,2,2,1984,2
1306,2,2,3,1994,3
1547,2,3,2,1952,2
1326,2,1,3,1959,2
2379,3,1,1,2011,5
2816,2,3,1,2010,5
1394,3,2,3,1998,2
1299,3,1,3,1970,1
1748,3,1,1,1986,3
1284,4,1,1,2003,1
1329,4,1,3,1957,4
1772,3,2,1,1977,2
2645,5,1,3,2008,4
2732,2,1,2,1993,4
1377,3,2,3,1957,2
2787,2,1,1,1960,3
2623,3,3,1,1964,5
1999,4,1,1,1977,2
2848,5,1,2,2015,4
2561,4,3,2,1964,4
1773,3,2,3,1977,3
2167,4,2,1,1956,2
2083,5,1,2,2008,2
1867,2,2,2,1993,3
2803,2,3,1,2016,4
2098,4,2,2,1952,5
1002,3,1,3,1952,2
2598,3,3,3,2001,5
1747,2,1,2,1957,2
2471,5,3,3,1978,5
2764,4,1,2,1972,5
2925,2,1,2,1977,5
1274,3,2,1,2006,3
2553,4,2,3,1978,4
2615,3,1,3,1971,4
1214,3,1,2,2015,2
2706,2,2,1,1958,4
2508,3,1,3,1953,4
1328,5,3,3,2006,1
1254,5,2,2,1973,1
2410,2,2,1,2016,4
1125,4,3,3,1961,2
1766,3,3,3,2002,4
2607,5,1,3,2001,5
2573,2,1,3,1965,5
2347,2,3,1,1993,2
2227,3,3,2,1976,3
2195,2,2,3,2009,4
2758,4,2,1,1978,5
2268,4,1,2,1982,3
2359,5,2,2,1952,5
2726,5,3,2,1979,5
2321,5,2,3,1954,4
1831,5,3,2,1996,3
1181,2,3,1,1985,1
1333,4,1,1,2012,1
1510,2,1,3,1992,1
1382,2,2,2,1991,3
2740,5,2,3,2004,4
2896,4,2,3,1996,5
2222,3,1,3,1979,2
1331,3,3,3,2004,4
2188,3,3,1,1976,5
2265,4,1,3,1960,3
1899,5,2,3,2002,4
1641,5,1,3,2008,4
2250,4,3,2,1987,3
1633,5,1,1,1971,3
2579,4,1,3,1976,3
1450,4,3,3,1991,2
1195,3,1,1,1965,2
2893,3,1,2,2003,5
2227,2,1,2,1957,3
1457,4,2,2,1989,2
1829,3,3,3,1953,3
1256,3,2,3,1986,2
2552,3,3,3,1959,3
2295,5,3,3,1981,4
1008,3,3,1,1956,2
1760,5,1,2,1991,5
1948,3,2,2,2002,5
2224,5,3,2,1966,3
2082,5,2,1,1965,4
1886,3,2,1,1984,3
2675,2,2,2,1959,3
2142,2,1,2,1977,2
2576,4,1,1,1966,4
1398,3,3,2,1989,2
2857,4,3,2,1965,4
1330,3,1,1,2002,1
2290,3,3,1,1996,3
2543,3,1,1,1953,4
2718,3,2,1,1988,4
1479,3,2,3,1954,1
1133,4,1,2,1977,4
2716,4,3,2,1986,5
1915,2,3,1,2006,4
1934,3,1,2,2011,2
1354,4,1,3,2013,1
1583,4,2,2,1959,2
2521,3,3,1,2004,5
1624,3,2,3,1967,1
2130,4,1,1,2014,3
1824,5,2,3,1997,4
1628,4,3,3,2000,1
2018,2,3,2,1988,1
1631,3,1,1,1967,3
2170,5,2,2,2006,3
1326,2,1,2,1981,2
2438,2,2,2,2004,4
2319,3,1,1,2018,3
2421,2,1,2,1985,3
2126,4,2,3,1952,3
1635,4,1,3,1950,1
2780,3,3,1,1980,4
2531,3,1,1,1956,5
1867,3,2,2,1956,2
2232,4,3,3,1988,4
2956,4,3,1,1978,5
1427,4,3,1,1967,1
1392,3,3,2,1972,1
1825,4,3,2,1968,3
1915,3,2,3,2000,4
2132,5,2,1,1996,4
2912,2,2,2,2013,5
1347,5,2,2,2020,2
1049,4,2,3,1967,1
1915,2,2,1,2003,3
2128,4,1,3,2010,4
2443,4,3,3,2000,5
2396,5,2,3,2011,3
2050,4,1,3,2011,4
1967,2,2,3,1965,2
1799,4,2,2,2004,1
2792,2,1,3,1992,5
2296,5,2,1,1972,3
2016,3,3,3,1967,4
1648,4,3,3,1962,1
2363,5,1,1,2016,4
1300,4,2,2,1978,1
2503,2,3,1,2015,5
2857,4,1,2,1995,4
2567,3,3,2,1987,5
2580,4,1,2,1954,5
2288,3,1,1,1975,3
2565,3,3,3,1967,5
2619,4,2,3,2008,4
1165,5,1,1,1965,2
1315,4,3,1,1963,2
1000,3,3,2,2015,1
2019,5,3,3,1992,4
2784,3,1,3,2019,5
2284,3,2,1,2018,4
1062,4,3,3,1982,1
1482,2,3,1,2009,2
2699,4,1,3,1984,5
2344,2,2,3,1989,4
2869,2,1,1,1975,1
2224,4,2,1,1971,2
1221,2,1,2,1960,2
1151,3,2,1,1960,1
1643,5,3,1,1999,1
1625,4,1,2,2011,2
2485,2,2,2,1994,4
1216,3,3,2,1997,3
1195,5,3,2,2000,2
2225,2,1,2,1962,4
1994,3,3,3,1972,3
2014,5,2,3,1980,2
1646,5,1,3,2018,2
2257,3,3,2,2003,4
2164,5,2,2,1974,5
1707,4,3,3,2009,3
2521,5,1,3,1987,4
2578,2,1,1,1953,2
2080,5,3,1,1975,4
2527,4,1,1,2013,4
2165,2,2,1,2017,4
1721,2,3,2,1957,2
2607,4,3,2,1967,4
2759,3,2,3,2013,5
2562,4,1,1,1992,3
1639,5,3,3,1980,4
1214,4,1,1,2017,2
2094,2,2,3,1981,3
2739,5,3,2,2007,5
2688,3,1,2,1974,4
2602,3,1,3,1991,4
1873,2,3,2,1973,2
2251,4,3,1,1996,2
2102,2,3,1,2006,3
1607,5,1,2,1970,4
1348,2,1,1,1978,3
1893,4,2,2,2021,3
1245,5,3,3,1950,2
1402,2,3,3,1983,4
2692,3,2,2,2021,5
2139,2,2,3,1997,5
2458,2,1,2,2007,4
2553,5,2,3,1958,5
2465,2,1,2,2001,5
2195,3,3,1,1971,1
2039,5,2,1,2021,3
1960,4,2,3,1988,3
1897,3,3,1,1983,4
2079,2,2,2,1975,4
2614,5,2,1,1954,5
2126,5,1,2,1959,3
2728,3,2,3,2006,5
1516,2,2,1,1959,2
1617,4,3,1,1955,2
2301,4,3,1,2005,4
2908,2,1,3,1951,4
1611,4,1,3,1963,3
1749,2,3,2,1967,2
2292,5,3,3,1976,3
2856,5,3,2,1954,5
1399,3,3,3,2003,3
2526,5,3,1,2002,4
1085,3,3,3,1950,1
1319,4,1,3,1988,2
2055,4,3,3,1999,4
1335,5,2,2,1968,1
1050,2,2,1,1993,1
2102,4,2,3,1982,4
2721,4,2,2,2012,2
1173,4,1,1,1979,2
2641,5,1,3,1957,5
1500,3,2,3,1993,1
2598,2,3,3,1984,4
1075,2,3,3,2006,1
2856,3,3,2,1986,3
2396,2,1,3,1989,2
2104,4,3,1,2004,1
2896,2,3,1,1981,4
2663,4,1,3,1959,3
2718,3,2,2,2003,4
2778,3,1,3,1957,4
1696,4,2,1,1972,3
2009,5,3,1,2007,3
1731,2,1,1,2019,1
2094,5,2,1,1996,3
1968,2,1,2,1970,4
1853,3,2,2,1954,4
1665,2,3,3,1986,2
2780,4,3,2,2018,5
1651,4,3,3,2019,5
2094,4,2,1,1954,3
1045,5,3,3,2002,2
2070,3,1,3,1950,3
2614,3,2,3,1998,3
2445,3,1,2,2011,5
1909,3,2,3,2016,2
2153,5,1,1,1998,3
1455,5,3,3,2003,1
2662,5,1,1,1955,4
1876,4,3,1,2004,2
2654,2,1,1,2007,5
1965,3,2,1,1950,3
1868,5,1,2,1959,3
2528,2,1,2,1957,4
1928,2,2,1,2001,3
2023,5,3,1,1974,2
2000,5,3,1,1983,2
1773,3,2,3,1950,3
1473,2,3,3,1972,1
1381,2,3,1,1960,2
2126,2,2,2,1968,4
1488,4,2,2,2018,1
2060,2,1,3,1968,4
2677,4,1,1,1952,5
2572,3,1,3,1996,3
2543,2,3,2,2003,4
2356,2,3,2,1955,5
1396,3,3,3,1954,2
1295,2,3,3,2010,3
1106,4,1,2,1998,2
1859,5,1,2,2000,1
1953,3,1,1,2008,2
1529,3,3,3,2004,1
2848,5,3,1,2011,4
2106,2,2,2,1988,2
1933,4,2,1,1955,3
1287,4,3,3,1971,2
1705,4,2,2,1964,2
2484,2,3,1,1956,3
1214,3,2,1,1953,2
2304,2,3,1,2014,4
1731,4,2,2,1994,2
2977,5,3,1,1969,5
2482,4,1,2,1951,2
2824,3,2,3,1952,5
1343,2,3,3,2005,2
1193,2,1,1,1997,3
1157,4,3,3,2000,2
1464,3,1,2,1961,2
2125,4,3,2,1984,4
1638,5,2,2,2007,3
2749,2,1,3,1971,4
2967,3,1,2,1955,4
2831,5,2,1,2010,3
1690,3,2,3,1979,1
1591,4,1,3,1961,3
1473,2,2,2,1972,3
2054,2,1,1,2021,3
1883,3,3,3,1988,3
2958,4,3,3,1998,5
1062,5,1,1,1957,1
2583,2,2,1,1987,3
2110,2,2,3,1983,4
1303,4,1,2,1975,2
2084,3,1,3,1958,5
1395,2,1,3,2016,3
1333,2,1,2,1954,1
2975,4,2,1,1965,4
1785,3,3,2,1962,3
1410,4,1,3,1983,2
1283,4,2,2,1998,1
1465,3,1,1,1996,1
2715,5,1,2,1958,4
1783,5,2,1,1982,3
2100,5,1,3,1957,3
1732,2,2,2,1999,2
2928,2,2,2,1953,4
2817,2,3,2,1976,4
2563,2,1,1,1995,5
2384,4,1,2,2009,5
1076,5,2,3,2013,2
1508,5,3,1,1995,2
2187,3,2,3,1988,3
2032,2,2,1,2018,3
2198,5,3,1,2003,3
1461,5,3,2,1961,3
2330,2,3,2,1967,4
2611,2,1,2,1959,4
1244,5,2,2,1969,5
1121,3,2,2,1983,1
1184,2,1,3,1953,3
1031,5,3,3,1989,2
1997,3,1,2,1996,3
2986,4,2,3,2014,5
1761,3,1,2,1976,1
1568,2,2,3,2000,3
1309,4,1,3,2020,2
2395,3,1,1,2008,3
2679,5,2,2,1961,4
1829,2,2,1,2009,2
2619,4,1,2,1977,5
1991,5,1,3,1964,4
2079,4,1,3,1998,2
1790,3,1,2,1952,2
2296,5,2,3,1968,4
1463,2,3,2,1974,3
1677,5,2,1,1957,3
2479,3,3,1,1957,5
1978,4,2,2,1982,1
1669,5,3,1,2019,2
2272,4,2,2,2012,5
1697,2,3,2,1985,4
1993,5,1,1,1989,3
1077,4,1,3,2017,1
1533,2,3,1,2005,1
1107,3,1,1,1978,2
2296,5,3,2,1974,5
1763,5,3,2,1969,3
1369,4,1,1,1961,2
2327,4,2,2,1983,3
2695,2,3,3,2014,5
1204,5,2,1,1973,2
2136,2,3,3,1957,4
2703,5,3,1,2004,5
1864,3,2,1,2008,3
2276,5,1,1,1971,4
1440,2,2,1,1969,3
2209,4,1,3,1969,3
1858,3,1,3,1979,3
1226,3,3,1,1984,2
1527,5,2,1,2015,2
2691,3,2,1,2000,5
1353,2,1,1,1985,2
1622,2,1,1,1997,3
2024,5,3,2,2003,4
2576,4,3,1,2005,5
2583,3,1,1,2010,4
1926,3,3,2,1985,4
2443,5,1,3,2008,4
2643,3,2,2,1999,4
2184,4,3,3,1961,2
1160,5,2,3,1962,2
1870,2,1,2,1966,2
2151,3,3,2,1989,3
2745,5,1,3,1966,4
2174,2,2,3,1976,3
1443,2,3,3,2011,3
2790,2,2,2,1971,5
2494,5,2,1,2012,3
1462,5,1,3,1961,2
2753,2,2,2,2020,5
2053,2,2,3,2007,3
1472,5,2,1,1977,3
2062,2,1,2,1994,3
1556,3,3,3,1959,3
1589,5,1,3,1975,1
2360,3,3,1,2021,3
2931,5,2,1,1978,5
2884,4,2,2,1999,5
2975,2,2,3,1975,5
2303,5,3,3,2014,4
2139,3,3,2,1967,5
2939,3,3,2,1953,4
1311,5,3,2,1997,3
2076,5,1,2,1982,3
2091,3,1,1,1969,2
1693,2,2,1,2007,2
2819,3,3,3,2013,4
2841,2,1,3,2015,4
1385,3,3,3,2005,2
1248,4,2,2,2020,3
2134,2,3,2,2016,2
2117,3,1,2,2004,1
2433,5,3,1,2002,5
2202,4,2,2,2000,2
2070,5,2,1,1985,3
1793,5,1,2,1969,3
1851,4,2,2,1990,4
1873,2,3,3,1982,1
2627,3,2,1,2009,5
1723,5,1,2,2021,2
2610,5,2,1,1951,5
2913,2,1,1,2012,4
1201,5,3,2,1982,2
1444,5,2,2,1977,2
2942,5,3,2,1953,5
2956,4,3,3,1999,5
1296,4,2,3,1969,2
2331,5,2,3,1991,5
2746,2,1,1,2015,4
1492,2,2,2,2006,1
1337,3,1,2,1953,3
2968,4,2,3,1966,5
1922,2,2,3,2017,3
2669,5,2,2,2000,5
2865,4,2,2,1953,5
2089,2,2,2,1959,3
1791,3,1,3,1977,1
2445,5,2,2,1984,2
2563,4,1,3,2019,4
2947,3,1,1,2003,5
2652,3,2,2,1963,4
2516,4,2,3,1953,5
2905,2,2,2,1984,4
1961,5,1,3,1988,3
1316,3,3,3,2021,2
1941,3,3,2,1978,3
1625,4,2,1,1960,2
2737,3,1,1,1986,3
1938,2,2,3,1975,4
1058,2,1,3,2003,1
1385,5,2,3,1976,2
1014,4,2,2,1969,1
2254,5,1,2,1954,4
2640,3,3,1,1976,4
2700,3,3,1,1975,5
2939,5,2,2,1974,5
2377,4,3,2,1967,4
1034,5,3,1,1972,1
1161,5,3,1,1995,2
2780,3,3,2,1980,5
1981,3,3,2,2004,2
1798,2,3,3,2014,4
1894,4,1,3,1976,2
1470,4,3,1,1964,3
1530,4,2,2,2014,2
2987,5,1,3,1963,5
1791,3,2,1,2013,4
1851,3,3,1,1995,4
2446,2,3,2,1951,4
1347,5,3,3,1985,3
1693,4,2,3,1990,2
1934,5,3,1,1969,5
1912,3,3,2,1968,3
1146,2,3,2,1997,1
2397,5,3,1,1960,5
2711,3,3,2,2011,4
1674,5,3,1,2011,1
2439,3,1,2,2014,2
1686,5,3,3,1964,2
2517,4,1,2,1951,5
2279,5,1,3,2019,5
1959,4,2,3,2008,2
1685,5,2,1,1981,3
2126,3,1,2,1958,3
1418,3,2,1,2018,1
1349,3,2,3,1957,1
2680,3,3,2,1996,3
1041,4,2,1,2008,1
2390,4,1,1,2016,4
1028,5,3,2,1974,1
1965,3,1,1,1998,3
2915,5,1,1,1996,5
1784,3,3,1,1954,1
1013,5,2,1,1978,2
1919,4,1,2,1972,2
2976,3,2,3,1962,4
1817,4,1,1,1997,4
1824,5,3,3,1982,3
2508,4,3,1,1994,2
1871,4,2,2,1954,4
1294,2,1,2,2010,1
2206,5,3,2,1956,4
1863,5,1,2,1998,2
1547,3,1,3,1950,1
2905,3,3,1,1975,4
2060,3,1,2,1963,4
2007,4,1,1,1990,4
2037,5,3,3,1989,3
2946,4,1,2,2018,5
1634,5,3,2,1996,3
1594,4,2,2,1986,1
2182,3,1,3,1970,1
2517,4,3,1,1983,4
2352,2,2,2,2005,4
1613,3,1,2,1955,1
2872,2,3,1,1982,4
2106,2,1,1,1962,3
2579,3,2,2,1992,4
2603,2,1,2,1983,3
2583,2,3,3,1970,4
2592,5,1,2,2008,2
2610,4,1,3,2017,3
2045,2,1,3,2005,5
2479,3,1,3,2017,5
2325,3,2,2,2004,4
1954,5,2,2,2002,2
1929,3,3,3,2020,2
2290,5,2,3,2012,5
1798,3,2,3,1981,3
1394,4,2,3,1975,2
2143,2,1,3,2001,3
1567,5,2,3,1951,3
1037,3,3,3,1983,1
1244,4,2,1,1983,2
1020,4,3,2,1973,2
2133,3,3,1,1974,1
1393,3,3,1,1982,2
2433,2,3,2,1976,4
1986,3,3,3,1976,1
2671,2,2,3,2008,4
2766,5,3,2,1990,5
1007,4,2,1,1959,3
2467,3,1,3,2004,3
1327,2,2,2,2013,1
2910,2,1,3,1998,4
1289,2,1,3,1986,1
2786,5,2,3,2018,4
1911,4,2,3,1986,3
1360,5,2,2,1981,1
2932,2,3,3,1977,5
2622,4,1,3,1983,5
1715,2,2,1,2011,2
1218,4,2,1,2017,1
1405,4,1,2,1968,2
1752,2,1,1,1997,2
1922,4,1,2,1999,4
1831,3,1,3,1999,4
2644,3,1,1,1972,3
2791,4,2,1,2009,4
1793,5,1,2,2010,4
2243,5,3,2,2016,4
1594,4,1,1,1954,2
1106,3,1,1,1979,1
1580,2,2,1,1958,3
1608,5,2,2,2014,3
2747,3,3,3,1960,3
2309,5,3,1,2012,3
1007,4,2,3,2007,4
1805,2,1,1,1983,4
1080,3,2,3,1984,1
1107,2,2,2,1969,2
2344,3,2,1,1957,3
2602,5,3,2,1995,3
1685,2,2,3,1989,3
1345,5,3,3,1957,2
2886,5,3,3,2005,5
1327,5,1,1,1971,3
1554,2,1,3,1989,2
2722,3,3,2,1956,4
1301,5,3,1,2001,2
1199,2,3,2,1963,2
1892,2,2,1,2002,2
2442,4,2,1,1967,5
2062,4,3,2,1964,4
2755,4,3,1,1976,4
1306,3,3,2,2000,2
2027,3,1,2,2014,3
2871,3,2,3,2007,4
2100,5,2,3,1971,3
1467,2,1,2,1975,2
1178,2,2,1,2010,2
1644,4,2,3,1994,2
2846,2,3,1,2010,5
1275,2,1,2,1975,1
2175,5,3,1,1965,3
2187,5,2,2,1960,4
2313,4,3,2,1997,3
2401,3,2,2,1961,5
1620,2,1,2,2005,3
1637,4,3,2,2004,3
2775,2,1,2,1960,4
2333,4,3,1,1952,3
1929,4,3,3,1997,2
2936,5,3,3,1981,4
2412,5,1,3,1966,3
2880,5,3,1,1991,3
2681,4,2,1,1961,5
2787,5,3,2,1984,4
1182,5,3,3,1979,1
2844,3,2,1,1951,4
2329,2,1,2,1958,4
2242,3,2,2,1984,4
1718,3,3,3,1979,2
2196,5,2,3,1977,4
2295,2,3,1,1994,5
1725,3,2,2,1998,1
2491,3,1,2,2003,3
1268,5,1,1,2013,3
2043,2,1,3,1968,3
1577,4,2,3,1985,3
1994,3,3,3,1968,3
1814,2,1,2,1971,1
2526,2,3,2,1986,4
1146,2,3,2,1995,2
2452,3,1,3,1981,5
2188,4,2,3,1996,4
1889,5,1,3,1972,2
1309,4,2,2,2002,2
1517,2,3,3,1979,3
1013,3,1,3,1963,2
1131,3,1,1,1972,1
2877,4,2,2,2014,4
1754,4,2,2,1984,4
1438,3,3,2,1996,1
1742,4,1,2,1981,2
1739,5,1,1,1985,3
1794,5,2,1,2001,2
1262,2,2,1,1998,1
1642,4,1,3,1978,2
2966,3,2,3,1965,5
2248,2,3,1,1969,3
1257,3,1,3,1989,1
2257,4,1,2,1989,2
2359,4,3,3,1986,2
1408,2,1,3,1976,1
2851,2,1,3,1969,4
1974,5,1,3,1956,3
2047,2,1,1,1956,2
2118,2,3,3,1976,2
1141,5,1,2,1952,1
2717,4,2,1,2019,3
2741,3,1,2,1970,5
1901,4,2,3,2007,2
1973,5,2,3,1982,3
2104,4,3,2,1979,3
1273,2,2,2,1969,1
1275,2,1,3,1968,1
2906,3,3,2,2004,4
2981,3,3,3,1951,5
1464,4,1,3,2020,2
2231,3,1,1,1995,4
2319,2,3,2,2014,3
2062,2,2,1,1956,1
1287,5,3,1,1958,2
2147,5,1,1,2011,4
1875,4,1,3,1970,2
2306,3,3,1,1979,4
1877,2,3,1,1968,2
2120,5,3,1,1978,5
2214,4,1,2,1983,2
2097,4,3,1,1978,5
1446,3,2,2,2019,3
1784,3,1,1,2007,2
2520,3,2,3,2021,4
1560,4,1,3,1965,1
1483,4,1,1,1955,3
1848,3,3,1,1989,2
1721,5,1,1,2002,1
1534,3,2,1,2012,2
2121,5,3,3,2005,4
2351,4,1,1,1955,4
2932,4,1,1,2003,4
1406,5,3,1,1984,2
2336,5,1,3,1966,4
1693,4,2,1,2008,2
2171,4,2,3,1968,4
2365,4,2,1,1962,5
1494,3,2,3,1963,3
1947,4,1,3,1979,2
1022,4,1,2,1955,1
2128,5,2,1,1992,4
2698,5,1,1,1953,3
2602,5,3,3,1967,4
2825,4,3,1,1967,5
1557,4,1,1,1970,3
2616,4,2,3,2015,3
1940,5,2,3,1970,2
2245,3,1,1,1989,2
1854,3,1,3,1967,1
2038,2,2,3,2014,1
1890,2,1,1,1974,2
1077,5,2,3,1952,2
2345,3,1,3,1992,4
1806,3,2,3,2012,4
2264,2,3,3,2007,5
2041,5,2,2,1998,3
1767,3,3,2,2020,1
2466,4,1,1,1950,3
1927,4,1,1,1962,3
1276,4,1,2,1965,3
2447,3,1,2,2011,5
2499,3,2,2,1999,3
2050,4,1,1,2007,4
1513,4,1,2,2010,3
2888,5,1,1,1957,3
1463,3,3,1,1965,1
1806,3,2,2,2010,1
1823,2,1,3,1965,3
1362,4,1,3,1986,1
2406,4,2,1,2002,4
1750,4,3,1,2019,4
1524,3,1,2,2007,3
2405,5,3,3,1974,5
2207,3,2,2,1950,4
2217,2,1,3,1981,3
2485,2,2,1,1994,4
1055,5,1,2,1999,3
2253,4,1,1,1962,3
2051,3,1,2,1979,1
2855,2,2,1,1992,5
2606,2,1,1,2011,4
1721,5,3,2,2004,4
2983,5,1,3,1970,4
2207,3,2,2,1993,3
2448,4,3,1,1972,4
2891,5,2,2,2005,4
1040,4,2,1,1982,2
2507,2,1,2,2008,4
2003,3,3,2,1952,3
1259,3,2,1,2018,3
1440,2,2,2,1957,3
1925,4,3,1,1999,3
1045,4,1,2,1984,1
1439,3,1,1,1959,2
2694,3,3,3,1967,3
2879,3,2,1,1955,5
2542,4,1,3,2007,4
1985,2,2,2,2005,3
2461,3,3,1,1988,3
1135,2,2,2,1980,1
2206,5,1,3,1998,3
2732,4,2,3,1987,4
2195,3,1,2,1995,3
1908,4,1,1,2003,3
1860,3,1,2,1982,4
1787,3,2,2,2000,2
1589,5,3,1,1956,2
2951,2,2,3,2020,4
1955,2,3,3,2009,4
1689,2,3,2,2009,2
1538,5,3,1,1964,2
2304,2,3,3,2007,3
2331,4,3,2,1968,3
1707,4,3,2,2002,1
2553,4,3,1,2003,5
1294,2,1,1,1967,1
2806,3,3,2,1950,4
1052,4,2,1,2019,2
1805,2,1,1,1969,2
2455,2,3,2,1980,5
1727,4,1,3,1966,2
1027,4,3,1,2012,1
1468,2,3,2,2005,1
2935,2,3,3,1991,5
1763,2,3,2,2018,1
1885,5,1,2,2012,4
1911,4,1,3,2008,3
1546,3,1,2,2020,1
2424,4,3,2,1965,3
1200,2,3,3,1956,1
2489,4,3,1,1957,4
2675,4,3,1,1998,3
2618,4,2,1,1996,2
1559,2,1,2,2008,4
2813,5,3,3,1964,5
1378,4,2,2,1960,1
2918,3,1,1,2018,5
2200,3,1,2,1977,3
2075,4,2,1,1972,4
1078,5,3,1,1951,3
2408,2,2,2,1963,3
1833,5,3,2,1973,3
2599,2,3,3,1957,5
2031,2,3,1,2002,2
2237,2,1,1,2008,4
1024,2,3,2,1950,2
1449,4,1,2,2017,4
1767,3,2,1,1972,1
1754,4,3,2,1969,2
2992,5,2,2,1966,4
2480,2,2,2,1988,3
2484,4,3,1,1978,4
1197,4,3,1,2000,4
2117,4,1,3,2019,2
2742,2,3,3,2008,4
1436,2,1,3,2012,2
1689,4,3,2,1996,2
2990,5,3,1,1950,5
2401,3,1,1,2018,5
1586,3,1,1,1953,1
2829,3,1,2,1986,5
2703,2,1,2,2012,3
2985,2,3,1,1951,5
1626,4,1,3,1984,3
2062,3,3,1,1968,5
1363,2,1,2,1991,4
2808,2,3,1,1991,4
1134,5,2,2,2014,4
1373,3,2,3,1956,1
2255,5,1,2,1984,3
1038,3,3,1,2015,2
2987,3,2,2,1989,3
2826,3,2,1,1958,4
1818,3,3,1,1952,1
1046,3,2,3,2000,2
1035,3,1,1,1978,1
1094,4,1,2,2021,1
1984,2,2,2,1990,2
2384,2,3,2,2005,4
2548,5,3,3,2013,4
2169,4,1,3,1973,2
2940,4,1,2,1975,5
1367,4,1,3,1960,2
1064,3,1,2,1954,1
2251,3,2,3,1983,4
1753,3,1,1,2005,2
2543,2,2,2,1988,5
1815,4,1,2,1957,2
2578,2,2,3,1964,5
1755,3,3,1,1985,4
1180,5,3,3,1974,2
2524,4,3,2,2013,5
1596,2,1,1,1990,3
2178,3,3,2,1986,3
1786,2,3,3,1991,1
2558,5,3,2,2007,5
1626,5,2,1,2019,1
2458,2,3,3,2003,2
2122,2,2,2,1989,5
1615,2,1,1,1967,2
2395,5,3,3,1951,3
2586,2,1,1,1956,4
2385,2,1,1,1986,4
1111,5,1,1,1987,2
1452,4,1,3,1959,1
1755,4,1,2,2014,4
2192,4,2,3,2011,3
1583,4,3,2,1984,1
2871,4,1,2,1985,5
1230,4,3,3,1990,2
2262,2,3,3,1983,3
1983,4,3,3,2020,4
1252,4,3,2,1972,1
2459,3,1,2,1967,4
2942,4,3,3,2014,5
1560,3,2,3,1960,2
2445,4,1,2,1969,3
2326,2,2,1,1981,3
1071,4,3,3,2009,2
2286,5,2,2,2000,5
2857,2,1,3,1976,2
1221,4,1,1,2017,1
2100,4,1,1,2013,3
2494,5,2,2,2012,3
2180,2,1,1,1954,2
1805,5,1,3,2019,4
1740,2,3,3,2008,1
2875,3,2,3,2019,4
1160,3,3,3,1991,1
1540,2,1,3,2008,2
1625,3,3,3,1958,2
2614,4,1,1,2013,4
2558,4,3,2,2014,3
2154,3,1,1,1971,3
2380,3,1,2,1959,5
2708,4,3,1,1992,5
1775,2,1,2,1956,2
2877,4,3,3,1958,5
2908,3,1,1,2005,4
1001,4,1,3,2015,2
1232,4,2,2,1981,3
1368,3,1,1,1999,3
2274,3,1,3,2019,4
1945,3,1,3,1996,3
2856,3,1,3,1975,4
2131,4,1,2,1954,3
2299,3,3,2,2002,4
1179,5,3,3,1984,3
2748,2,3,1,1982,5
1292,3,2,2,2017,3
1583,3,1,3,2002,1
1794,4,1,3,2007,5
1174,2,1,2,1956,1
1122,2,2,3,1981,3
1226,2,2,1,1975,1
2925,3,2,2,1978,5
1443,4,2,2,1967,2
2836,4,3,1,1987,5
1427,3,2,3,1977,2
2106,2,2,2,2014,3
1764,2,2,1,2017,1
2681,4,2,1,1965,5
1631,5,3,3,1956,4
1064,3,1,2,2001,1
2304,5,2,2,1951,3
2414,2,3,1,1962,4
1427,5,3,2,2014,2
1617,3,1,3,1984,4
1924,4,2,3,1978,1
1811,3,1,3,1989,2
1106,3,3,1,2010,2
2571,3,1,1,1993,4
1658,3,3,3,1962,2
2285,5,3,2,2018,2
2944,2,2,1,1990,4
2182,4,3,1,2004,3
1264,2,1,2,2007,1
2491,5,1,1,1979,5
2225,2,3,1,1993,4
1154,5,1,3,1958,1
2036,2,2,2,2004,3
2320,4,2,3,1951,3
1895,5,2,1,2021,2
2521,2,3,3,2020,3
2620,3,3,1,1954,5
1992,3,3,1,2015,3
2815,5,2,1,1985,5
1244,3,1,3,1989,1
2323,3,1,3,2004,4
2385,3,3,3,1971,5
2377,5,1,2,1975,4
2544,3,2,2,2002,4
1385,5,3,1,1977,4
1758,4,1,1,1960,2
2335,5,3,2,2011,4
1413,3,3,1,1981,2
2301,3,1,1,1981,4
2773,2,3,2,2000,4
1714,2,3,2,1998,2
1758,2,1,3,1999,2
1746,4,3,3,2008,4
1592,5,2,2,1962,1
2379,4,3,2,2008,4
2548,2,1,2,1991,5
1838,2,2,2,1968,2
1015,3,2,2,1992,3
1992,4,1,3,2008,2
2068,3,1,2,1981,4
1650,5,2,3,1956,4
2349,2,2,1,1971,3
1147,3,2,3,1996,1
1354,3,1,1,1975,1
2259,2,3,1,2007,4
1702,2,1,2,2021,3
1612,5,2,2,1995,2
1104,5,3,3,1954,3
2497,3,3,3,1987,4
2785,3,1,2,1977,5
1395,3,2,1,1988,1
2469,4,2,3,1953,4
1605,5,2,3,2009,1
2243,3,3,2,2003,4
2833,2,2,2,1954,5
1850,5,1,3,1956,5
2988,5,3,1,1997,4
2668,4,3,2,1969,5
1872,3,1,3,1993,2
1666,4,2,3,1989,4
2051,4,3,1,2014,3
1793,2,1,3,1960,2
1474,3,3,1,1950,2
1627,4,3,2,2003,3
2328,5,2,2,1999,4
2769,3,3,3,2021,4
2428,4,1,2,2010,3
2536,5,3,2,2012,5
1501,2,1,3,1984,2
1347,2,2,3,1973,1
2263,3,3,3,1952,3
2017,3,1,2,1989,3
1569,3,3,1,1959,3
2870,3,3,2,1984,4
1694,3,2,2,1999,1
2360,4,3,1,1990,4
1025,5,3,1,1985,1
2432,3,2,1,1994,4
2100,5,3,1,1991,2
2952,4,2,2,1963,5
1216,4,3,1,1973,1
2351,4,1,2,1998,4
1836,3,1,2,1958,4
1773,2,1,3,1994,1
2046,2,2,3,2020,4
2779,3,2,1,2013,5
1669,3,2,2,1991,2
1717,3,2,3,1992,2
1309,4,2,1,1984,3
1598,2,2,1,2003,2
1266,2,3,3,1997,1
2438,5,1,2,1999,3
1645,5,2,3,2004,2
2290,2,3,1,1954,4
2356,2,3,1,1994,4
2022,4,2,3,1960,3
2803,5,1,3,1971,4
1564,4,1,1,1993,2
2270,3,2,1,2004,3
2059,3,1,1,1966,2
2424,2,1,3,2002,2
1219,3,2,1,1964,2
2637,2,1,2,1962,5
2798,2,3,2,1984,3
1270,2,2,2,2011,3
2674,5,2,1,2017,3
1791,2,2,3,1983,1
2534,4,3,2,1998,5
1962,4,3,2,2003,4
2309,4,1,3,1951,3
2477,2,1,1,2002,4
2785,3,1,2,1973,4
1833,3,2,3,2010,1
1316,5,3,1,1984,2
2613,2,3,1,1973,5
2320,4,1,2,2014,3
1337,3,3,1,2014,1
2330,2,2,1,1977,3
2451,4,1,2,1953,3
1510,4,1,3,1964,2
1524,4,2,2,1973,2
1491,5,1,2,2014,2
2617,5,3,2,1980,5
1008,4,2,2,2020,1
2520,4,2,3,1960,4
2748,4,1,2,1954,5
2583,4,3,3,1979,3
1560,5,1,2,1997,2
2844,2,1,3,2005,5
1439,3,1,1,1991,4
2575,5,2,1,1960,5
2898,5,1,1,1983,4
1791,5,1,2,1997,2
2761,2,3,3,1981,5
2991,3,1,3,1972,4
2131,2,3,2,1991,3
2268,3,1,3,2010,3
2278,3,2,2,1951,5
2046,2,2,2,1999,4
1844,3,1,3,1958,2
1565,4,2,1,1985,2
2844,5,2,3,1967,5
1048,3,1,2,2013,1
1461,5,3,3,2014,3
2968,4,1,2,2017,5
2381,3,3,2,2019,4
2145,5,2,3,1973,4
2467,5,1,2,1981,5
1358,5,2,2,1977,1
2625,2,1,1,2010,3
1345,3,1,3,1972,2
1192,4,3,1,1988,1
2439,4,1,2,1990,5
2400,2,3,3,1950,3
2486,3,1,2,1985,3
1755,4,1,1,1979,3
2684,4,2,1,1964,5
2169,2,3,1,1988,3
1477,5,2,2,1970,3
1827,4,3,3,1982,1
1889,2,3,3,1976,2
1652,4,2,1,1974,3
1407,4,3,3,1997,3
1285,2,3,3,1994,2
2921,2,2,1,1981,4
1850,3,3,3,2006,4
1619,5,1,2,1960,2
2902,5,2,2,2016,5
1792,3,3,2,1974,1
2037,2,1,3,1991,4
2157,5,1,1,1974,3
1587,4,2,2,1985,2
1595,2,2,3,2005,1
2366,4,1,3,1991,5
1669,5,3,3,1968,1
2309,2,3,3,1994,5
2957,4,1,2,2014,4
1313,3,3,1,1957,2
1605,4,3,3,1977,3
1296,4,2,3,1973,1
2629,2,3,3,2017,4
1568,5,2,2,2013,1
2187,4,1,2,1967,3
1831,4,3,1,1964,4
2520,4,3,1,2002,4
1609,4,2,3,1992,2
1015,3,2,2,1997,2
2367,5,1,3,1957,3
2101,5,1,2,2014,3
2369,2,3,2,1961,5
1071,4,2,1,1965,1
1269,2,2,1,1983,1
1286,3,3,2,1965,1
1065,3,2,3,2003,4
1879,4,2,2,1970,3
1067,2,2,2,2013,3
2216,2,2,2,1987,3
2078,5,3,1,2006,4
1979,2,1,2,1965,3
2402,3,1,2,1998,5
1973,3,3,1,1984,2
2191,4,1,1,1974,2
2432,2,2,2,1993,5
2560,3,1,3,1953,3
2666,4,2,1,2019,5
1836,5,1,2,1963,1
2125,5,3,1,2016,4
1885,4,1,1,1983,1
1793,4,1,1,1951,1
2831,5,1,2,1956,5
2829,3,3,3,1984,5
1421,2,2,1,1972,1
2987,5,3,2,1974,4
1774,4,1,2,2017,3
1477,4,3,3,1956,3
1925,2,1,1,1967,3
1119,4,2,1,2006,1
2938,3,2,3,2003,5
2766,4,1,1,2003,5
2314,2,3,1,1965,4
1487,5,1,2,1960,1
2184,3,3,2,1951,4
2696,4,3,2,1994,4
1077,2,1,2,2001,2
2061,5,2,2,1989,2
2417,5,2,3,2019,3
1440,2,3,2,1989,4
2563,5,1,2,1977,5
1461,5,1,3,1974,3
1611,5,1,3,1989,1
2317,5,2,3,1970,5
2423,2,2,1,2000,4
2659,2,3,1,2002,5
1916,4,2,3,2020,3
2115,4,2,2,1960,5
1608,5,1,3,2009,4
1005,5,2,1,1974,3
1680,3,3,2,1957,2
1894,2,1,2,1975,2
1270,2,3,3,1957,2
2922,4,2,1,2010,3
1810,4,1,2,1997,2
1558,5,1,3,1999,2
1525,2,1,2,1986,3
1193,3,2,3,2018,3
2180,3,2,1,2015,4
2138,3,1,3,1999,4
1395,3,1,3,1987,1
1769,4,1,1,1957,3
2680,2,3,3,1995,5
2826,5,1,3,2005,4
2023,2,2,1,2014,4
2545,4,3,3,2000,2
1879,3,2,3,1975,3
2237,5,3,1,2021,4
1744,2,3,1,2019,1
1682,5,1,2,1967,2
2556,2,2,1,1984,5
1014,2,3,3,1994,1
2442,4,2,1,1988,3
1367,2,3,1,1979,1
1637,3,1,3,2000,2
1852,4,3,1,1986,3
2876,5,2,3,1993,5
1699,2,2,2,1974,2
2707,5,2,3,2016,4
1230,2,3,3,2008,1
2224,5,3,2,1991,2
2908,3,1,1,1954,4
2425,3,3,1,1954,2
2172,4,1,2,2014,3
2607,5,3,1,1974,3
2515,2,3,2,1952,3
2011,5,3,1,1956,3
2249,3,1,1,2018,4
1585,5,3,1,1986,1
2842,4,3,3,1997,3
1168,5,3,1,1984,2
1760,5,2,3,1962,4
1791,4,2,2,1968,3
1999,5,2,2,1989,4
1151,4,1,3,2013,2
2015,4,3,2,1964,3
1223,4,1,3,2011,2
1503,3,3,3,1976,2
2760,5,1,1,1997,4
2573,4,2,3,1990,4
1043,2,3,3,2020,1
1696,2,2,2,1990,3
2978,4,3,1,1986,4
2264,4,1,1,1996,4
1929,3,2,2,2009,3
1842,5,2,1,1984,3
2745,4,3,1,1956,5
2659,4,2,1,1998,4
1597,3,2,3,1973,2
2066,2,1,2,1963,2
1465,3,3,3,1976,2
1039,3,3,2,2002,2
1302,4,3,1,2018,1
2704,5,1,3,1966,4
1174,4,3,2,1953,3
1998,5,3,2,1956,1
2555,2,1,3,2001,4
2484,3,2,2,2002,3
1620,3,2,3,1982,3
2216,4,1,2,2003,3
1243,5,3,3,1964,1
1835,3,3,1,1968,2
1279,3,2,3,1974,3
2763,5,3,1,1967,5
2059,3,2,1,2010,5
1556,3,2,1,2011,2
1897,3,3,3,1994,3
2563,5,2,1,2016,3
2177,5,2,2,1952,3
2046,2,1,3,2010,3
1718,3,3,3,2015,4
1931,3,1,3,2000,3
1389,5,3,3,1961,1
2954,5,3,1,2010,4
2382,4,3,2,2020,4
1549,5,2,1,1994,3
1930,4,1,3,1996,4
2251,2,1,1,1959,3
2225,5,2,1,1950,3
2373,2,1,2,1994,3
2844,4,1,2,2005,5
2061,3,3,3,2001,3
1732,2,3,2,2005,3
1499,3,3,2,2017,1
2722,2,2,2,1970,4
2066,4,2,1,1950,3
1870,3,2,3,2012,3
2649,4,1,2,1982,5
2795,5,3,2,2009,5
1516,3,1,3,1957,2
1067,3,3,1,1983,1
1122,2,1,2,1976,2
2708,5,1,1,2016,5
1335,5,1,1,1991,2
2176,5,2,1,2008,4
1973,4,1,1,2002,3
1778,5,2,2,1954,4
2692,2,1,2,2005,5
2185,2,2,1,1986,3
2237,4,1,1,2018,4
2933,4,2,1,2000,5
2399,5,1,2,1970,4
2943,5,3,3,1958,4
2466,2,1,2,1964,3
1422,2,1,1,1952,2
2561,5,3,3,1953,5
1938,2,3,3,1967,2
1803,4,2,1,1994,5
2958,2,3,3,1980,5
2724,5,2,3,2009,5
2935,4,1,1,1993,5
1633,2,3,2,1975,3
2253,4,2,3,1989,5
2082,5,1,1,1970,3
2285,5,1,2,2004,4
1353,3,2,3,1998,1
2335,5,1,1,2011,3
2159,3,1,2,1998,3
2885,4,2,2,1964,4
2818,4,1,2,1977,4
1966,3,2,2,2007,4
1922,4,1,1,2018,4
1472,4,3,1,1956,5
2655,5,3,2,1971,3
1429,3,2,2,2006,3
1974,4,3,1,1957,2
2877,2,3,2,2016,4
2169,5,2,3,1996,2
2547,5,2,1,2009,4
1086,5,1,3,1967,2
2970,2,3,2,1988,3
1108,5,1,1,1953,1
2446,4,3,3,1977,4
2368,5,3,1,1958,5
2289,4,3,2,1999,4
2757,2,1,1,1958,5
2609,5,1,2,1977,5
1993,5,3,3,2006,3
2517,4,2,3,1955,4
2356,2,3,3,1989,4
1821,5,2,2,1998,2
2436,2,3,3,1975,3
2637,4,3,2,2018,5
1936,4,2,3,2002,2
2004,5,2,2,1971,4
1648,2,1,1,2006,1
1190,4,2,3,2018,2
2996,2,3,1,1964,5
1932,3,1,2,1988,3
2892,5,1,3,1955,4
2096,2,3,1,1968,4
1839,2,2,2,1951,4
1167,2,3,1,1978,1
1565,2,1,3,1974,2
2282,4,2,1,1997,4
2462,5,2,2,1984,4
2134,4,3,2,1994,3
1743,3,3,2,1969,3
1672,2,1,1,2002,2
1863,2,1,1,2021,4
1838,5,2,3,2014,1
1530,3,2,2,1975,2
2313,2,1,1,1954,2
1973,4,1,2,2009,3
1561,2,3,1,2003,3
2533,5,3,1,2015,5
1301,2,1,3,1967,2
2719,5,1,2,1982,4
1184,3,3,1,1959,1
2362,4,2,1,1955,3
1509,4,1,3,1988,1
1818,3,3,2,1988,3
2333,4,2,1,1990,3
2530,5,1,2,1992,4
2369,3,2,3,2012,3
2104,2,3,3,1951,3
2397,5,3,2,2016,3
1155,3,1,2,1998,1
1786,2,2,2,1954,2
1794,5,2,2,1992,4
1431,5,2,1,1951,3
2523,4,2,3,2010,4
1434,5,3,1,1971,4
2542,5,1,3,1975,5
2692,3,2,3,2007,4
2706,4,2,1,1985,5
1068,5,3,1,2017,2
2904,4,1,3,1984,4
1874,2,3,3,1962,3
2911,2,2,3,2001,5
1185,4,1,1,1962,2
1903,5,2,3,2016,3
1681,4,2,1,1986,2
1203,2,2,2,1966,2
1553,3,2,1,1957,2
1012,3,1,3,1990,1
1665,2,3,1,2006,2
2297,2,1,3,2012,2
2321,2,1,2,1963,4
1499,3,3,3,1965,1
1368,2,2,3,1978,3
1723,5,2,3,1952,1
2679,3,1,1,1995,5
1356,4,2,3,2001,3
2026,5,3,2,1969,4
2277,4,3,1,1987,4
2498,2,2,3,1961,3
1846,2,1,2,1984,4
2529,2,2,1,1967,4
1255,5,3,1,1969,2
2633,2,3,3,1955,4
2708,3,1,2,2002,4
2173,2,3,1,1996,4
2511,3,1,3,2020,5
1278,5,1,3,1953,3
2082,4,2,2,1977,1
1445,4,2,3,2013,2
1835,5,2,1,2017,4
1754,3,3,1,1981,4
2592,2,1,2,1959,4
2512,2,2,1,1988,5
2430,4,1,2,1982,4
1366,3,1,1,2021,1
2083,5,1,2,1966,5
1328,3,2,1,1971,2
2492,3,1,1,1993,2
2768,2,1,3,2007,4
2005,2,2,2,1967,3
1719,4,2,2,2006,2
2086,2,1,1,1986,3
2022,4,1,3,1958,4
1310,3,1,3,1950,2
2816,3,1,3,1961,4
2561,2,3,1,1953,4
1176,5,1,3,2017,2
2598,3,3,3,1963,5
2452,4,3,2,2007,4
1846,2,3,3,2007,3
2190,4,3,3,1975,3
2248,3,2,3,1968,5
2600,2,2,3,1972,2
2604,2,2,1,2005,5
2975,5,3,1,2011,5
1008,2,1,2,2020,1
1235,5,1,3,2014,1
1709,3,1,2,1992,2
1923,4,1,1,1990,2
1684,3,2,3,1980,2
1793,2,3,3,1953,1
2051,5,2,1,1979,3
1807,4,1,2,1988,2
2934,2,3,1,1995,5
2669,3,1,2,1997,4
1026,2,2,3,1984,2
1549,5,2,1,2010,2
2219,3,2,1,1954,4
2226,2,1,1,1967,3
1084,5,3,3,1984,1
2855,2,3,3,2001,5
2053,5,2,2,1996,4
1465,2,3,3,1962,3
2122,3,1,3,1970,2
2922,3,3,2,1982,5
2213,3,1,1,1978,4
2626,3,2,3,2005,3
2012,4,2,1,1988,3
2053,2,3,2,1987,2
2061,4,2,3,1987,3
1571,2,2,1,2020,3
2317,5,1,1,1983,4
2383,2,2,1,1994,3
2678,2,1,2,1999,4
1179,5,1,2,1952,2
1796,3,3,2,1955,3
2135,5,2,1,1985,3
2765,5,1,3,1997,4
2467,2,3,3,1991,4
2044,2,3,1,1981,4
2168,2,3,1,2004,4
2522,5,1,2,2005,3
2169,4,1,3,2020,3
1440,3,3,2,1967,3
1886,2,2,2,2009,1
1420,4,1,1,1982,2
2339,3,1,2,2004,2
2189,2,2,1,1954,2
2675,4,1,3,1983,5
2226,3,2,3,1989,2
2519,2,2,2,1995,3
2648,4,3,3,1951,3
1467,5,1,3,1981,3
1712,5,3,3,2004,3
1384,2,1,1,2020,2
1313,4,3,1,1964,4
1770,5,2,2,1963,2
2278,5,3,2,1997,5
1958,5,3,2,1971,1
1916,4,1,2,1972,4
1022,4,2,3,1971,1
2928,3,3,2,1968,5
2781,5,3,2,2014,4
1338,4,1,2,1984,1
2516,3,2,3,1994,2
1822,2,3,2,1984,4
2534,3,1,2,1988,4
2395,4,3,1,1982,4
1914,5,3,2,1976,2
2622,2,3,1,2019,5
2242,4,3,1,2021,2
1474,4,2,2,1976,2
2446,2,3,2,1987,3
2379,4,3,1,2021,4
2483,3,3,2,2003,5
2526,5,3,2,1971,4
1026,2,1,1,1989,2
1941,2,2,3,1970,5
1801,5,2,1,1967,3
1800,2,2,1,1963,4
1859,4,3,3,1991,4
2246,4,2,2,2003,4
1863,5,3,2,1964,3
1689,2,3,2,1952,2
2171,3,1,3,1955,4
2447,5,3,1,1951,5
1738,4,2,3,1954,1
2374,4,3,3,1979,3
2209,4,2,1,1989,3
1414,3,3,1,1996,2
1981,5,3,3,1983,2
1428,5,2,1,1968,1
1904,4,3,1,1957,2
2011,3,1,3,1963,3
2416,3,3,1,1998,4
1702,4,1,2,1961,2
1078,2,3,3,1982,1
1716,2,2,1,1982,4
2919,5,3,1,1999,5
2813,3,2,1,2004,5
2807,4,3,2,1964,5
1543,3,3,1,2005,2
2473,3,2,1,1981,4
1473,2,2,3,1963,1
2165,3,2,2,1969,2
2274,3,2,1,1959,4
1293,4,3,3,2020,1
1609,4,3,2,2016,2
1135,3,3,3,1972,1
1483,3,2,2,1959,3
2812,4,3,3,2005,4
2335,2,3,3,1979,2
1813,4,1,1,1952,3
1554,4,1,3,1951,2
2655,4,2,2,1974,4
2755,4,2,2,2018,5
1045,4,1,2,1956,2
2259,2,3,1,1950,2
2071,5,3,1,1981,2
1083,4,3,3,2016,1
1542,2,3,2,1968,3
2184,5,1,3,2011,3
2451,3,1,3,1973,3
1519,4,2,3,2013,2
2992,3,1,3,2021,3
1897,2,3,2,1993,3
1912,3,1,2,1953,5
2075,2,1,1,1977,2
2068,2,2,2,1973,3
1292,3,3,3,2013,1
1937,5,2,2,1981,5
2488,3,1,1,1967,4
2908,5,1,2,1955,4
2573,3,2,2,1976,5
1866,5,1,2,1992,1
1379,5,1,3,1984,2
2006,5,3,1,1990,5
2766,4,3,3,1950,4
2501,2,2,2,2017,5
1261,4,3,1,1954,1
2202,4,3,1,1991,2
1356,5,1,3,2016,2
2442,4,1,1,1962,5
1697,2,2,3,1999,4
2224,3,1,2,2010,3
2925,3,2,2,1971,4
2036,5,3,2,1997,3
1442,4,1,3,1968,1
2755,2,2,2,2003,4
1285,2,2,3,2019,1
2779,4,2,3,1971,4
2891,2,1,3,1994,2
2281,3,2,1,2018,4
1569,3,3,1,1957,2
2571,5,1,1,2004,3
1839,3,2,1,1951,5
2964,2,2,1,2006,5
2513,2,1,3,2018,3
1497,2,2,3,2019,3
2928,2,3,3,1985,4
1704,4,3,1,2015,3
2356,4,3,3,2004,3
1561,4,2,1,1967,4
2998,3,1,2,1972,5
2633,3,3,3,2003,4
2916,4,2,1,1996,5
2374,3,3,1,2017,4
2357,2,2,3,1953,3
2845,4,3,2,1997,4
1558,5,1,3,1970,1
1269,2,3,3,2000,2
2967,5,1,1,1959,4
2846,2,3,3,2004,4
2436,4,3,1,1984,4
1942,3,2,3,2020,2
2598,2,1,1,1964,5
2042,5,3,1,1960,4
2370,4,2,3,1983,4
2928,2,2,3,1959,3
2642,5,2,3,1966,3
1091,2,3,1,1980,1
2843,3,1,1,1982,4
1184,3,1,1,1975,3
1727,3,1,3,2011,3
2051,3,1,2,1955,2
1371,3,1,1,1970,2
1831,2,2,2,2010,3
2553,4,2,2,2007,5
1344,2,2,3,1966,3
2442,5,2,1,1957,4
2219,3,1,1,2016,3
1077,2,2,2,1957,1
2113,2,3,3,2020,4
2495,5,3,2,2020,5
2231,5,2,3,1985,2
1723,2,3,3,1952,2
2294,5,3,3,1980,3
2286,3,2,3,1959,2
2529,5,1,2,1999,5
2808,5,1,1,1983,5
1511,2,1,3,2000,2
2877,2,1,1,1973,2
2749,2,2,1,1985,5
2909,2,2,3,1963,4
1575,3,1,1,2012,3
2547,2,3,1,1982,5
1721,4,2,1,2003,2
2335,4,3,1,1987,1
2197,2,3,2,2016,3
1430,2,3,2,1976,1
1767,3,1,3,1981,3
1462,4,1,1,1977,2
1100,5,1,2,1964,2
2039,3,3,3,1959,3
2281,2,2,1,1989,4
2919,4,2,2,1994,4
1243,5,1,3,1996,2
2371,4,2,1,2011,4
2272,5,3,2,1959,3
1693,2,3,3,1998,2
2690,4,1,2,2018,4
2310,3,2,3,2007,2
2192,4,3,3,2008,4
2443,5,1,3,1981,5
2070,5,1,3,1967,2
2066,2,2,1,2010,2
2344,5,3,1,1977,5
1817,2,1,2,1969,3
1220,2,1,2,1981,2
2536,3,3,3,2003,4
2735,2,1,1,1952,5
2464,3,1,2,1952,5
1143,4,2,3,1981,3
1889,5,2,2,2006,3
2051,5,2,1,1958,3
2873,2,2,2,1978,5
1789,3,3,1,1959,3
1552,3,1,1,1998,3
1843,3,3,1,2018,2
1658,2,3,1,1965,3
2880,5,2,3,1962,5
2713,5,3,1,1956,4
2850,3,1,3,1974,3
1836,2,3,1,1973,5
2018,5,3,1,2001,2
2953,2,2,1,1999,5
2190,4,3,1,1952,4
2658,4,3,2,2016,5
2609,2,2,1,1984,5
1750,4,1,3,1985,2
1248,5,2,1,2000,1
1774,3,2,2,1982,3
1763,2,3,3,2004,1
2380,4,2,3,1972,3
2134,3,2,2,1986,4
1691,5,1,1,2000,2
2723,5,3,1,1961,3
1819,2,1,3,1994,1
1718,3,1,3,1995,1
1233,5,2,3,2000,1
2049,4,1,2,1973,4
2404,3,2,3,2019,4
2005,4,3,3,2013,3
2369,3,2,1,1998,4
2401,3,2,2,1980,3
1521,3,2,1,2008,3
1244,3,1,2,2008,1
1717,4,2,1,1966,1
1769,5,3,3,2020,3
1716,4,1,3,1963,3
2562,5,1,2,1964,2
2606,2,2,3,1974,4
2711,2,3,1,1991,5
2225,3,1,3,1958,3
2271,2,2,2,1966,3
1008,3,2,2,1967,2
1597,4,2,2,1964,3
2990,3,3,2,1987,4
1239,5,1,3,2019,1
1026,4,3,1,2005,2
1983,4,1,1,1968,3
2884,3,3,3,1972,4
2104,3,2,3,1999,3
1198,3,3,1,1998,2
2578,5,2,1,1991,5
1774,3,2,3,1972,3
1091,5,3,2,2005,1
1850,3,2,3,2000,2
2982,5,1,3,1988,5
2107,4,2,3,1964,4
1299,2,1,1,2016,2
2958,3,3,1,2021,4
1295,3,1,1,1991,2
2477,2,1,2,1996,4
2304,4,2,1,1995,4
2000,4,2,2,1991,3
2082,3,1,1,1987,2
1908,3,2,1,1998,3
1870,4,1,1,2020,4
2365,3,2,1,2003,3
1752,3,3,2,1998,1
2488,3,3,3,1968,4
2903,2,1,3,1952,4
1341,2,1,3,1992,2
2633,3,3,1,1994,4
1775,2,3,2,1991,3
1624,4,3,2,2004,3
2452,5,2,2,1985,4
2681,5,1,3,1986,2
2751,3,1,2,2011,5
1255,4,3,1,1957,1
1827,4,1,2,1973,4
2013,5,1,3,1958,2
2793,4,1,3,1981,5
2729,2,2,2,1990,4
2370,3,3,2,1995,3
2549,5,1,1,1968,4
2327,4,2,2,1970,5
1614,3,2,1,1976,1
1244,3,1,3,1954,1
1756,3,1,1,1960,2
1823,2,3,2,1990,2
1779,3,2,3,1984,3
2759,4,1,2,1953,4
1731,3,2,3,1972,3
2846,3,2,1,1953,5
2435,3,2,2,1997,2
2240,4,1,2,1959,3
1515,5,1,3,1960,3
1473,5,3,2,2020,3
2201,3,2,2,1983,4
2410,3,3,2,1983,5
2792,2,1,3,2005,5
2040,4,1,2,2011,3
2734,2,3,1,1985,4
1829,4,1,2,1970,5
2071,3,1,3,1977,4
2085,4,1,2,1965,3
2092,4,2,1,2008,3
2682,5,3,2,1977,5
1365,4,2,2,1978,1
2185,5,3,1,1951,5
2762,2,1,2,1965,4
1944,4,2,3,1998,2
1975,2,2,1,2004,3
1430,3,3,1,1961,3
1858,4,2,3,2007,2
1229,5,2,1,1999,2
1369,3,3,1,1979,3
1177,5,3,3,1963,1
2880,4,3,1,1964,4
2433,2,2,2,2014,3
1567,2,1,1,1966,2
2293,5,1,1,2000,4
2229,5,1,2,1963,4
1792,2,3,3,2002,3
2763,4,3,3,1998,2
2774,4,3,2,2001,4
1974,4,1,1,1995,1
2823,4,1,1,2019,3
1081,3,2,1,2004,1
1845,5,1,2,2000,2
1761,4,2,2,1970,2
2216,3,2,1,1962,5
1617,4,3,3,1988,3
2212,5,3,3,1951,2
2299,4,1,3,1976,5
2097,4,3,2,1966,3
2033,4,3,2,1993,4
2658,5,3,1,1974,3
1215,2,3,2,1983,2
1289,5,1,1,1988,2
1444,2,2,3,1962,2
1922,3,2,1,1950,3
1551,3,2,2,1959,1
1192,4,3,3,2013,1
2662,4,3,2,1982,5
2987,5,2,2,1999,4
1582,4,1,2,1987,2
2672,2,2,3,1980,5
2167,3,1,3,1991,3
2412,3,1,3,1988,2
2889,3,1,1,1957,4
2915,2,2,1,2011,4
2430,4,3,2,1994,3
2834,2,2,2,2017,4
2393,2,3,3,2008,3
1856,5,1,2,1995,3
2464,5,2,3,2000,4
2970,3,3,3,1963,4
1780,2,2,2,1986,1
1919,2,2,2,1981,3
2674,3,1,3,1983,3
1563,3,3,1,1984,2
2552,4,1,3,2004,5
2700,3,3,2,1958,4
1012,5,1,1,2009,2
1986,3,1,3,1969,4
1339,2,2,3,1973,3
1864,3,3,2,1998,4
2887,4,2,1,1971,3
2799,4,2,1,1972,4
1311,2,1,1,1970,2
1732,3,1,2,2004,2
2127,5,1,2,1973,2
1338,2,3,2,1983,2
1299,2,3,2,1963,2
2467,2,2,3,1993,3
1358,3,2,3,1988,3
2391,5,3,3,1991,4
1168,4,1,1,1995,2
2172,4,1,3,1982,1
1760,5,3,2,2018,2
1767,3,2,3,1961,2
1981,5,3,2,1965,2
1201,3,2,1,2009,1
1969,3,3,2,2014,3
2267,4,1,2,1991,4
2692,4,2,3,2019,5
1463,3,3,3,1954,3
1448,2,3,1,1990,2
1912,4,1,2,1958,1
1797,3,3,3,2014,2
1793,3,3,3,1997,2
1436,2,3,2,2016,1
2916,5,3,1,1979,5
2773,3,1,2,1990,4
1530,2,2,2,2011,3
1564,2,2,1,1966,1
2620,4,3,2,2017,5
2296,3,1,2,2006,3
2453,4,3,3,1994,3
1871,5,3,1,1977,4
1212,5,3,1,1973,4
1948,4,3,1,2006,3
2896,4,2,3,1992,4
2127,3,3,1,2013,4
1191,3,3,2,1982,1
2964,3,3,2,1977,5
2712,5,2,2,2015,5
2403,2,1,1,1963,5
2104,2,1,3,1983,5
1704,3,1,3,2001,3
1548,3,3,2,1986,3
2400,4,3,2,1958,3
2861,2,1,1,2008,3
1153,5,2,1,2003,2
1570,3,1,3,1987,4
2759,4,2,2,1987,4
2784,4,1,2,1995,3
1239,5,2,3,1954,1
2924,5,3,1,1967,4
1804,2,1,1,2019,2
1798,5,1,2,1954,3
2227,2,1,2,2015,3
1610,3,1,1,1950,1
2373,4,1,3,1983,5
1687,3,2,1,1983,2
1773,5,3,3,1993,3
2806,5,3,2,1959,4
1142,5,3,2,1990,2
2212,2,2,2,1989,5
1271,3,1,2,1951,1
2555,3,3,1,2016,5
2868,5,2,2,1980,5
2323,4,1,3,1980,3
1425,3,3,1,2004,2
1045,4,2,1,1971,2
1094,3,2,1,1967,3
1063,5,1,3,2019,2
1412,3,2,2,2008,1
2666,2,2,3,1995,4
2032,2,1,1,2009,3
1458,3,2,3,1981,1
2738,5,1,3,1951,3
2432,3,3,1,1950,4
1469,4,1,3,1982,2
1809,5,2,1,1960,3
1505,2,1,2,1978,2
2709,2,1,2,1960,5
2096,3,1,1,1979,4
1083,4,1,3,1984,2
1058,5,2,3,1976,2
2044,2,3,1,1967,2
2481,3,3,1,1977,5
1917,3,1,1,2004,3
1156,5,3,2,2002,3
2854,3,2,1,1987,3
2352,3,2,3,1972,5
2596,3,3,1,1953,3
1575,2,3,1,1995,4
1836,2,2,3,1978,2
1679,4,1,3,1989,2
2664,5,2,1,1994,3
2129,5,3,1,2021,3
2856,3,3,2,2021,4
2145,5,3,3,2021,4
1317,4,3,1,1979,2
2205,5,3,3,1951,4
2638,5,3,3,2001,5
2339,3,3,1,1987,3
2837,3,1,3,2011,4
2796,3,1,1,2019,1
1405,3,3,1,1975,3
1985,5,1,1,1983,3
1948,4,2,1,1980,1
2093,2,1,3,1960,3
2183,3,3,1,1952,2
2263,4,1,3,1952,3
2546,2,3,3,2001,4
2161,3,1,3,1950,2
1494,2,1,1,1995,1
1678,3,1,1,1955,3
2889,3,2,1,1975,5
2566,3,3,3,2010,4
2547,4,2,3,2019,5
2266,4,2,3,1987,3
2643,5,2,2,1996,5
2359,5,2,3,1971,3
2445,4,2,1,1952,4
1834,3,2,3,2005,3
1193,2,3,2,1975,1
2668,2,1,2,1971,4
2930,5,2,3,2006,5
1505,5,3,1,1977,3
1280,4,3,2,1964,2
1674,3,3,1,1970,2
2813,5,1,3,1974,5
1932,5,3,2,1961,3
2462,4,1,1,1995,3
1714,2,2,1,1965,3
1607,3,1,1,2012,2
1482,4,3,2,1988,2
1967,3,1,3,1951,4
1191,3,3,1,2011,1
1787,3,2,3,2002,2
1617,5,1,1,1951,2
1515,4,3,1,1973,3
2553,5,2,3,1959,5
1306,5,1,1,1973,2
2987,3,2,3,1964,5
1531,4,3,2,1954,3
1121,4,2,3,1989,2
1648,4,2,2,1991,3
1591,4,2,1,1998,2
2177,3,1,3,1964,3
1869,4,1,2,2014,4
2560,2,1,3,1991,4
2475,2,1,3,1951,4
2192,5,1,3,1986,4
1058,3,1,2,1973,3
1300,5,1,2,1961,2
1552,5,3,2,1985,2
2573,4,3,1,1960,5
2140,2,2,3,1993,1
2810,2,2,1,1963,5
2805,4,3,2,1978,4
2150,4,3,1,2015,4
2428,3,2,2,1984,4
1398,2,3,1,2012,1
1514,5,3,3,1981,2
1804,5,3,3,2003,4
2908,3,2,3,1991,5
1497,2,2,3,2009,1
1941,4,1,2,1997,4
1527,5,2,3,1963,2
1397,2,1,1,1950,1
2288,2,3,3,1983,3
2774,2,1,1,2009,3
2286,4,3,1,1950,3
2421,5,1,2,1954,3
2669,4,3,2,1963,4
2748,2,2,1,1951,3
2550,2,1,2,1971,3
1435,5,1,2,2010,4
1839,5,3,2,1979,2
2953,4,3,2,1960,5
1359,4,2,3,1964,2
2152,4,1,3,1986,4
1863,2,2,1,1966,3
1633,5,2,1,1985,2
2264,3,2,1,2001,2
2650,5,3,2,2014,5
2245,5,2,1,1950,2
1213,3,3,3,1958,1
1915,4,3,1,1968,1
1591,3,2,2,1983,3
2798,5,1,3,1958,5
1134,5,1,1,1983,1
2841,2,3,3,1991,5
1753,5,2,3,1962,3
1385,3,1,2,2008,2
2326,3,1,3,1982,4
2805,3,2,2,2007,5
2585,2,1,2,2013,5
2212,4,3,3,1984,4
2320,3,1,1,1964,4
2549,4,1,2,1970,4
1388,2,3,3,2011,3
2482,2,1,2,2004,5
1743,2,3,2,2016,4
2284,2,2,2,2014,4
1703,3,1,1,1995,2
1924,5,1,3,1956,2
1772,3,1,2,1992,2
2136,3,1,3,1967,5
2909,3,3,2,1955,4
1863,4,1,3,1996,1
2059,2,3,2,1990,3
1078,5,1,1,2015,1
2298,5,2,2,1950,5
2301,3,2,3,1951,4
1673,2,2,1,2020,3
1311,2,3,2,1978,2
2552,5,2,1,2014,5
1203,5,1,1,1976,1
1984,3,3,3,1976,2
2975,5,1,3,1951,3
1016,3,2,3,1997,1
2737,5,3,1,1966,4
2534,2,1,3,1988,5
2016,2,3,1,1957,2
1209,4,2,1,1995,1
1498,5,3,2,1952,2
2425,4,2,1,2014,4
1428,2,1,3,1978,3
2101,5,3,3,1980,3
2103,2,2,3,2000,3
2329,2,1,3,2007,2
1057,5,3,1,1970,1
2553,5,2,3,1975,3
2231,3,1,3,2012,3
2534,5,3,3,2010,4
2158,2,2,3,2009,3
2867,3,2,2,1999,4
1993,3,3,1,1951,1
1521,5,3,1,2018,2
1580,2,2,3,1955,2
2876,4,1,2,1977,5
1898,2,1,2,2011,2
2106,2,1,2,1968,4
1620,5,3,3,1997,1
2067,4,2,2,2010,4
2506,3,1,2,1977,3
1965,4,3,3,1963,5
1909,5,2,3,2019,4
2667,2,2,2,1951,5
1492,2,3,1,2020,3
1498,4,3,3,1983,3
2041,4,1,1,1959,2
1604,5,2,1,2007,3
1947,4,2,1,1985,3
1293,5,2,3,2014,3
2999,3,2,1,1981,4
2171,4,1,3,1976,4
2495,2,2,3,1983,3
1171,4,3,1,1962,3
2586,2,1,2,1960,4
1530,3,2,2,2014,2
2143,3,1,3,1958,4
2859,4,1,1,1983,4
2760,5,1,1,2020,5
1065,2,3,2,2018,2
1140,3,1,1,1970,2
1445,4,2,3,2000,1
2529,3,2,3,2002,3
1188,4,2,1,1951,3
1157,2,1,2,2002,2
2633,4,2,1,1977,5
1669,2,1,3,1954,1
2970,3,1,3,1960,5
1245,2,1,3,1957,1
1855,2,2,2,1963,2
1943,5,1,3,2016,4
1747,3,3,3,1956,2
2056,2,3,1,2020,2
2384,5,1,1,1986,5
1329,2,1,2,2003,2
1511,4,1,1,2015,1
1849,2,3,3,1951,3
2810,4,2,3,1985,4
2094,2,2,3,2004,3
2336,3,1,1,1978,4
2751,2,1,1,1976,4
1168,2,3,3,2020,3
1809,4,2,1,2011,3
1982,3,2,3,1950,4
1179,3,3,1,1958,1
2651,2,2,3,2012,5
2509,5,2,2,1962,5
2795,2,2,1,1982,3
2028,4,2,1,2004,3
1296,5,1,2,1965,1
1619,3,2,1,2010,2
1854,5,1,2,1990,2
1359,5,3,3,2021,4
1956,2,3,1,1956,3
2866,3,1,2,2018,5
1438,5,1,3,2011,3
2354,2,3,2,1992,5
2548,2,3,3,1991,5
2677,3,2,1,1967,5
2211,5,1,1,2001,4
2991,4,3,2,2014,5
2304,5,1,3,2006,3
2534,2,1,1,1972,3
2489,2,3,3,1977,4
2138,3,3,1,1975,3
2259,4,2,3,1979,4
2361,4,3,3,2002,3
1521,2,1,3,1965,4
1198,4,2,1,1967,2
2787,4,1,3,1962,4
2073,4,1,3,2008,3
2963,5,3,2,1966,3
2165,5,2,1,2009,5
2806,2,1,2,2001,5
2551,5,2,2,2014,5
2537,4,2,3,1988,4
1669,4,3,2,1988,4
2053,4,1,3,2000,3
2105,5,1,2,1982,1
1030,3,3,1,1961,1
2771,4,3,1,1959,4
2007,4,1,2,1965,2
1659,3,1,1,1963,2
1369,2,2,2,1969,3
1546,5,3,3,2019,1
1534,3,2,3,1979,1
2129,2,1,3,1986,2
1096,4,2,1,1966,2
1229,2,2,1,2011,1
1226,4,2,2,1980,1
1370,4,1,2,1955,2
2123,4,3,1,1993,4
2491,3,3,2,2017,4
2218,2,2,1,2006,4
2543,2,2,2,1975,4
1423,3,1,2,1976,1
2151,2,1,3,1976,2
1031,3,1,1,1954,3
1518,4,3,1,1992,2
2281,5,3,3,1958,5
1852,5,3,2,1955,2
2925,5,1,3,1977,5
2243,4,1,3,1956,4
1751,4,3,1,1998,3
2129,3,3,2,1976,3
2571,3,3,1,1965,3
1415,4,3,2,1967,3
1556,4,3,2,1950,2
2833,2,3,2,1993,3
2332,4,3,3,1967,4
1365,4,2,3,1965,2
2482,2,3,1,1981,3
1598,5,1,1,1983,2
2393,5,3,3,1983,4
1330,2,3,1,1950,3
1688,2,3,2,1950,4
2665,2,1,1,1962,5
2730,3,1,2,2009,4
1817,5,1,3,1957,3
2530,2,1,1,2016,2
1418,3,2,3,1952,3
2145,5,1,1,1951,4
1910,2,2,3,1982,4
2258,2,2,1,2008,2
2354,5,1,2,2008,3
1347,2,2,1,1996,1
1957,3,2,1,2020,4
2247,4,2,2,1956,3
1152,2,1,3,2009,1
2235,5,3,1,1998,4
1091,5,2,2,1996,2
2944,2,1,3,1996,5
1330,2,2,1,1977,2
2490,2,3,2,2006,4
2883,3,1,2,1973,4
2664,4,1,1,1967,4
1954,5,3,2,1970,4
2732,2,3,3,1954,4
1969,2,1,3,1965,2
1553,3,3,2,1982,3
2901,4,1,2,2002,4
1929,5,3,2,1995,4
2251,4,2,3,2018,3
1529,2,1,2,2003,1
1844,2,1,3,1977,2
2266,2,1,1,1958,3
2412,3,2,3,2010,3
2299,3,2,2,1976,4
2473,3,1,3,1998,4
1638,2,3,1,1967,2
2610,2,1,2,2015,2
1477,4,1,1,1965,4
1479,3,3,3,1969,3
1287,3,2,1,1989,2
1697,4,3,1,1957,3
2713,5,2,3,2004,3
1694,4,3,1,1999,1
1539,2,2,2,1978,1
1329,5,3,1,1975,3
1469,4,2,1,1982,4
2782,5,1,1,2000,5
1848,5,2,2,1952,3
1533,2,3,3,2020,2
1466,2,1,3,1969,1
1976,3,3,1,2011,2
2631,2,1,1,1997,5
2145,2,1,1,1977,4
1761,4,3,3,1996,2
2005,2,2,3,2000,4
1890,5,1,2,1966,4
2955,2,2,3,2005,3
1923,5,2,3,2021,3
1333,4,3,3,2002,1
1953,2,3,3,1968,3
2443,3,2,2,1969,3
2349,4,2,1,1965,4
2021,3,1,1,1989,3
2672,3,2,1,1971,4
1788,3,1,3,1964,2
1831,2,1,1,2005,2
1843,5,2,2,2017,5
2596,2,3,2,2006,3
1249,3,2,3,1994,4
2118,3,1,3,1963,2
2319,5,2,1,1974,3
1183,4,2,2,1991,1
2283,3,3,3,1987,5
1798,2,1,1,1986,3
2690,3,1,2,2008,5
1185,3,1,3,1977,3
2432,4,1,3,1978,3
2092,5,3,1,1979,4
1837,3,3,3,1987,5
2796,4,1,3,1980,4
1626,4,2,1,1995,3
1858,3,1,3,2018,2
1007,3,2,3,2005,1
2288,5,1,3,2008,4
1782,2,3,3,1956,2
2507,2,3,1,2012,4
2784,5,1,1,1955,5
2640,4,2,1,2007,5
1774,4,2,2,2009,3
2759,5,2,3,1995,4
2863,2,3,3,1961,5
2006,4,2,2,2000,3
2394,2,2,2,1957,5
1676,2,3,3,1959,2
2106,5,1,2,2010,5
2830,2,3,1,2003,5
1210,4,1,1,1963,2
2336,4,1,2,1984,5
2627,3,2,1,2006,4
2360,3,2,3,1957,4
1489,4,1,3,2004,2
2426,5,2,1,2015,4
1638,4,1,1,1955,3
1190,5,2,2,1965,2
1670,4,3,1,1972,4
1842,4,2,3,1959,3
1334,5,1,3,2003,1
2545,2,1,3,1987,5
2642,3,3,2,1993,3
2110,4,2,2,1971,4
1578,5,1,2,1964,3
1061,5,2,1,2009,2
1386,3,1,1,1980,2
2169,3,2,2,1952,4
1152,2,3,1,2015,2
1618,4,2,2,1994,2
2683,3,2,2,1974,5
1697,2,1,1,1981,2
2372,4,2,3,1974,3
2877,4,1,1,1952,5
1177,5,1,2,2011,3
2912,3,2,2,2017,3
1846,2,1,3,1968,3
1486,2,3,1,1960,3
2801,5,2,2,2016,4
2684,2,3,3,2006,4
2270,2,2,1,1972,2
2277,4,1,1,1953,5
1499,3,3,1,1981,2
1540,5,3,2,1954,4
2375,3,1,2,1980,4
2535,2,2,3,1995,2
2801,2,2,3,2016,5
1012,2,2,1,2010,2
2582,3,2,3,1974,4
1150,5,3,2,2007,3
2073,5,1,2,1965,3
2238,4,1,2,2016,4
1990,5,3,2,1985,5
1643,4,1,3,1980,2
1371,2,1,2,1956,2
2136,5,1,2,1954,2
1251,4,3,3,1963,2
2986,4,3,2,1958,5
2364,3,1,1,2019,4
1052,2,3,3,1987,2
2153,5,3,2,1950,3
2859,5,3,3,1981,5
1192,5,2,2,1963,3
1590,4,3,1,1968,4
2080,5,2,2,1990,3
1096,5,1,1,2011,3
1197,5,1,1,1969,3
2670,2,1,1,1982,4
1146,2,3,3,1970,1
2707,4,2,1,1979,5
2598,3,3,1,1978,3
2600,5,1,1,2008,3
2318,5,2,3,1970,4
1722,4,3,1,2003,3
2644,5,3,1,2020,4
2817,3,1,2,1951,4
1683,4,3,1,2002,3
2035,2,3,3,2007,3
2941,3,1,2,1970,5
1332,5,2,3,1990,1
2243,3,3,2,1993,4
2421,2,1,1,2001,4
2365,4,3,1,1978,3
2821,3,2,1,2019,3
1511,4,2,1,1999,4
2771,5,3,2,2013,5
2189,4,1,1,1951,4
2722,2,1,3,2017,5
2193,4,1,3,1963,2
1563,2,3,1,2007,4
1511,3,1,1,1999,2
2212,3,1,3,2017,1
2143,4,3,3,1993,3
1104,3,3,2,1981,1
1673,2,2,1,1983,3
1806,3,2,3,2010,2
2064,3,3,1,1980,5
1888,5,3,1,1998,1
1875,4,3,2,1961,2
1676,4,3,2,1982,2
2909,4,3,2,2003,5
2183,2,3,1,2002,2
1864,3,3,2,2001,3
2553,2,1,3,2017,3
2708,3,3,1,1987,4
2500,5,2,1,1967,4
1351,4,3,1,2015,1
2568,4,3,3,1973,2
2796,5,1,1,1963,5
2233,4,3,2,1996,3
2918,2,3,3,2009,5
2865,2,1,1,1950,5
2405,3,1,2,1954,3
1675,2,1,3,1999,2
2504,2,3,3,1967,5
1918,4,1,3,1967,4
2815,3,3,2,1968,4
2168,5,2,1,1976,4
1350,5,1,1,1952,1
1582,4,3,2,1978,2
1464,4,3,2,1958,1
1347,2,3,1,2011,2
2765,3,1,2,1966,5
1124,3,1,2,1987,1
2813,4,2,3,2002,5
2294,4,3,2,1989,5
1356,4,2,1,2018,2
1526,2,1,1,2012,3
1497,2,2,2,1982,2
2176,3,1,2,1979,3
1052,4,3,3,1999,2
1148,2,1,3,1972,2
1502,5,1,2,1964,1
1869,2,2,2,2010,2
2473,2,1,2,2019,5
1218,5,1,3,1987,2
2648,5,2,1,1962,5
2823,4,3,1,1985,5
2300,5,2,3,1997,5
1451,5,3,2,1989,1
2451,2,3,2,1955,5
1082,2,2,3,1985,2
2241,5,2,3,1999,4
1737,3,1,1,2017,3
2805,2,3,3,2002,5
1526,4,3,3,2011,2
1403,2,3,1,1973,2
1289,2,2,2,1971,2
1419,3,3,3,1950,3
1338,4,3,3,2017,2
1776,3,3,2,1976,3
1710,3,3,1,1987,3
2693,4,2,3,1982,4
2868,5,1,2,1956,4
1986,3,1,2,1955,2
1958,5,2,2,1962,3
2442,2,1,1,1963,5
2932,4,3,3,2004,5
2230,4,1,3,1962,4
1685,2,1,2,1951,3
2719,2,3,2,1992,3
2288,2,3,2,1976,4
2781,3,3,1,2002,5
2059,3,2,3,1956,4
1372,3,1,2,2004,2
2511,3,2,3,1971,5
2282,3,2,1,2005,4
1993,5,3,1,1986,3
1923,3,2,3,2003,3
1022,4,3,2,2004,2
1240,5,1,3,2008,1
2004,5,3,2,1970,4
1902,4,2,1,2002,4
2896,4,1,3,2000,3
2739,4,1,3,1995,4
2276,5,2,2,2012,4
2165,5,1,3,1999,3
1813,4,3,2,1998,3
2474,3,3,1,1973,5
1782,4,3,2,1965,2
1306,2,2,1,2014,2
2523,4,2,3,1983,4
2645,5,1,2,1978,2
2092,2,1,3,1950,3
2725,4,3,3,1997,5
2714,3,2,3,2002,5
1574,3,2,3,1993,2
2091,5,1,2,2000,2
2741,2,2,1,1954,3
1911,3,2,1,1980,2
2431,5,1,1,1971,4
1517,2,2,3,1956,2
2142,5,3,3,1979,3
2848,3,2,3,1989,4
2054,5,3,1,1986,2
2541,5,3,3,1967,5
1482,3,1,2,2011,2
1206,3,1,1,1951,1
1668,5,1,2,1983,2
1578,3,2,3,1973,2
1386,4,3,3,1959,1
2865,2,3,2,1980,4
2393,4,3,2,1956,4
2376,4,2,1,1998,3
2359,3,2,2,2000,2
1890,3,2,1,1960,2
1905,3,1,1,2005,3
2312,3,2,1,2007,4
1962,3,3,3,1971,3
1964,4,3,3,1951,3
2976,3,3,2,1982,5
2036,3,1,3,1950,1
1663,4,1,2,1995,1
2451,4,2,3,1992,3
1824,3,3,2,1951,3
1399,5,2,1,2006,2
1991,3,1,1,2003,3
2132,4,2,3,1970,3
2508,5,3,2,1965,5
2911,2,1,1,2010,4
2379,5,2,2,1984,3
1148,3,2,2,2007,1
2902,4,3,2,2020,4
1306,4,1,1,1989,2
2083,3,2,1,1953,3
1434,3,3,1,1985,2
1020,5,2,1,1964,1
1874,5,3,1,2014,2
1381,2,1,1,1977,2
1244,4,1,3,1969,1
2925,5,1,2,2005,5
2096,4,3,2,2014,5
2472,2,1,3,2011,3
2099,3,2,1,2009,3
1697,4,3,1,1952,3
1589,5,1,3,1966,3
1389,5,3,2,2005,1
2365,4,2,1,2005,3
2313,3,3,2,1986,4
1567,3,3,3,1984,3
2354,5,3,2,2011,3
1258,2,2,1,1992,2
1425,5,1,1,2018,1
2725,5,1,1,2009,4
2029,5,3,3,2004,3
1005,5,1,1,1967,2
1190,2,3,2,2000,2
1147,5,1,2,1961,1
1404,4,1,3,1975,1
1257,5,2,3,1993,3
1729,5,2,3,2007,3
2502,3,2,2,1980,3
1089,3,1,3,1983,1
1823,2,1,3,2017,1
1009,4,1,3,1998,3
2110,5,2,1,2003,2
1837,4,1,3,1980,1
2174,4,1,2,1989,3
1987,2,2,1,2003,3
1624,3,1,2,2006,1
1029,5,3,1,1997,1
1127,2,2,3,1969,1
2101,4,2,1,1973,1
1420,4,1,1,1986,4
2078,3,3,1,2004,3
2503,3,1,1,1973,3
1304,5,3,2,2019,1
1545,3,1,2,1999,3
2128,3,2,1,1962,4
2195,2,2,3,2009,4
2522,2,3,2,1995,3
1021,5,3,1,1995,1
2310,2,1,1,1987,3
1390,5,2,2,2007,2
1616,2,1,3,1970,3
1148,4,1,1,1950,3
2295,2,2,3,1972,2
2811,5,3,1,1988,4
1298,2,2,1,1998,2
1171,3,2,3,1952,2
1046,4,3,2,1961,5
1625,2,2,3,1978,3
2810,4,3,3,1969,5
1206,4,3,2,1991,1
1452,4,3,3,1985,2
2418,3,1,2,1981,3
1924,5,1,2,2000,1
1753,5,2,3,1982,3
1707,5,1,2,1957,2
2008,4,1,1,2017,5
1675,4,1,1,2006,1
2199,4,1,3,1995,2
1854,3,2,3,2004,4
1782,3,1,3,1981,2
2133,4,1,3,1968,3
1683,4,2,1,1957,1
1962,4,3,1,1986,5
1863,4,2,3,2007,4
2225,3,3,1,1986,3
1167,2,2,3,1979,2
2637,5,1,1,1961,4
2677,2,1,3,1971,5
2982,3,3,3,1972,5
1848,3,1,1,2015,2
2748,2,3,1,1985,5
2074,5,1,3,2001,3
2135,5,3,1,2008,2
2486,2,3,2,2009,4
1270,4,2,2,1981,2
2600,2,2,3,1998,4
2206,5,1,2,1953,4
1502,4,2,1,1957,1
2867,4,3,1,2014,5
2033,5,1,3,1958,3
1493,5,1,3,1976,3
2257,3,1,3,1977,2
2321,4,1,2,1950,4
1243,2,2,2,1991,1
2374,3,1,3,1984,4
2653,3,2,1,1959,4
1892,3,3,3,2014,3
1200,5,1,2,1969,1
1238,3,1,2,1979,1
2357,5,1,1,1991,5
1914,4,1,2,1959,1
2438,5,2,2,2001,5
1968,4,2,3,1972,3
1483,5,3,1,1969,1
2460,3,1,1,1983,4
1245,3,3,2,1987,1
2881,3,3,1,1950,3
2031,5,3,3,1968,3
1151,5,3,1,2013,1
2415,3,2,2,1991,5
1943,4,2,3,1966,1
2693,5,3,3,2014,5
2593,3,1,1,2009,3
2078,2,1,3,1982,3
2736,5,2,3,1979,4
2657,4,2,1,1963,5
1445,3,3,2,1989,3
1619,4,3,1,2003,2
1303,2,1,2,2020,1
1131,2,2,2,1970,3
1903,2,3,3,2002,5
2408,5,3,2,1957,4
1987,2,1,2,1991,2
2221,4,1,3,1965,2
1046,4,2,3,1997,2
2763,5,1,1,1976,5
1756,5,1,3,2005,2
2226,4,3,3,1993,4
2284,3,3,1,1968,3
1689,5,1,1,1982,2
2047,3,3,1,1981,4
1686,2,3,2,1976,4
1785,2,3,2,1974,4
1411,5,2,3,1983,2
2996,4,2,3,2021,5
2284,2,1,1,2006,3
1285,5,2,1,2010,2
2536,4,1,2,2020,4
2109,3,2,2,2009,1
1849,4,2,3,2007,3
1429,2,1,2,1967,2
2604,4,1,1,1951,5
1030,4,1,2,1961,1
2733,5,3,1,1950,3
1602,4,3,2,2017,2
1439,2,3,1,2020,2
1984,4,1,1,1973,5
2372,4,3,1,2010,3
1411,3,2,3,1979,2
1527,3,2,3,2001,1
1309,2,2,1,1971,1
1948,3,3,2,2009,3
2419,4,3,3,1971,3
2811,5,2,2,1969,4
2361,2,1,3,2002,4
1673,4,2,2,1977,2
1436,5,2,2,1954,3
1703,4,1,1,1993,3
1662,2,1,3,1995,2
1364,4,3,1,1972,1
1922,2,1,1,1959,3
1112,4,1,2,1956,2
2808,5,3,2,1983,4
1175,5,3,2,1995,1
2172,5,2,1,2000,4
2201,3,2,3,1968,5
1935,4,1,1,1964,5
1381,4,3,3,2015,2
2246,5,1,1,1994,4
2282,2,1,1,1974,3
1305,4,1,3,1968,2
2401,3,2,2,2018,3
1342,5,3,2,1956,2
2797,3,2,3,1990,4
1155,5,3,2,1961,3
1711,3,3,2,2000,2
2078,3,2,1,1994,4
2789,4,2,1,1982,5
2465,5,2,1,1951,2
2708,3,1,2,1954,4
2223,3,2,2,1999,4
1402,4,3,1,1993,3
1796,4,3,3,1991,5
2686,5,2,1,2017,4
2951,3,3,3,2014,5
2801,5,1,3,1980,5
1602,2,2,3,1962,2
1176,5,2,3,1984,1
1448,4,3,3,1983,3
1742,2,1,1,1999,1
1300,3,3,2,1958,2
1706,4,3,3,1958,2
1306,2,2,3,1985,2
1750,5,1,1,2012,5
1868,3,1,3,1985,3
2919,4,1,2,1989,4
2290,4,2,1,1987,2
2663,3,1,3,1985,3
1482,4,1,2,2013,2
2285,5,3,1,1988,5
2090,5,3,1,2001,4
2597,5,3,1,2010,3
2672,4,1,1,1974,5
2563,5,3,1,1995,4
1511,4,1,3,1984,3
1210,3,1,1,2009,1
1987,5,1,2,1957,4
1986,2,3,3,2010,3
1716,2,3,2,1964,2
1252,3,3,1,1987,1
1037,5,3,1,2002,1
2066,3,2,3,1990,5
1628,2,3,1,1962,3
1986,4,3,3,1994,3
2725,3,2,1,2018,3
2477,5,3,3,1980,3
2701,5,1,2,1961,5
1304,2,2,2,1989,2
2738,3,3,1,1968,5
1232,3,2,2,1970,4
2744,2,2,1,2016,4
1759,5,3,3,2008,4
2318,3,1,3,1956,4
1838,2,3,1,1982,1
2406,5,1,2,1955,5
1157,2,1,1,1951,1
2428,4,2,1,1956,4
2024,5,3,3,1992,3
1216,5,3,3,1962,1
1927,4,1,3,1965,4
1506,3,3,2,1966,3
1760,5,1,1,1957,5
1903,5,2,2,2008,2
1580,3,1,3,1961,2
2053,2,3,2,1969,4
1626,4,1,2,2014,4
1519,3,3,3,1954,1
2904,2,2,1,2004,4
1274,4,2,2,1997,2
1491,2,1,2,1967,1
1826,5,2,1,1988,2
1950,4,2,2,2021,2
1925,2,1,2,1956,4
1846,4,3,1,1970,3
2059,2,1,1,1950,2
2334,2,1,2,1963,2
2067,5,3,1,2001,4
2178,3,2,1,1982,5
2100,4,1,2,1964,3
2613,5,1,3,1999,4
2636,4,3,2,1962,5
2461,3,1,2,1982,4
2455,5,3,1,2015,2
2565,3,1,3,2002,4
1038,5,1,3,1950,1
1238,5,3,3,1993,2
2036,5,3,1,2014,4
1121,5,1,1,2012,1
1143,2,3,3,1965,2
1683,4,1,3,1968,2
1454,2,3,1,1983,1
1367,2,2,1,1988,1
1758,2,2,2,2009,3
1246,5,2,2,1964,1
1922,5,2,1,2001,4
2068,3,1,3,2000,3
1764,4,1,1,1995,1
1374,3,2,3,2018,3
2314,3,2,1,1985,4
1206,4,2,2,2003,3
2947,4,3,2,1963,5
1518,3,1,2,1953,1
2981,3,2,1,1987,5
1241,3,2,1,2016,1
2137,4,2,1,1989,3
1301,2,1,2,1956,2
2119,5,3,2,2019,3
2317,4,1,1,2005,3
1700,5,2,2,1958,3
2383,3,1,2,2020,3
1287,4,1,3,1999,3
1153,4,2,1,1956,2
2593,5,1,3,1992,3
1422,4,3,2,1991,2
1849,5,1,3,2015,4
2230,3,3,3,1988,5
1563,5,3,2,1956,3
1853,5,1,3,1998,3
1882,2,3,2,2020,4
1661,2,2,3,1999,2
1564,3,1,3,1987,1
1212,3,3,3,1957,3
2089,5,2,1,1955,2
2255,2,2,3,1994,3
1810,4,1,2,2011,2
1849,4,2,1,1993,3
2686,5,2,3,2006,5
2740,2,1,2,2009,3
2343,4,1,3,2006,3
2790,2,2,1,2012,3
2160,3,1,3,2016,3
1880,2,3,3,1972,2
2670,5,1,2,2018,5
2589,4,1,1,1995,4
2088,2,1,1,1965,4
2155,2,2,1,2017,4
1333,3,1,2,1988,3
1031,5,3,2,2014,1
1867,4,3,3,1968,1
1897,4,2,1,1972,3
2895,2,3,1,1980,5
2521,2,1,2,1956,5
2266,3,2,2,1972,4
2215,5,1,3,1979,4
2165,4,3,3,1996,2
2683,5,3,2,1988,5
1600,4,3,1,1985,4
2584,2,2,1,1964,3
2671,3,3,3,1982,4
1987,3,2,2,1984,2
2214,2,2,2,1972,3
2965,2,2,2,2007,5
2172,2,2,1,1977,3
1598,5,2,1,1992,2
2439,2,2,3,1954,5
1519,5,3,2,1963,3
2758,2,2,1,1956,5
1868,3,1,1,2002,4
1015,5,1,3,1952,1
2831,3,1,2,1962,4
2129,2,3,3,1952,4
1282,2,2,1,2007,1
2127,4,3,1,1984,5
1360,5,3,3,2006,2
2681,5,2,3,2017,5
2058,5,3,3,2001,2
1112,5,2,2,1951,1
1307,3,2,3,1961,1
2934,5,2,3,1951,5
1958,3,1,3,1988,4
2076,2,2,1,2004,5
2882,3,2,1,2000,4
2104,5,3,3,2013,3
2639,3,1,1,1985,4
1833,5,3,3,1972,3
2392,3,3,3,2020,3
1030,5,3,1,1964,1
2852,3,3,2,2007,4
1703,5,2,2,1984,3
1868,2,1,1,2016,2
2384,3,1,2,2002,3
1232,3,1,2,1985,2
2633,4,3,2,1984,3
2057,5,3,3,1962,4
2266,3,1,3,1973,4
1950,4,3,2,2018,2
1770,4,3,1,1978,3
2552,5,1,3,1952,4
2101,5,1,3,1981,2
1717,3,3,3,1970,1
1301,5,1,3,2007,2
2701,5,1,3,1990,3
1802,2,2,3,1956,5
1896,5,1,2,1952,2
1111,2,1,2,2021,1
2436,3,2,3,1956,4
2923,4,1,3,1965,3
1316,2,1,3,1970,3
2888,3,2,1,1964,4
1667,5,1,1,1979,1
1689,3,3,3,2004,4
2881,4,1,3,2006,4
2671,2,1,2,1995,5
2850,3,2,3,2021,3
1017,5,2,3,1996,3
2374,3,1,2,2019,2
2978,2,2,2,2016,5
2178,3,1,3,2008,2
2807,2,1,1,1965,4
2529,3,3,2,1977,5
1777,5,3,3,2018,2
1359,5,2,3,1979,1
1331,2,3,1,1999,1
2941,4,1,2,2007,5
1527,2,2,1,1961,1
1011,5,3,3,1990,2
2098,3,2,2,1951,2
1211,4,2,3,1971,2
2714,5,1,3,1986,4
1640,4,2,3,2009,5
1282,2,1,1,2002,2
2218,5,1,2,1999,4
1779,2,2,2,1954,2
2053,5,3,1,1993,4
2032,5,3,3,1952,3
2332,2,2,2,2000,3
2468,5,1,1,1978,4
2333,4,1,1,1957,2
1676,4,2,3,1994,2
1704,2,2,2,1977,2
1425,3,3,2,1956,4
2795,5,1,2,2001,4
2727,2,2,1,1955,5
1590,3,1,3,1971,2
2714,2,2,3,1972,5
1090,4,1,2,2009,2
1455,5,3,3,1982,2
1443,4,1,2,1964,1
2750,2,2,1,1960,4
1078,5,2,2,1970,1
2498,3,1,3,1961,4
1926,4,3,3,1962,4
1102,2,3,2,1989,1
1622,5,3,3,2001,3
2479,2,2,2,1973,4
1989,3,2,2,1999,3
2337,3,3,1,1952,3
2270,4,1,3,2007,3
1233,3,1,3,1985,2
2617,3,1,3,2004,2
1643,4,1,2,1976,4
2258,2,2,1,1959,4
1789,4,3,2,1972,2
1386,4,3,3,2002,3
1846,5,1,2,1988,3
2634,3,3,3,2009,5
2966,3,2,2,1961,5
2184,3,3,3,1951,3
2485,2,2,2,1990,4
2472,2,2,2,1990,3
2140,2,3,2,1968,3
1240,5,3,3,1999,3
2049,4,2,3,1974,3
2671,5,3,3,1994,5
1561,3,1,3,2010,4
1805,5,3,2,2014,5
2929,2,2,2,1980,5
1297,5,1,1,2017,2
1804,3,3,1,1969,5
1153,5,3,1,1998,1
1731,2,3,3,1951,1
2675,3,3,3,1957,5
1467,4,2,2,1958,2
1048,5,3,2,1975,2
2677,5,2,2,2007,5
1045,5,1,3,1956,1
2698,5,2,1,1979,4
2308,3,1,3,1994,4
1779,2,1,1,1959,2
2651,4,1,2,2014,5
1081,5,3,2,2006,2
2067,3,2,1,2009,4
2729,5,1,3,1952,4
2793,4,2,2,1995,5
1954,5,1,1,1981,4
1272,2,1,3,2017,2
1393,5,1,1,1979,3
2809,5,3,2,1991,5
1789,5,2,3,1968,2
1594,2,3,2,1989,2
1057,3,2,3,2012,2
1564,2,1,2,1980,1
1000,3,2,3,1954,2
1215,2,2,1,2017,1
2340,2,2,2,2004,5
2251,5,3,2,2015,4
2496,2,1,2,2013,5
1765,3,2,1,2011,2
1670,3,2,1,2014,2
2310,3,1,3,1970,4
1510,2,2,3,1957,3
2601,5,2,1,1955,4
1914,4,1,3,1992,3
2844,3,3,2,2003,4
2995,2,2,3,1967,4
2481,5,2,3,1986,4
1094,2,1,3,1956,3
1492,3,2,1,1989,1
1764,3,1,3,1983,3
2021,5,3,2,1988,3
1149,2,1,2,2017,3
2046,3,2,3,2009,3
1755,3,1,2,1996,3
2238,4,1,3,1965,3
1398,4,1,3,2000,2
1409,3,1,2,1956,3
1854,4,1,2,1976,4
1147,3,1,3,1959,1
1380,2,2,3,2010,1
1551,2,1,2,2021,2
2144,5,1,1,2013,4
1294,2,3,3,1968,2
2143,5,2,2,1979,4
1455,5,3,2,2019,2
2553,4,1,1,2006,5
1168,5,3,2,1979,4
1709,5,3,1,1993,2
2166,5,2,1,1962,4
2721,3,2,3,1957,3
2284,5,1,1,1981,5
1230,3,2,3,1953,1
1253,2,1,3,1992,2
1328,2,2,2,1997,2
2320,3,3,1,2005,3
1979,2,2,1,1962,3
1009,4,2,3,2014,2
1445,4,3,1,2000,2
1921,5,2,2,1996,3
1835,4,1,2,1967,3
2253,4,3,1,2002,3
2559,5,2,3,2000,5
1077,5,2,2,1987,2
1400,5,1,3,2014,3
1108,3,2,2,2017,1
1791,2,3,3,1982,5
2946,5,1,1,1976,5
1262,3,1,2,1951,2
1328,5,2,3,2018,1
1362,5,1,3,1992,2
2401,5,3,3,2002,4
2803,3,1,3,2000,5
2364,3,3,3,1992,4
1258,3,1,2,1964,1
2358,2,3,1,1971,4
1084,5,3,3,1968,2
2545,5,3,2,1953,5
2824,3,3,2,1969,5
2837,3,3,1,1972,4
2594,5,2,3,1994,4
1307,5,1,2,2007,4
1796,3,1,2,1998,2
1630,2,3,1,1987,1
1679,4,1,2,1970,1
1864,4,2,3,1974,3
2724,5,1,1,1978,5
2475,3,1,2,1990,5
1924,3,2,2,1955,4
2252,3,3,1,1956,1
2725,4,3,2,2003,5
2619,4,3,2,2006,3
2320,3,2,2,1993,2
1726,2,2,1,2015,1
2260,2,2,3,1963,2
1977,4,3,3,1971,2
2648,2,2,2,1964,5
1216,3,1,3,1999,1
2856,3,3,3,1997,5
2269,5,2,2,2013,4
1447,3,1,2,1992,2
1318,3,2,1,1992,1
1993,2,3,2,1950,2
2455,2,3,2,1988,4
2427,4,2,1,1962,4
1036,2,1,3,1960,1
2599,5,2,1,2019,4
1730,5,3,1,2017,1
2365,2,3,1,1997,4
2010,4,3,2,1973,2
2412,5,2,2,2013,4
2057,3,2,2,2019,3
1038,5,1,1,1966,3
2602,5,2,1,1964,5
1208,5,2,3,1962,2
1829,4,3,1,1957,2
1855,4,3,3,1987,3
2175,2,2,2,1958,3
1898,5,3,3,2016,2
2388,4,3,1,1989,3
2222,4,2,2,2008,3
1600,2,2,3,1962,1
1759,3,3,3,1992,3
2858,3,1,3,1979,5
2102,5,1,3,1961,3
2500,3,2,2,1995,2
1433,2,1,2,1969,1
2820,4,3,1,2005,5
1841,3,3,2,1955,3
2110,5,1,1,1970,4
2574,4,3,2,1981,4
1392,5,3,1,1953,2
2636,2,1,2,1989,4
2267,3,3,3,2007,4
2255,5,3,1,1981,4
1909,3,1,2,1996,2
2603,4,1,3,2001,3
1191,3,2,1,1990,2
2939,2,1,3,1978,5
2563,4,2,3,1987,5
1269,5,1,3,1996,2
1737,3,3,3,2017,3
1076,3,2,3,2014,2
1734,3,2,3,1981,1
1883,3,3,3,1982,3
2190,4,1,3,1980,2
1283,4,1,1,1954,2
2727,3,2,3,2018,4
2112,5,1,1,1985,3
1543,4,2,1,1958,2
1648,2,3,1,1997,3
2179,4,1,3,1950,3
1249,2,1,3,1967,1
1094,5,1,3,1967,3
1116,2,2,3,1967,1
1982,5,2,2,2008,3
1332,3,3,2,1973,2
2846,4,2,1,1998,4
2545,5,2,2,1994,3
2103,2,3,2,1971,4
1645,3,1,3,1950,2
2455,4,2,2,1970,2
2226,5,3,1,1962,2
1115,4,2,3,2003,1
1962,3,1,2,2002,2
2243,4,1,3,1996,2
2276,3,1,2,2011,4
2192,5,1,3,1951,4
1846,3,1,2,2017,2
1315,5,1,3,1977,2
2740,3,1,1,1979,4
1809,4,1,2,2001,2
1371,3,2,1,1990,3
1759,3,3,2,1972,2
1876,4,3,1,2000,3
1976,2,2,3,2007,2
2606,3,3,2,2003,4
1155,5,3,3,1991,1
1613,3,1,2,1952,2
2036,2,2,2,1963,1
1507,5,1,1,1983,4
1464,4,1,2,2016,3
1782,4,1,1,1965,1
1803,4,2,2,2017,3
1219,5,2,2,1999,3
1014,3,2,2,2000,1
2773,5,1,1,1957,5
1116,5,2,1,1952,1
1330,2,1,1,2017,3
1055,5,3,3,1973,2
2374,4,1,2,2003,4
2155,5,3,3,2015,4
2249,2,3,1,2003,3
1307,5,2,3,1988,1
2498,5,1,2,1950,3
2929,4,2,1,1974,5
1221,5,2,2,1986,1
2196,3,3,1,2005,4
2363,4,3,3,2008,2
1796,2,1,1,1959,2
2529,2,3,1,1960,4
2844,2,1,1,1962,4
2180,5,1,1,1984,4
1150,3,2,2,1998,2
2720,4,3,3,2003,4
2201,3,2,2,2000,3
2556,3,3,3,1963,3
1111,2,3,3,2014,1
1682,2,2,2,1953,3
2161,3,1,2,2014,4
2256,3,2,2,1980,1
1331,4,3,3,2014,3
2565,2,2,3,1983,4
1892,2,2,2,2006,2
2330,5,3,1,1958,4
1160,2,3,1,1962,1
2425,4,1,1,1961,3
2613,5,3,3,1979,5
1277,4,3,3,2000,3
2343,2,3,1,2006,3
1896,3,3,2,1965,2
1496,3,1,2,1953,2
2386,4,3,1,1969,5
2395,5,2,1,1964,4
2059,3,2,3,1985,3
1302,2,1,1,2000,1
1437,2,2,3,1974,3
1725,5,1,3,1954,3
2055,3,1,3,1952,1
1185,5,2,1,2001,2
2197,5,2,2,1982,5
2589,2,3,3,1974,4
1672,5,3,1,1969,2
2273,2,3,2,1985,4
2000,4,2,1,1960,2
2786,5,1,1,1999,5
2958,3,1,3,1989,5
1278,3,3,1,1966,2
1682,4,1,3,2011,2
2718,4,2,2,1988,3
2025,5,2,2,1955,3
2217,3,1,3,2006,3
2189,3,2,2,1959,3
2782,2,1,3,1954,4
2010,2,3,3,2009,3
1924,3,2,2,1956,2
2779,2,2,2,1996,4
2133,2,3,1,1968,3
1379,2,1,3,1953,1
1834,4,2,2,1993,5
1998,3,2,2,1967,1
2606,3,1,2,1996,3
2699,3,3,1,1977,4
1420,5,1,3,1952,2
1112,2,1,2,1957,2
2017,4,3,1,1955,1
1227,4,1,3,2020,1
2494,3,3,2,2020,3
1527,4,3,1,2007,2
1495,5,3,1,1950,2
1030,5,3,1,1999,1
1161,4,2,2,1994,2
2841,2,1,2,1969,4
1721,3,3,1,2012,1
2401,4,2,2,2003,3
1743,4,2,1,1979,3
1426,4,3,1,2013,5
2719,5,2,3,2006,5
1503,5,2,3,1977,3
2550,3,3,2,1966,4
2967,5,3,1,2008,5
1720,2,2,3,1958,3
1683,4,1,2,2002,1
2801,4,3,2,1975,5
2555,2,3,2,1965,4
1581,5,1,2,1997,4
2543,5,1,1,1952,4
2964,4,2,1,2006,4
2057,3,1,2,1973,3
1735,4,2,3,1954,3
1690,3,3,1,2015,2
1757,5,3,2,2012,2
2513,3,2,1,1989,3
2795,3,2,2,1979,3
2643,3,3,1,1976,4
1753,3,2,1,1958,3
2446,3,1,2,1990,4
2491,4,2,1,1978,4
1023,2,3,1,2006,1
2239,5,2,2,2012,4
1054,4,1,2,1979,2
2049,2,2,2,1972,3
2304,4,2,2,1999,4
1803,2,2,3,1970,4
1326,4,3,1,2003,2
1969,5,2,2,1996,5
1185,5,1,2,1951,2
1494,3,3,3,2011,3
2035,2,2,1,2006,4
2664,4,3,3,1997,3
2907,3,2,2,1958,4
1433,4,3,1,1979,1
2944,5,2,1,1983,5
1132,2,3,1,2015,3
2362,4,2,2,1987,5
2219,4,2,3,2002,1
2285,3,2,1,2006,4
2305,5,3,3,1973,5
1368,3,3,3,1964,4
2126,3,2,3,2013,2
2655,2,2,1,1998,4
2206,3,2,2,2016,4
1422,2,3,1,1951,2
2032,5,1,3,1956,3
2580,3,1,3,1985,4
1243,3,2,3,1956,1
1781,3,3,3,2018,1
1623,3,2,2,1952,3
1566,5,2,1,2004,2
2416,2,3,3,2003,3
1526,5,1,2,2021,2
2652,3,3,2,1954,4
1851,3,1,1,1983,2
1351,4,3,2,1955,3
1622,4,1,2,1951,1
2172,4,1,3,2001,3
2720,5,2,1,1964,5
1104,2,2,1,1987,1
2849,2,2,1,1986,5
1862,5,3,1,2016,3
2397,3,2,3,1987,4
1517,3,3,2,1959,1
2283,5,2,1,2005,5
1298,5,1,2,2007,1
1860,2,3,1,1959,3
1041,4,2,1,1999,2
1770,2,1,2,1990,2
1896,2,3,3,1963,3
1491,4,2,3,2015,2
2462,3,1,1,1983,4
2806,2,3,2,2007,4
2070,3,2,2,1973,3
1084,3,2,2,1963,2
2709,3,3,1,2020,2
2081,2,1,1,2012,5
1990,4,3,2,1963,3
1710,4,1,2,1955,4
1208,3,1,2,1960,2
2271,3,3,2,1976,4
2234,4,1,1,2003,3
1038,5,2,3,2002,1
2666,3,1,3,1985,2
1925,4,2,3,1967,4
2826,5,1,3,2005,4
2976,2,2,2,2000,3
2436,3,1,2,1987,3
1945,5,3,3,1970,2
2469,3,1,3,1982,4
1051,2,3,1,1974,1
1373,4,2,1,2016,3
2549,3,3,1,1968,5
1930,5,2,3,2005,2
1155,2,1,1,1997,3
2113,5,1,3,1957,4
2926,5,2,3,1996,4
1678,5,1,2,1989,2
2186,5,3,3,2004,4
2265,2,3,2,2021,3
2518,2,2,2,1993,4
2406,2,3,1,1968,4
2075,4,3,2,1971,3
1653,2,3,1,2012,5
1062,4,1,2,1952,1
1508,2,2,2,1997,4
1291,2,3,3,1976,1
2114,3,3,2,1969,3
2447,3,1,3,1960,5
2692,3,2,3,1966,4
1820,2,3,2,1999,2
2388,2,3,3,1977,5
1149,4,3,2,1999,2
2294,4,1,2,2016,3
1880,5,3,3,1965,3
2604,5,1,3,1959,5
2139,2,2,2,2003,4
1703,5,3,3,2015,2
1515,2,2,1,1998,2
2610,4,2,3,1995,4
2937,3,2,3,2005,4
2264,2,1,1,1965,1
2166,4,1,2,2009,4
1325,2,1,1,1990,2
2718,5,3,3,1972,4
1948,4,3,3,1978,1
1871,4,2,3,2013,1
1712,4,1,1,1965,4
1106,3,2,3,1964,3
1378,3,3,2,2005,1
1282,2,1,1,1974,1
1268,4,1,2,1983,2
1483,3,1,2,2017,3
1666,5,3,2,2007,3
2096,2,1,1,1955,3
2220,3,1,3,1982,2
2266,2,3,3,1968,3
1597,4,2,1,1964,3
1798,5,2,3,1988,4
2282,4,3,1,1993,4
1797,5,2,3,2009,3
2172,4,3,2,1995,3
2890,2,2,2,2020,5
1415,5,2,1,1983,3
1425,2,3,1,2016,4
1996,2,3,2,2007,3
2725,5,2,3,1961,5
2240,5,3,1,1990,3
1866,5,3,2,1974,3
2239,4,2,1,1998,4
1422,4,2,2,1951,1
2343,2,1,2,1970,3
2949,2,2,3,1962,3
1958,5,1,1,1997,2
1881,4,3,2,1990,4
1991,2,1,3,1980,4
1414,3,1,3,1972,2
1598,4,2,1,1994,2
2184,2,2,2,1961,4
1702,2,3,1,1965,2
1536,5,3,1,1964,3
1419,2,1,3,2019,1
1663,5,1,3,1959,2
1094,3,2,1,1995,3
2465,5,3,1,1955,4
2581,2,3,2,1952,5
1972,3,1,2,1961,2
1649,3,1,3,1982,3
2489,2,2,3,1980,3
1287,4,3,1,1989,1
2888,2,1,1,2004,3
2699,2,3,1,1975,4
1411,2,3,3,1956,2
1399,5,3,3,1959,1
1527,3,1,3,1989,1
2041,3,3,1,1967,3
1135,4,2,3,1991,2
2487,3,2,3,1977,3
1758,2,1,2,1956,3
2271,3,2,2,1975,3
1842,4,2,1,1963,3
1709,5,1,2,2016,4
2024,5,3,3,1982,4
2725,2,1,3,1957,4
1380,2,1,2,1988,2
2483,3,1,2,1978,5
2528,4,3,3,1957,3
1805,2,1,3,1986,2
1475,4,1,1,1973,2
2580,5,3,2,1963,3
1953,3,1,1,2019,3
1848,2,3,1,1994,4
1896,3,3,3,2020,4
1031,2,2,2,2016,1
1117,4,3,1,2001,2
2207,3,2,1,1985,2
1190,2,2,3,1980,2
2770,4,2,2,1978,5
2773,5,3,2,1963,5
2751,3,2,2,1990,4
1622,5,1,1,2000,3
2126,4,3,3,2006,4
1870,2,1,1,1954,1
1585,2,3,3,1951,3
1419,2,2,3,1966,2
1472,2,3,2,2011,2
2787,3,3,3,2006,5
1113,5,1,2,1989,3
2402,2,1,1,1955,4
2336,5,2,2,1968,4
1329,3,1,3,1997,1
1338,3,1,3,1975,1
1237,3,1,2,2017,1
2196,5,1,1,1996,3
1078,2,1,1,1955,1
1463,5,2,2,1968,4
2921,2,2,1,1965,4
1604,4,2,1,1989,3
2524,2,2,2,1970,4
1561,2,1,2,1976,3
1284,3,3,3,1968,2
1222,4,2,3,1963,1
1592,2,3,3,2004,3
2289,4,2,2,2017,3
1372,5,1,2,1973,2
2256,3,1,2,1997,5
1910,5,1,2,2020,2
1827,4,3,1,1985,2
1235,4,2,3,2009,2
1670,4,1,2,1958,2
2940,4,3,3,1967,4
1827,4,2,2,1974,4
1762,3,1,3,2008,3
2337,2,2,2,2010,4
2960,5,2,2,2020,4
2965,4,1,3,1957,5
1379,3,2,2,1965,3
1793,3,1,1,1999,3
1613,2,1,1,1986,4
1419,2,3,2,1974,3
1051,4,1,3,1993,1
2744,3,1,2,1999,3
1818,5,2,1,2017,2
2666,3,2,1,1962,5
2532,3,1,1,1952,3
2968,2,3,2,2008,5
1204,2,1,1,2004,2
2000,3,2,1,1971,1
1730,5,2,1,1977,3
1256,3,1,1,1994,1
1184,5,2,2,1976,1
1144,4,2,2,1992,1
2713,4,2,2,1991,5
2037,2,1,3,1964,4
1245,5,1,1,1975,2
1186,3,2,3,1992,3
2360,3,2,1,2005,2
2282,3,2,3,1987,4
1865,3,1,2,2014,3
1039,4,2,1,1963,1
1600,5,2,1,1971,1
2660,4,2,1,1967,5
1961,5,3,2,2003,4
2441,2,3,2,2008,4
1985,5,2,1,1988,3
2374,3,2,3,1960,3
1008,4,3,2,1992,1
1349,3,2,3,1983,3
1083,5,2,3,1956,1
1532,5,1,2,1973,2
1988,2,3,2,1960,3
2816,5,3,2,1985,3
1357,5,3,2,2015,2
1377,3,1,3,1994,2
1171,5,1,1,1951,1
2048,5,3,1,1969,4
1392,4,1,1,2004,1
2126,4,1,3,1986,2
1701,2,1,2,2012,3
2433,3,3,1,1983,4
2848,3,2,1,1982,4
1548,4,3,2,1956,2
1783,4,1,3,1954,1
2828,4,3,1,2017,4
1331,2,3,2,2010,1
2687,2,2,1,1954,3
1793,5,2,2,1950,4
1648,5,1,2,1993,4
1982,3,2,1,1954,3
2894,2,3,1,2021,5
2052,3,3,2,1960,3
2042,3,1,1,2005,3
2171,3,1,1,1969,3
1490,5,3,2,1988,2
1282,5,1,2,1985,2
1861,4,3,3,2008,4
2876,2,3,1,1976,5
2835,2,3,3,1987,4
2698,5,3,2,1977,5
1112,2,3,1,1993,2
2478,3,3,1,2017,4
2685,4,1,2,1999,3
2353,5,1,2,1968,4
2278,2,2,2,2006,5
2622,2,1,3,2019,5
2422,3,2,2,1973,5
1861,2,3,3,1974,2
1609,2,3,2,1955,3
2932,3,3,3,1993,2
1507,2,1,1,2009,2
2667,4,3,2,1987,5
1465,3,1,3,1986,2
1823,5,1,1,2009,1
2430,4,1,2,1992,4
1608,2,3,3,1982,3
2121,3,1,2,1985,4
1289,3,2,1,2007,3
1867,2,2,1,1976,2
2179,2,1,3,1975,2
1781,5,2,2,1955,4
1161,3,3,3,2004,1
1623,3,2,3,1955,2
2866,3,2,1,1989,5
2720,2,2,3,1950,5
1716,5,1,2,2012,4
2120,2,1,1,1990,3
2400,2,2,2,2001,3
1566,4,1,1,2004,3
2473,4,2,3,1983,4
1993,4,2,2,1978,3
2140,5,2,2,1970,4
2628,3,3,3,1957,5
2828,4,3,1,1962,5
2987,3,1,2,1988,4
2739,5,3,2,2010,4
2817,4,1,3,1980,5
2529,4,2,2,2010,4
2212,3,3,1,2015,3
2499,2,2,1,1965,3
2346,5,1,2,1976,5
1595,5,2,3,2001,2
2203,5,1,3,2010,3
2809,3,3,1,1993,4
2204,2,3,1,2007,5
1958,2,3,3,1961,3
2716,5,3,3,1973,3
2012,2,2,3,1981,5
2310,4,3,2,1981,3
1474,4,3,1,1972,2
1617,5,2,3,1965,3
1640,5,3,3,1977,3
1261,5,1,1,1965,3
2546,4,3,3,2000,4
1161,5,3,1,2016,1
2510,2,3,1,1951,4
2982,4,1,1,1977,4
1180,3,3,3,1995,1
1724,5,1,2,2019,3
1468,4,1,3,2005,2
2298,4,3,3,2011,5
1259,4,2,1,2019,2
2356,3,3,2,2012,1
1465,4,2,1,1997,3
2139,2,1,3,2011,3
1536,5,3,1,1986,2
1951,5,3,3,1974,3
1765,5,2,1,1971,1
1958,2,1,2,1996,2
2946,2,2,3,2020,3
2979,2,1,1,1958,4
2840,2,2,3,1998,4
2856,2,3,3,1953,4
1850,4,3,1,2012,2
2971,5,1,2,1964,2
2280,3,1,2,1973,4
2191,3,3,2,2018,4
2872,3,1,2,1976,5
2621,2,2,1,1960,4
1014,2,2,1,1986,1
1049,4,1,3,1982,1
1998,5,2,1,1974,2
1303,2,1,2,1992,2
2510,3,1,2,1951,3
1415,4,3,2,1994,2
1304,4,2,3,1955,2
1195,3,2,1,1988,3
1812,4,3,3,2020,2
1799,3,2,1,1994,1
1387,2,2,3,1982,2
1756,4,1,1,1976,3
2888,5,2,3,1970,4
1454,5,1,1,2011,1
1712,4,3,3,1990,2
1704,4,2,3,1965,3
1847,4,1,2,1969,2
2681,5,1,2,1952,4
2333,2,3,2,1965,4
2150,5,3,2,1967,4
1174,3,1,1,1969,1
2157,4,1,2,1979,4
2089,3,1,2,1965,4
2416,3,2,2,1973,2
2987,3,2,2,1950,5
2388,5,2,1,1988,5
1278,5,2,3,1989,1
1757,2,3,3,1984,3
1362,3,2,1,2012,2
2772,3,1,1,1986,5
1170,5,2,3,1962,1
2074,3,3,2,2018,3
2351,5,1,2,1997,3
2894,4,2,1,2001,4
1664,4,2,1,2013,3
1591,3,1,1,1957,2
1930,2,1,2,1963,5
2168,5,1,3,2008,2
1273,4,3,2,1953,2
2178,4,3,3,1962,3
1507,5,1,3,1976,1
1362,5,1,2,1966,3
2348,2,2,2,2014,3
1847,5,2,3,2019,2
1654,4,1,1,1971,3
1297,3,3,2,1952,3
1493,5,1,2,1969,3
1545,4,2,2,1968,2
1303,3,1,2,1966,4
2490,3,1,2,1953,5
1903,2,2,3,1985,2
1238,4,1,3,1957,1
1649,5,3,3,2016,5
2789,4,3,1,1978,5
2540,3,3,2,1956,4
1883,2,2,2,1991,2
2199,5,1,1,1956,2
2908,2,1,1,1958,4
1409,2,3,2,1975,2
1725,4,2,2,1967,1
2387,3,3,3,1957,3
2046,3,3,3,1978,4
1317,5,3,2,1987,1
1524,2,3,2,1974,2
1904,2,2,2,2020,3
2776,2,2,1,2000,5
2299,4,3,3,1968,5
2023,3,2,2,1958,3
2627,2,3,2,1964,4
1619,2,3,1,2020,4
1952,3,3,2,1961,2
2252,5,3,3,1968,4
2687,4,1,3,1987,4
2131,4,1,2,1994,3
1800,4,3,2,1992,4
2979,4,3,1,2011,5
2199,2,1,2,2009,4
1319,4,1,2,1951,1
2309,3,3,1,1989,3
1875,4,1,2,1986,2
1328,5,1,1,1998,3
2900,5,1,3,1991,5
1752,3,2,1,1992,2
1656,3,3,2,2011,1
2379,5,1,2,2007,4
2037,4,1,2,1991,2
2298,2,2,1,1971,1
1070,3,2,2,1954,1
2218,4,2,2,2008,3
1864,3,2,1,1992,4
1927,2,2,1,1991,4
2546,2,2,3,2001,4
1769,2,1,2,1990,3
1892,5,1,1,1962,4
1195,2,1,2,2008,2
1144,2,2,3,1976,1
2755,4,3,2,2017,3
2373,5,3,3,1950,2
2447,5,2,3,1982,4
1470,5,3,2,1993,3
2709,5,2,1,1975,3
1215,2,1,2,2014,2
2116,4,2,1,1954,4
1259,2,3,2,2003,2
1933,2,3,2,1995,2
1574,5,3,1,1974,1
2564,5,2,2,2007,3
2810,3,2,1,1979,5
2882,4,2,3,1979,4
1284,5,3,3,1991,2
1483,5,3,2,2010,2
2954,2,3,1,2015,4
1371,2,1,1,1981,2
1378,5,2,3,2012,2
2302,4,3,3,1959,3
2766,5,3,3,1967,5
1301,5,3,3,1985,1
1254,4,3,1,1985,1
2707,5,1,3,1976,4
1943,5,3,3,1954,3
1691,4,3,3,1986,3
2287,5,3,2,1999,4
2718,3,2,1,2016,2
1833,3,2,1,1979,3
1716,2,3,1,1970,3
1423,5,2,2,1991,2
2784,4,1,3,2015,5
1212,4,1,3,1965,2
2694,3,1,1,1955,3
1099,5,2,3,2012,2
2852,4,2,2,1987,3
2135,4,3,1,1968,3
1307,5,1,1,2018,1
1677,2,1,3,1999,3
1474,3,2,3,1986,3
2571,5,1,3,2015,4
1111,5,2,1,1951,2
2110,5,2,2,2009,4
1596,4,3,3,1985,1
2804,5,2,3,1968,2
1164,5,2,1,1999,1
1814,5,1,2,1995,2
1454,2,3,3,1984,1
1237,2,1,3,1955,2
1533,2,2,1,1977,2
2702,4,1,2,1977,4
1726,5,3,3,1952,2
1057,5,1,3,1999,2
1541,5,3,1,1986,3
2021,3,3,1,1982,2
1401,3,1,1,2009,2
2005,5,2,2,2000,1
1841,3,1,3,1965,2
2702,3,2,2,1964,3
2885,4,3,3,2021,5
2689,4,3,1,1961,3
1838,3,1,2,1969,2
1518,3,2,3,2016,1
1196,4,2,1,1959,2
1045,5,2,3,1959,2
1529,3,1,1,1952,1
2420,5,1,3,1968,5
2688,3,1,1,2011,5
1775,3,1,2,1956,2
2439,3,1,2,1953,3
2680,3,2,3,2020,4
2637,5,1,3,2004,4
1334,4,1,3,1975,3
1632,5,3,1,2015,2
1687,4,2,3,1973,2
1574,2,1,1,1993,3
2107,3,3,3,2018,2
2038,2,1,3,1983,3
2890,4,2,3,1981,5
2157,2,3,1,2004,4
1477,3,3,1,2007,1
1632,2,2,3,1964,2
1318,4,1,2,1968,3
2415,5,2,2,1963,5
1478,3,3,3,2015,4
2663,5,3,3,1994,4
1367,2,2,1,1956,1
1366,3,3,2,1997,2
2311,3,1,1,1963,3
2836,2,3,3,1975,4
1377,3,2,1,1988,1
2715,2,2,3,1966,4
1462,5,3,3,1963,2
2617,5,2,3,1953,5
1535,4,1,1,1992,3
2191,2,3,1,1982,3
1269,2,1,1,1968,1
2994,5,2,1,2020,4
2093,3,2,2,2018,4
2341,2,1,2,2004,3
1375,3,3,1,1954,2
2112,4,2,1,1998,2
2724,5,2,3,1989,5
1216,4,3,2,2005,3
1449,2,1,1,1980,1
1893,4,1,1,1999,3
2567,5,3,1,1986,4
2164,2,2,3,1986,3
2184,2,2,3,1974,3
1031,3,3,2,1974,1
2175,2,1,3,2012,3
2283,3,2,1,2008,5
2751,2,3,3,1959,5
2302,2,3,3,1987,5
1916,3,2,1,1967,3
1541,3,3,3,1974,4
2625,4,3,1,1984,4
1147,2,3,2,2020,1
1655,3,2,1,2001,2
1066,2,3,1,1973,1
2968,3,3,1,1986,4
2892,3,1,1,1968,5
1569,2,2,2,1984,1
2963,2,1,3,1995,4
2816,3,3,3,2002,4
2302,4,1,1,2003,2
1747,4,1,1,2000,2
1442,4,2,3,2006,3
1896,4,1,2,2005,2
2888,4,2,1,1956,4
1398,2,1,1,1998,2
2151,3,1,2,1975,4
2360,4,3,1,1984,4
1481,5,2,2,1977,3
2744,3,3,2,2002,4
1947,5,3,3,1978,3
1185,2,2,2,1968,2
1168,3,2,2,1978,1
2707,2,2,2,2016,3
2283,5,2,1,1958,3
2740,3,3,3,1997,3
2987,3,1,1,2004,5
2670,2,1,1,2020,5
2581,3,2,3,1993,5
1506,5,3,3,1997,2
1520,2,2,2,1974,1
2494,5,1,3,1987,4
1160,3,3,1,2002,1
2312,5,2,2,1970,5
1339,3,2,2,2003,1
2923,5,2,3,2001,5
2856,5,2,1,1958,4
2525,4,2,2,1950,3
2129,3,2,3,2019,4
2825,4,1,2,1979,5
2498,4,3,3,1968,4
2623,2,1,3,2013,4
2486,5,3,3,2008,5
2506,3,2,1,1972,2
1703,2,3,1,1997,2
2176,4,1,3,1977,3
1822,3,1,3,1981,5
2672,5,2,1,1971,3
1784,5,2,2,1966,3
2172,2,3,2,2004,4
2211,2,2,3,2004,4
2676,2,3,1,1992,4
1130,5,3,2,1989,2
2475,4,2,1,1973,3
1515,2,3,2,2017,2
2499,3,3,2,2007,3
2286,5,3,1,1975,4
2561,3,1,2,2003,5
2482,3,1,1,1963,3
1535,4,1,3,1971,3
2801,2,3,3,2006,5
1740,3,2,3,1953,2
1780,2,1,1,2012,2
2660,5,3,1,2001,2
2707,2,1,2,1996,4
2769,5,1,1,1999,4
2318,3,1,2,2002,5
2938,4,1,2,2004,5
2458,3,3,2,1990,3
2298,5,1,3,2005,3
1587,3,3,3,1972,1
2331,4,2,2,1985,5
1725,2,2,1,2013,4
1942,5,1,1,1971,2
1996,2,2,1,2006,2
1375,4,2,2,1954,1
2181,3,3,2,2003,3
2837,4,3,2,1989,5
1203,5,1,1,1988,2
1988,5,2,3,1978,1
1660,3,2,1,2003,4
1074,5,3,2,1993,2
2403,4,1,3,1993,3
1740,5,2,1,1968,2
1303,2,2,1,2021,1
2085,4,1,1,2004,3
1569,4,3,2,1980,5
1785,5,3,2,2017,4
2131,3,3,2,2010,3
2210,3,2,3,1991,3
1986,3,2,1,1953,2
1228,5,3,1,2000,2
2071,5,3,1,1979,4
2854,5,2,2,1975,4
1726,4,2,3,1981,3
1801,5,3,3,1989,2
1253,3,3,3,1979,2
1956,2,2,1,1954,4
1869,3,1,3,1951,2
2204,4,1,3,1980,4
2048,3,1,1,1979,4
2981,3,3,3,1975,4
2411,4,3,3,2003,4
1989,5,1,1,1963,1
1396,2,3,3,1980,3
1937,5,2,2,1957,2
1510,5,3,3,2005,2
1560,3,2,3,2012,2
1845,3,1,3,1977,3
1439,2,1,3,1972,2
2198,5,1,3,1972,4
2927,5,3,3,1988,3
1310,4,2,1,2002,2
2297,4,3,1,1971,4
1034,2,1,2,1983,2
1216,3,3,2,1955,1
1720,4,2,1,2008,3
2695,2,3,2,1953,5
2015,5,3,3,1961,4
1518,2,2,3,2019,1
1268,4,1,2,1974,1
2903,5,3,1,2021,5
2348,5,1,3,1965,4
2379,2,3,1,1988,5
1089,2,2,2,2009,3
2065,4,1,3,1980,2
2388,5,1,2,2001,3
2694,4,1,3,2016,5
2225,5,2,3,1991,4
2389,5,3,2,2011,3
2817,4,1,1,1955,3
1981,4,3,3,1972,3
2867,4,3,1,1990,4
1287,5,3,1,2010,2
2626,2,1,1,1955,4
1480,4,3,1,1999,2
1636,4,1,3,2017,1
1500,2,3,1,2006,2
2661,2,3,3,2006,5
1051,3,1,1,1984,1
2939,4,1,1,2012,4
2384,3,2,2,1966,4
2447,2,2,2,1987,2
1698,5,3,3,1991,4
2228,5,2,1,1991,4
2037,2,2,2,1974,3
2963,3,2,1,2008,5
2639,3,3,3,1978,4
2652,3,2,3,1955,5
1469,3,1,3,1963,2
2327,3,3,3,1997,4
1426,3,2,1,2019,1
2679,3,2,3,2005,4
1109,2,1,2,1957,2
2588,5,2,2,1977,4
2953,2,2,2,1976,4
1514,4,3,1,1994,4
1067,4,1,3,1965,3
2269,2,2,2,1963,2
1388,4,1,3,2012,3
2673,4,3,2,2009,5
1307,4,2,2,2006,1
2948,2,1,2,2009,4
2375,3,3,2,2000,3
2822,4,3,2,2014,5
2089,5,1,3,1995,4
1459,3,2,1,1971,3
1346,3,2,3,1973,3
1324,4,1,3,1999,1
1666,3,1,2,1955,2
2622,4,1,3,1950,4
2056,2,3,1,1986,4
1067,2,1,2,1950,2
1186,4,3,3,1974,2
1191,3,3,1,1999,1
2236,4,1,1,2006,4
2623,5,1,3,2015,4
1427,2,1,3,1990,2
2374,3,2,2,1955,3
2131,5,3,3,1993,5
2263,4,3,2,2017,4
1215,2,3,2,1987,2
1176,5,3,3,1965,1
2588,3,3,1,1991,4
2353,2,2,1,2007,4
1560,4,3,1,1996,2
1880,4,2,3,2014,2
1625,2,1,2,1969,4
2473,5,1,1,2010,5
1606,2,2,3,1991,3
2470,2,3,1,1976,3
2560,2,3,1,1996,5
2667,5,3,1,1952,5
1178,2,3,3,1981,1
1394,3,3,2,2020,2
2168,4,2,1,2003,3
1875,5,2,3,2013,3
1961,3,2,1,1967,2
1197,2,1,2,1990,1
1968,3,1,2,1954,1
2860,5,2,3,1995,5
2107,4,2,3,2002,4
1668,5,1,1,2000,2
2108,2,2,1,1997,3
2499,4,1,1,1952,3
2276,5,2,3,1964,4
2910,5,2,3,1961,5
1071,5,1,2,1983,2
1222,3,2,3,1952,1
1275,4,3,2,2021,2
2818,5,1,1,1992,5
2799,4,1,1,2008,5
2269,3,3,1,1951,4
2364,5,3,2,1968,4
1923,2,2,3,1972,3
1470,2,3,1,1966,1
1453,2,3,3,1985,2
2988,5,3,1,1975,4
1968,5,1,2,2018,4
1006,3,3,3,1977,1
1187,3,3,2,1974,1
1003,2,2,3,2008,1
2766,4,2,2,1992,4
2668,4,3,2,1963,4
1906,3,3,1,2008,1
2148,3,1,3,1964,3
2038,5,2,1,1968,4
1959,5,1,1,1997,2
1524,3,1,1,2005,2
1629,5,3,1,2001,1
2263,3,3,2,2010,3
1774,4,3,3,1979,2
1517,3,1,2,1961,2
2343,5,2,2,1972,4
2254,3,2,1,1971,3
2969,4,2,3,1975,5
2053,2,2,2,2020,2
1920,4,1,3,1985,2
2179,2,3,2,1968,3
2653,5,2,1,1961,4
1851,4,1,1,1990,2
1934,3,1,1,2013,2
1900,3,2,3,1952,4
2728,5,3,1,1995,5
1398,2,3,3,2013,1
2369,5,3,2,1981,5
2218,5,2,3,1954,4
1376,5,2,3,1986,2
2774,4,1,3,1956,4
2385,3,1,2,2011,4
2505,5,2,3,1952,5
2267,2,3,1,1974,5
2604,2,3,2,1986,3
1606,5,1,1,1992,1
2010,5,3,2,1993,3
1588,3,1,2,1957,3
2194,3,3,1,1980,2
2536,3,2,3,1993,3
2429,3,1,3,2009,4
2597,3,1,3,1974,3
2230,3,3,3,1954,3
2177,4,2,3,1975,3
2809,4,2,3,1954,3
1047,2,2,1,1963,1
2024,5,1,2,2014,3
2770,5,2,1,2013,2
2928,5,3,3,1980,5
2791,2,1,3,1972,3
2430,4,3,1,1979,3
2130,5,2,2,1974,4
1172,4,1,1,1952,2
1505,5,3,3,1963,2
2153,3,2,2,1974,2
1293,4,2,3,1988,2
1551,5,2,1,2006,2
2470,4,2,1,1973,5
1849,3,2,1,2002,2
2039,5,3,1,1966,3
2662,3,2,1,1994,3
1884,5,1,2,2011,3
2372,4,3,2,1960,4
2003,5,2,1,1963,3
2226,2,1,2,1961,3
1133,5,1,3,1956,3
1770,4,3,1,1982,3
2549,3,3,2,1994,5
1507,3,3,1,1997,2
2089,2,3,1,2002,3
1479,5,2,3,1998,2
1862,5,3,2,1967,5
1458,3,3,2,1986,3
2365,3,1,1,1953,4
2730,4,3,3,1984,5
1625,2,1,3,2006,3
1158,3,2,3,2002,3
1160,5,1,1,1965,1
2277,3,2,3,2016,3
1939,5,1,3,1955,3
2550,4,3,3,1963,4
2572,4,1,2,1993,4
1154,4,2,2,2008,2
1485,2,1,2,1962,2
1431,5,3,2,2005,1
2050,5,3,3,2012,3
2003,4,2,3,2012,4
2035,2,3,2,1960,3
1066,3,1,2,2010,2
1541,5,2,3,2016,3
1095,3,3,3,1978,1
1214,5,1,1,1953,2
1193,4,3,2,1989,2
2670,5,3,3,1965,5
2313,4,2,3,2012,2
2567,5,2,2,1974,4
1884,4,2,2,1984,2
1038,3,1,2,2001,1
1938,3,2,1,1962,3
1938,5,1,1,2010,3
1205,2,1,1,1952,2
2922,3,1,2,1970,5
1941,5,3,1,2018,3
1554,2,3,2,1954,2
1483,2,1,3,1952,1
2360,2,3,3,1996,4
2519,3,2,2,1997,4
1770,3,1,1,1994,4
1248,3,3,1,1986,3
2097,3,2,2,1953,2
1372,4,2,1,1984,1
2854,5,2,1,1951,4
1878,2,2,1,1996,5
2831,5,1,1,2010,5
2809,2,1,1,1955,3
1834,2,3,3,1990,4
1870,2,2,2,1966,5
1701,2,2,3,1959,3
1947,4,3,1,2012,3
1456,2,3,2,1994,2
1813,2,1,3,1961,4
1822,3,1,2,1998,3
1941,2,1,3,1951,3
2866,5,1,3,1966,5
1443,4,1,1,2008,3
1352,5,1,1,1956,1
1995,3,3,1,1969,4
1793,4,1,3,2009,3
1410,3,1,2,2010,1
1677,3,3,3,2010,1
2813,5,3,3,1965,5
2561,2,2,2,1966,4
1452,4,2,3,1970,1
1418,4,3,2,1992,2
1449,2,1,1,1950,3
1994,5,3,2,1960,3
2608,3,1,1,1980,3
2138,5,1,3,2014,2
1050,3,1,3,1991,1
2392,4,3,1,1981,5
2937,2,1,1,1956,4
2706,2,3,3,1982,4
2803,4,1,1,1962,3
2538,3,1,2,1956,5
1209,5,3,1,1989,1
1887,3,3,2,2018,2
1997,2,1,2,1956,4
1992,5,2,3,1966,5
1849,3,2,1,1951,2
2918,5,2,1,2000,2
2877,4,3,2,2016,4
1626,5,1,1,2003,1
1678,2,1,2,1987,2
2458,4,3,2,1978,4
1776,4,2,3,2017,2
2250,3,3,3,1981,4
1662,5,1,1,2000,3
1267,2,3,3,1965,3
1115,5,2,2,1971,1
2623,3,3,1,2004,5
2853,5,1,1,2006,5
1753,2,1,2,1984,3
2383,3,1,3,2021,2
2352,5,2,1,1991,5
2868,2,1,1,2001,3
2063,2,1,1,2002,3
1181,3,3,3,2019,1
2513,3,3,1,1964,5
2232,4,2,2,1970,3
1902,4,2,3,1962,2
2296,2,3,2,2019,4
2142,3,1,1,2016,5
2405,3,3,3,1997,4
1945,5,3,1,1954,2
2559,5,1,2,1990,3
2506,5,3,3,2021,4
1508,4,1,1,1992,2
1091,5,1,2,1965,2
2184,3,2,3,1961,3
1116,2,3,3,1968,1
1457,2,2,1,1992,1
1564,4,1,2,1972,2
1813,2,1,1,1965,2
1044,4,2,3,1977,1
2800,4,1,3,1961,4
1773,2,1,1,1970,1
2398,5,3,3,1993,3
2873,4,3,1,1962,4
2972,5,2,3,1967,4
1394,4,3,1,2004,1
1713,5,3,3,1972,3
2059,2,1,3,1968,4
2497,3,3,2,2000,5
1222,5,2,3,1978,2
1863,4,3,2,1986,3
2812,5,3,2,2001,5
1529,3,1,1,1951,2
2211,5,2,2,1954,5
2425,4,3,3,1978,4
1653,5,3,3,1992,1
2159,4,1,3,1990,4
2985,5,2,1,2004,4
2842,5,2,1,1981,5
1590,4,2,3,1987,3
1443,4,3,3,2009,3
1417,5,2,2,1992,2
2315,2,2,2,1960,3
2010,2,1,3,1966,2
1340,4,2,2,2018,2
1809,5,3,3,2011,1
2280,3,3,2,1986,4
1991,4,2,3,1987,4
2747,4,1,1,1994,4
2589,3,3,3,2004,5
2710,4,3,3,1977,3
1099,4,3,1,1974,2
1038,4,1,3,1959,1
2949,3,2,1,2015,5
1149,4,3,3,1968,3
2656,2,3,3,1996,3
1689,5,3,1,1967,3
1812,5,3,2,2011,5
2353,2,3,2,2010,3
2143,2,2,1,2013,3
2607,2,3,1,1957,3
1218,3,3,3,1992,2
1905,4,3,1,1966,4
2146,4,1,2,1996,2
1243,4,3,3,1998,2
1885,3,2,3,1999,2
1586,5,2,2,1980,1
1517,4,1,2,1975,3
2044,2,1,3,2007,2
1189,2,2,1,1961,3
2248,3,3,1,1991,4
1914,2,2,2,1991,2
1614,2,1,3,1996,2
1855,3,2,1,1953,3
1465,3,3,3,2017,3
1829,5,1,3,1989,3
2386,5,2,2,1999,5
1996,3,2,2,1958,3
2106,5,3,1,1982,5
2716,5,2,2,2001,3
2687,5,3,2,1994,4
2725,5,2,1,1951,5
2953,2,1,2,1953,5
2045,2,2,1,2006,3
1579,3,2,3,2010,1
1184,5,1,3,1960,3
1521,4,2,2,1970,2
2601,4,3,1,2003,4
2248,2,3,1,1991,5
2061,3,2,3,1963,5
2002,5,2,2,1951,3
1122,4,1,1,2010,2
2853,5,1,1,1964,5
2179,4,3,2,1960,3
2929,2,1,1,2006,5
1300,5,3,1,2016,3
1832,3,1,3,1956,1
2090,5,3,3,1950,2
2928,5,1,1,2000,4
1644,4,3,1,1990,3
1873,3,3,1,2009,1
1393,2,2,3,1968,1
2675,5,3,3,2011,5
2617,5,2,3,1979,4
2593,4,2,2,1965,5
1660,2,1,2,1967,3
2428,4,2,1,1980,2
2472,3,3,1,1984,3
2154,2,1,3,1977,3
1068,3,3,1,1961,3
2368,4,2,2,1973,4
1761,2,2,2,1990,2
1176,3,2,3,2011,2
1583,4,3,1,2015,2
2552,2,3,2,2001,5
2864,3,1,1,1976,5
2183,5,1,2,2006,3
1581,2,3,3,1973,4
2648,2,3,3,2017,4
2767,5,2,3,2013,5
2556,2,2,3,1969,5
2158,2,1,3,1958,3
2798,5,1,1,2012,5
1110,4,1,2,1974,1
1998,3,3,3,2010,2
1757,5,1,3,1991,3
1282,2,3,2,1952,1
2543,3,3,1,2006,3
2992,3,1,2,2010,5
2819,3,3,1,1958,4
1193,2,1,1,1992,3
1966,2,1,3,1972,2
2070,3,1,1,1966,3
1977,3,1,1,1962,3
1341,4,2,2,1969,1
2265,4,2,3,1999,3
1521,3,2,1,1967,2
2393,2,1,2,2003,3
1800,5,2,2,1965,1
1902,4,1,2,1962,2
1130,2,2,2,2011,2
2293,4,3,3,2010,3
2963,2,1,2,1989,4
1813,3,2,1,2003,3
1060,4,2,3,2017,2
1163,5,1,2,2018,4
2548,3,3,3,2003,4
1271,4,2,3,2007,3
2743,3,1,2,1968,5
2781,5,2,3,1978,3
1132,4,3,2,1983,3
2267,4,1,2,1954,3
2829,4,2,1,1963,3
1997,2,2,3,2006,4
2894,3,2,3,1973,5
2591,3,3,2,1988,5
2342,4,1,2,1962,3
2533,5,2,1,2012,3
2399,5,2,2,1955,5
2583,5,3,2,1989,5
1616,2,3,3,1992,4
1473,2,3,3,2021,3
1058,2,1,2,2002,1
1588,2,3,1,1959,2
2963,3,2,1,1972,5
1498,4,1,1,1975,1
2241,4,1,1,2014,3
2918,4,1,3,1996,4
1566,3,2,3,1983,1
1566,5,3,1,1953,2
2152,5,1,1,1979,4
1903,2,1,2,1952,1
1382,2,2,3,2001,2
2411,3,2,2,2013,4
1084,3,3,1,1975,1
2533,5,3,1,1963,5
2749,4,3,2,1951,3
1626,4,2,2,2007,2
2460,3,1,2,1994,4
1825,3,1,1,1999,3
1292,3,2,3,1953,2
2072,2,3,1,1958,3
2090,4,1,2,1959,4
1786,3,1,1,1957,3
1128,3,2,2,2008,2
1028,2,3,1,1968,2
2366,3,1,3,1971,4
2568,4,3,3,1974,3
2142,2,2,2,2002,5
1691,3,2,3,1974,2
2960,4,3,1,1964,4
2686,4,1,2,2017,5
1132,2,1,3,1976,1
2350,4,1,2,1954,4
2208,2,3,2,1969,2
2529,4,3,1,1974,4
1645,3,1,1,2017,2
1688,2,2,2,1976,3
1533,4,2,2,1987,2
2264,2,1,2,1958,4
2612,4,3,2,2012,3
2739,2,1,3,1995,5
1515,3,2,1,2020,3
2863,2,2,1,1969,5
1959,2,2,2,1978,3
1164,3,1,3,1969,3
1926,4,1,2,2005,2
1932,5,2,1,1965,4
1556,2,2,3,1995,1
2241,3,2,2,1992,4
2770,3,3,1,1981,5
2671,2,1,3,2017,2
1992,5,2,1,1982,2
2772,3,2,3,1983,4
2628,2,3,3,1955,5
2028,4,3,2,2016,3
2691,4,3,3,1999,5
1756,4,2,3,1972,3
2895,4,1,1,1968,4
2104,3,1,1,2014,4
2270,3,3,1,1995,3
1854,5,3,3,1973,3
1492,3,3,3,1993,2
1648,2,2,2,2007,3
2409,5,3,1,1985,5
2598,3,2,2,1950,4
1991,3,1,1,1988,3
2330,2,2,1,1976,2
1627,2,3,2,1986,5
1624,2,2,1,1987,2
1542,4,2,1,2000,2
2949,3,2,3,2010,4
1953,3,2,1,2016,4
1514,5,2,3,1950,2
2842,5,1,1,2000,5
1754,5,1,1,1975,1
2591,5,1,3,1979,5
1072,5,3,2,1966,1
1009,2,1,3,1962,1
2596,5,3,3,2003,4
1561,3,1,3,1975,3
1121,4,2,3,1995,2
1686,3,2,2,1956,3
1989,2,1,2,2010,4
1440,4,3,1,1973,3
2061,3,3,3,1951,3
1701,2,3,1,1962,2
1590,4,2,1,1979,3
2368,4,1,2,2008,3
2989,2,3,1,1984,5
2361,5,1,3,1998,4
2725,2,1,3,2012,4
2207,5,2,1,2001,2
1066,2,2,1,1956,1
1016,2,3,3,1954,3
2406,2,1,1,2003,3
1367,3,3,3,1996,2
1903,2,1,1,1986,3
2339,2,1,3,1996,2
2520,4,1,1,1979,4
2831,4,2,2,1965,4
1720,4,2,2,2017,3
2368,2,1,1,1987,2
1957,5,3,3,1955,3
1907,3,2,3,1965,3
1988,3,1,3,2013,3
1472,3,2,1,2008,3
1114,3,3,1,1956,3
1099,2,3,2,1973,2
2908,4,2,1,1978,5
1437,2,1,2,2006,2
2368,2,2,1,1959,4
1348,2,2,1,1983,1
1138,2,2,1,2007,1
1827,5,1,2,2019,3
1323,4,1,2,1979,2
1845,4,3,1,1973,2
2325,3,1,1,2019,3
1293,2,1,3,1964,3
2552,4,2,2,1989,5
2857,4,3,1,1964,4
1967,3,3,2,1971,2
2315,4,2,1,1968,4
1073,4,3,3,1999,1
2798,5,2,1,1951,4
1483,2,2,1,1973,2
1015,2,1,3,2007,1
2549,4,1,1,1968,2
2359,4,1,2,2018,4
1792,5,3,1,1962,3
2896,3,1,2,1957,4
1515,5,3,3,1968,3
1924,5,1,2,2018,3
2150,3,1,1,1970,3
1823,4,3,3,2016,2
1510,5,2,2,1955,2
1422,2,3,2,1952,1
1384,5,3,3,1964,4
1231,2,1,1,2012,1
1958,2,3,3,1970,3
1824,3,1,1,2021,2
2218,3,2,2,2003,4
1832,3,2,2,1982,2
1614,5,3,2,1986,1
2300,4,2,3,1984,3
2693,5,1,1,2009,4
2247,3,1,2,2000,4
1800,5,3,2,1960,4
2967,4,3,3,1967,5
1277,4,2,2,2008,2
1365,3,1,1,2005,2
1515,3,2,1,1981,2
2238,3,3,3,2015,4
1438,4,2,1,1982,4
1427,3,2,2,2003,1
1728,2,2,1,1987,2
1395,5,2,3,1979,2
2232,5,3,1,1956,5
2524,2,2,1,1975,3
2486,3,1,1,1998,4
1585,5,3,3,1970,4
2250,4,2,1,2002,3
1374,5,2,1,1963,3
1947,5,2,1,2015,3
1092,3,1,2,1968,1
2483,2,1,1,1973,4
2600,5,2,1,2000,4
1320,4,3,3,1974,2
2033,5,3,2,1951,2
1913,3,2,2,1983,2
2326,3,2,1,2005,5
2345,4,3,2,1994,4
2840,5,2,3,1997,4
2479,5,2,1,1983,4
2301,4,1,1,1999,5
2621,2,3,2,1994,5
2753,2,3,3,1961,4
2416,2,1,1,1958,3
1916,5,3,1,1959,4
1094,4,3,2,1970,1
2779,3,1,1,2011,4
1958,2,2,1,1986,2
2130,2,3,1,1966,2
2549,5,1,2,1978,5
2696,4,2,3,1953,4
1070,3,2,1,1998,1
1663,3,3,2,1985,2
1968,5,3,3,1960,5
1586,2,3,2,1961,3
2399,5,2,3,1953,4
1726,5,3,3,2010,2
1367,4,3,3,1964,3
1050,5,3,1,1960,1
2921,3,1,2,1983,4
2166,5,2,2,1952,3
2442,3,1,2,1988,4
2571,2,1,3,1981,4
2523,3,1,3,1970,2
2909,3,3,2,1984,5
1987,5,1,2,1964,3
2190,3,2,3,1970,3
2771,3,1,2,1951,5
1259,2,1,2,1968,1
2215,3,2,3,1965,2
2225,3,3,3,1987,3
2797,5,1,3,1996,5
2208,4,2,1,1984,2
1098,3,2,2,1963,1
1240,4,1,1,2000,1
2514,5,1,2,1972,5
1633,2,1,3,1953,2
2532,3,3,1,1984,5
2652,5,2,2,1974,4
2119,5,3,3,1984,4
1745,4,2,2,1983,3
1489,2,1,3,1952,2
1578,3,2,2,1958,4
2241,4,2,3,1974,3
1526,5,1,2,1956,2
1272,5,1,2,1956,2
2242,2,3,2,1967,3
1785,4,3,1,2011,3
2682,3,1,1,1958,3
2355,5,2,1,1999,3
2879,4,1,1,1955,4
1452,5,3,3,1969,1
2175,5,1,1,1967,3
1346,3,3,2,1978,2
1815,3,1,3,1950,2
1413,4,1,1,1987,2
2550,5,2,2,1992,3
1430,4,3,1,1975,2
1378,5,1,1,1958,3
1997,4,2,2,1953,3
1894,4,2,3,1984,1
1427,5,3,1,1982,2
2889,2,2,3,1966,5
2946,3,3,3,2015,4
2107,5,3,3,2010,4
1191,4,3,3,1993,3
2887,4,2,3,2004,5
2859,2,3,3,1996,4
2796,5,2,2,1972,5
2332,3,2,3,2018,4
2401,4,3,3,1967,3
1135,2,3,1,2016,2
2813,2,2,3,1971,3
1105,3,3,2,1969,2
1518,4,3,2,1950,3
2941,5,1,2,1982,4
1813,5,3,3,1965,2
2565,4,1,2,1952,5
2380,3,2,3,1960,4
1399,3,1,1,1952,3
1078,2,1,3,1997,1
1388,2,1,3,1995,2
2602,3,1,1,1986,2
2558,4,1,3,1969,3
2724,5,1,1,1960,4
2028,3,2,1,1950,2
2942,2,1,3,1955,5
2486,2,1,2,1992,2
1081,3,2,3,1985,1
2560,4,2,3,2020,3
1775,5,1,1,1995,3
1990,4,1,2,1951,1
2428,2,3,2,2020,4
2537,4,1,1,1989,4
1277,4,3,2,1987,3
1839,5,3,3,2002,4
2878,3,2,3,1954,4
1223,3,3,2,2005,1
2607,3,1,2,2016,4
2091,4,3,1,1958,1
2343,4,2,1,2018,3
1605,5,3,3,2012,3
1639,5,3,3,1963,2
2366,5,3,1,1976,4
2617,4,3,1,1958,4
2789,3,3,2,1976,5
2972,2,3,1,1958,5
2756,2,2,3,1995,3
2366,4,1,3,2012,4
1096,4,2,1,1982,3
2075,4,3,3,2010,5
1174,4,3,2,1990,3
2361,2,2,3,1993,5
2963,5,2,3,1969,4
2376,2,3,1,2018,3
2414,3,3,2,1962,4
2138,4,1,2,1963,3
1347,5,3,1,1976,1
1062,3,1,3,1998,2
2766,3,1,2,1954,4
1225,3,2,3,1969,1
1422,5,2,2,1966,3
2042,5,1,2,1981,3
1844,4,1,3,2019,2
1632,4,3,2,1987,2
1023,3,2,2,1985,1
1836,4,1,3,1979,4
1982,2,1,1,1964,3
2234,3,1,2,1968,3
2984,4,1,1,1968,5
2278,3,2,3,1953,5
2594,5,1,3,1959,4
1113,2,2,1,1956,2
1503,3,1,1,1951,3
2695,4,1,1,1961,5
1954,5,1,3,1978,4
2243,4,3,3,2000,4
1356,3,2,3,2008,2
2547,4,1,3,1986,2
1968,5,3,2,1989,4
1241,3,3,3,2016,2
2398,2,3,2,2003,3
1138,5,3,2,1996,2
1096,3,3,1,1958,1
2205,5,1,2,1972,3
2080,2,2,2,2000,3
2065,3,3,3,1964,3
1865,5,1,3,1961,3
2734,3,2,3,1986,4
1542,3,3,3,2002,1
1691,5,2,1,1962,2
2025,4,2,1,1954,2
2311,4,1,2,1999,2
2161,4,3,3,2006,3
2640,4,3,1,2019,3
2535,4,2,1,1998,4
1903,5,1,1,1995,4
1729,4,3,2,1983,4
2245,3,1,1,1970,3
1330,5,2,2,1987,2
1616,2,3,3,1952,2
1403,4,1,2,2009,1
1507,5,1,1,2015,2
2939,4,2,3,1957,4
2150,3,1,2,1997,3
2288,4,1,1,1976,4
2735,5,1,2,1953,4
2787,3,3,2,1987,5
2038,4,3,3,2007,2
1983,4,2,2,2014,3
1864,4,3,3,1970,2
2128,3,1,1,1958,4
1744,4,3,3,1992,2
1492,5,2,2,1995,2
1318,5,2,3,1978,1
2242,3,3,2,2011,3
2300,5,2,1,2015,4
2916,4,2,1,2017,4
2954,3,2,1,2009,5
2364,5,2,1,1989,3
1451,2,1,3,1952,2
2392,2,3,1,1952,1
1943,3,2,3,2011,3
1847,3,2,1,2009,2
2016,5,2,3,1959,3
2497,4,3,2,1992,3
2213,2,3,2,1957,5
1883,2,3,1,2011,3
1418,3,2,2,2003,2
2733,2,2,1,1958,5
1864,3,3,3,1956,4
1788,4,1,2,1951,3
2871,3,1,3,1959,4
1494,4,3,2,1970,4
2062,5,2,2,1994,3
1161,3,2,1,1989,1
1120,5,1,2,1999,1
1398,2,3,3,1958,1
2285,5,2,3,1992,4
1727,3,3,3,1997,4
2847,5,1,1,1992,5
1560,5,3,2,2002,3
1603,5,2,3,1996,3
2152,3,3,1,1972,2
2856,5,3,1,1994,5
1539,5,1,2,1996,3
1355,4,1,3,1978,2
1659,5,2,2,2011,5
1431,5,3,3,1990,2
2088,3,3,2,1978,3
2241,2,3,1,2008,3
1562,3,1,2,2004,2
2450,3,3,2,1950,5
1816,3,1,1,2011,2
2944,3,3,3,1973,4
2097,5,2,3,1959,3
2483,2,2,2,1993,3
2448,3,3,2,1975,4
1710,5,1,1,1983,2
2215,3,1,2,1953,3
2212,2,1,2,1962,2
1011,4,3,3,1954,1
1238,4,2,2,1997,1
2616,5,2,2,1997,5
1452,5,1,1,1984,2
1382,2,3,2,2014,2
1781,4,3,2,1975,2
2825,3,1,1,1978,5
1316,3,1,1,2010,2
2570,2,1,1,1974,4
2142,2,2,2,2002,3
1576,4,1,1,1994,1
1314,2,1,2,1989,1
1753,4,3,2,1969,3
2059,5,2,1,2001,2
2486,3,3,3,2015,5
2787,3,3,2,1974,5
1914,3,1,3,2012,3
1754,2,1,1,1976,3
1553,3,1,1,1972,2
2604,2,3,1,1995,3
1402,4,2,2,1996,1
2130,2,2,3,1987,3
1580,2,3,1,1997,2
1179,2,2,3,1983,2
1011,4,1,3,2006,2
2362,2,2,1,2010,5
1942,3,3,1,1959,3
2739,2,1,1,2008,3
1547,5,1,2,1987,2
2149,2,2,3,2000,3
1062,5,1,3,1998,2
1843,3,3,3,2002,2
2105,5,2,2,2020,4
2008,5,3,2,2017,4
2322,5,3,2,2002,3
1751,2,3,3,1951,3
2632,4,3,2,2003,4
1048,5,1,1,1984,1
1657,3,1,1,1997,3
2660,3,3,1,1978,4
1700,2,1,3,2010,2
2080,4,2,1,2001,4
1108,5,2,1,1961,2
2540,3,2,2,1990,5
1984,3,1,1,2016,3
1023,2,1,1,2004,1
1220,5,2,3,2011,2
2983,3,3,3,1977,4
1314,5,3,2,1989,2
1293,4,3,1,2001,1
2952,5,3,1,1969,4
2033,5,1,1,2001,3
2700,2,1,2,1968,4
2019,2,2,2,1997,2
2504,4,2,2,1998,4
2750,4,3,3,1989,2
2017,5,2,3,1958,4
1637,3,1,2,1961,1
1266,5,3,3,2018,2
1087,2,3,2,1987,1
1454,2,2,3,1995,1
2649,4,3,3,1984,5
2556,5,1,2,1977,4
2171,3,3,2,2011,4
1756,2,2,2,2000,3
2752,3,3,2,2011,5
1430,4,3,1,2005,2
2775,5,2,3,1962,5
2966,3,1,1,1990,5
1910,5,1,2,1986,3
2963,2,3,3,1998,5
2767,4,3,2,1973,4
2767,2,3,3,2004,5
1241,2,2,3,2020,1
1901,4,3,1,1985,4
1740,5,2,2,1961,2
1065,3,2,1,2007,1
1971,4,1,2,1956,2
1387,2,3,1,1983,2
2814,2,1,1,1950,2
1780,5,2,1,1974,4
1208,5,1,3,1970,2
2438,5,2,3,1976,5
1015,4,2,2,1978,2
2320,4,1,2,1953,5
1985,4,2,2,1958,3
2243,4,3,3,1995,4
1366,2,1,1,1996,2
1779,5,1,3,2011,1
2252,5,2,1,1992,4
2654,3,3,1,2005,3
1689,2,2,3,2005,2
2555,3,2,2,1956,5
2473,4,2,1,2002,3
2059,2,3,3,1985,2
1846,4,2,2,1963,4
1421,3,3,3,1966,2
2941,5,2,3,2019,4
2643,5,3,2,1992,4
2212,5,2,1,1974,4
2201,5,1,1,1998,2
1607,2,2,1,1974,1
2338,4,2,2,1983,4
1675,5,1,3,1962,4
1608,3,3,2,1986,2
1142,2,1,2,1993,1
1061,3,1,1,1986,2
2265,4,1,3,1958,4
2154,2,1,2,1993,2
2628,2,1,3,1977,2
2626,2,2,3,1992,5
2668,3,2,3,1992,5
2146,3,1,3,2009,3
2463,3,3,3,2013,4
1926,3,3,1,2021,4
1341,4,3,3,2018,2
2442,5,2,2,2018,5
2653,5,2,1,1983,5
1454,3,2,3,2010,2
2221,3,2,2,1975,4
1281,3,1,1,2012,1
1885,4,1,1,1993,1
2024,4,3,1,1962,2
1722,2,3,3,1970,3
2798,5,1,2,1986,4
2955,3,3,3,1996,5
2355,2,2,3,1950,4
2235,5,3,2,1998,2
1086,2,2,3,2013,2
1664,4,3,3,2014,3
1861,4,2,2,2002,3
2722,2,3,1,1952,4
1060,2,2,1,1972,1
1796,5,1,1,1990,3
1785,5,2,3,2001,2
2576,5,1,2,1960,5
2170,4,3,3,2015,3
2269,4,1,2,2021,4
2667,2,2,1,2010,4
1960,4,1,2,1982,3
1296,5,3,1,1991,2
2146,2,2,1,1982,3
2678,2,1,3,2020,5
1693,4,1,3,2004,4
2727,3,1,1,1991,1
2479,4,3,1,1993,4
1398,2,1,2,1985,2
2742,2,3,2,2005,3
1945,3,2,3,1955,1
2254,5,3,1,1951,2
1533,2,1,3,1998,5
2615,5,1,3,1954,3
1129,4,1,1,1991,1
1291,3,3,1,1992,3
1275,5,1,1,2002,2
1911,2,3,1,2017,3
2858,2,2,1,1968,5
2399,3,2,2,2000,5
1925,4,2,3,1999,3
1738,5,1,2,2021,3
2049,4,1,2,2020,3
2464,5,3,3,1972,4
1764,3,1,3,2006,4
2220,3,2,2,1972,5
2266,5,2,3,1975,2
1723,3,1,2,1969,3
2213,5,2,3,1968,2
1801,2,1,2,2002,2
1737,5,1,3,1983,3
1757,2,3,3,1993,2
2591,2,3,1,1959,5
2299,4,1,1,2010,4
2841,4,2,1,2008,5
2432,4,1,3,1988,4
1339,2,3,2,1974,2
1152,4,3,3,1998,2
2588,4,1,2,2016,5
2421,5,3,1,1987,4
2467,3,3,1,1998,3
2646,2,1,2,1955,3
2003,3,3,2,1954,4
1426,2,1,3,1950,1
2002,2,2,1,1966,2
2981,4,1,1,1954,4
2510,5,2,2,1983,4
1203,3,1,2,1958,1
2135,3,1,1,2011,3
1324,4,1,3,1977,1
2982,3,1,3,1966,5
2281,3,1,3,1976,3
1949,2,2,2,2011,3
2551,5,3,2,1962,5
1950,5,1,1,2002,5
2373,3,2,1,2017,2
1938,3,2,2,1986,3
1956,2,1,3,1961,1
2701,4,1,1,1995,3
2836,2,1,2,1980,4
1893,4,2,3,2010,2
1434,4,1,2,2008,1
2449,2,1,2,1953,3
2303,5,3,3,2020,3
1370,2,2,1,1998,3
2693,4,1,3,1993,4
1932,5,2,2,2019,3
1248,5,1,3,1970,2
1890,2,1,3,2015,1
1180,5,2,2,2009,2
1702,5,2,1,1981,4
1998,2,2,2,2017,4
2674,3,2,2,2003,4
1077,5,3,3,1952,2
1918,2,2,2,1993,2
1884,2,1,3,1990,2
1335,3,1,3,1964,1
1049,5,2,2,1992,2
1084,4,2,1,1956,2
2718,4,2,1,1953,5
1694,5,2,3,1965,2
1003,5,2,3,2012,3
1992,2,1,3,2008,2
1316,4,2,2,1956,3
2134,5,2,2,1971,3
2357,2,2,1,2015,4
2874,4,2,1,2002,5
1762,4,3,2,1974,2
2156,3,3,3,1980,3
1611,5,1,1,1997,3
2004,3,2,2,1982,3
1913,2,2,1,1973,1
2707,2,1,2,1952,2
1798,4,1,3,1956,2
1118,2,2,3,1968,1
1349,3,3,1,1981,1
1916,5,1,1,2020,2
1686,4,2,1,1998,3
2078,2,2,1,1971,4
1360,4,1,1,1978,2
1707,4,1,2,2012,4
2476,5,1,2,1992,4
2576,4,2,3,1995,4
1684,5,1,3,1973,2
1329,3,2,2,1958,3
1218,4,3,3,1973,2
1207,3,3,1,1994,1
2693,5,3,1,1982,4
1844,4,1,3,1951,4
2763,2,2,1,1958,5
1684,4,3,1,2017,4
1871,2,3,2,2014,4
2022,3,2,3,2020,3
2708,5,1,2,1995,5
2358,5,2,1,1972,4
2235,4,3,2,2020,5
1595,3,2,2,1968,1
1684,5,2,1,2000,3
2206,4,3,2,1975,3
2156,5,3,1,2013,2
2013,2,3,3,1985,3
2013,3,2,3,1983,3
2915,5,2,1,1956,4
2823,3,3,1,1995,5
2797,2,2,3,2004,3
1349,5,3,1,2005,2
1281,2,2,2,1987,2
1292,4,1,2,2019,2
2292,4,2,2,2017,3
2220,5,1,3,1986,5
2560,3,1,3,1996,5
2676,5,3,3,2011,2
1983,4,3,2,1956,3
1019,3,2,3,1987,2
1758,4,1,1,1983,4
2863,5,2,1,2013,5
2979,2,2,2,1960,5
2736,2,2,1,1988,4
1404,2,1,1,2004,2
2138,2,2,2,2018,3
2918,3,2,1,1973,5
1700,2,3,2,1989,2
1979,2,1,1,1978,1
2998,5,3,2,1997,4
1565,2,3,3,1976,1
1394,4,3,3,1998,1
2956,3,3,3,2005,3
2000,3,2,1,1955,4
2404,4,2,1,1962,2
1522,5,2,2,1998,3
2562,4,3,1,1984,5
1861,3,1,3,1986,1
2106,3,1,3,1987,3
1801,4,3,1,1986,4
1549,2,3,1,1990,3
2468,3,2,3,1976,4
1086,4,3,1,1992,2
2972,2,2,3,1971,4
1832,2,2,3,1963,1
1386,5,3,2,2001,2
1962,4,1,3,1976,1
1667,3,1,2,2006,2
2421,5,3,1,2005,4
2843,3,2,2,1989,4
1285,2,2,1,1979,2
1697,4,1,1,1978,2
2717,2,2,2,1966,3
1964,2,1,1,1958,3
1368,2,3,1,1989,3
1654,4,3,3,1989,3
2445,5,2,3,1955,5
2741,3,3,3,1970,5
1653,2,3,1,1999,3
1696,3,2,2,1954,3
2466,3,2,2,1990,4
2776,5,1,1,1983,4
2543,4,3,2,2014,5
2023,3,3,1,1956,4
2607,5,2,3,1990,4
1914,3,3,1,2004,3
1287,2,1,2,1976,2
1094,5,1,2,2009,1
1668,4,2,3,1972,4
1040,4,3,2,1981,2
1330,2,1,1,1994,2
2836,2,3,2,1980,4
2804,3,2,3,2006,5
2178,5,2,1,1999,3
1503,5,3,1,1954,4
1274,5,1,1,1995,3
2689,5,2,3,1963,4
2588,3,3,2,1967,4
1178,5,3,2,1990,3
2775,4,2,1,1955,4
1136,4,3,3,1979,1
1766,3,2,2,2009,3
1987,2,2,3,2004,3
2205,3,3,2,1994,4
2282,4,1,1,1968,5
1242,4,1,3,1961,1
2119,3,2,1,1970,4
1196,5,3,1,1956,2
1525,2,3,2,2011,2
1631,2,3,3,1997,3
2410,5,2,1,1999,3
2292,3,3,2,1990,2
2194,5,2,3,1952,4
2948,3,1,1,1957,5
2607,4,1,2,1965,2
1690,3,3,3,1966,3
1158,3,1,2,1954,1
2532,4,3,1,2004,2
1446,2,2,2,1979,2
2689,5,3,2,2000,4
2937,2,2,2,1986,5
2017,4,3,1,1960,3
2105,5,3,2,1987,5
2080,2,2,1,1988,4
2542,2,3,2,1975,4
1111,4,2,3,2009,2
1047,3,1,1,1986,2
2615,3,1,2,1964,5
2910,4,3,1,1991,4
1375,2,2,1,1968,1
1827,3,1,3,2013,3
1626,4,2,3,1965,3
2919,4,2,3,1989,3
2026,3,1,1,1977,2
2509,4,1,3,1984,4
2539,2,3,1,1981,4
2795,5,3,1,1972,5
1041,4,1,2,1973,1
1008,4,1,2,2003,2
1999,4,2,2,2009,3
1818,5,2,3,1977,4
1656,2,1,1,1973,3
2632,3,2,3,1963,5
2811,4,2,1,1982,5
2165,5,3,1,1998,2
1789,5,1,1,2006,2
2459,3,1,3,1959,5
2050,5,1,1,1978,2
2066,5,1,3,1970,3
2154,5,3,2,2008,4
2239,2,1,3,1978,3
2543,4,2,3,1987,2
1597,3,2,2,1958,3
2368,4,3,1,1983,4
2531,4,3,1,1995,4
2673,3,2,2,1988,5
2904,2,1,3,1983,3
2436,2,1,2,1962,5
1935,5,1,1,1956,2
2269,2,1,2,2016,3
2472,2,2,1,1993,4
2011,5,1,1,1973,3
1020,2,3,2,1954,2
1998,2,1,2,1999,3
2431,5,1,2,1958,4
1456,4,2,3,2010,2
2467,4,1,1,1989,4
2013,3,2,1,1978,3
2945,2,2,1,1992,5
1264,5,1,2,2007,1
2683,5,2,1,1979,4
1183,2,3,2,1990,2
1226,2,2,2,1957,1
2827,5,2,3,1964,3
2571,5,1,1,2002,5
2269,5,1,3,1971,2
2096,3,2,2,2014,4
2173,4,3,1,2014,5
2536,5,3,1,2010,5
2092,4,2,1,1981,5
1968,2,2,1,2004,2
1804,4,2,2,1982,1
2253,4,2,1,1956,4
1722,4,1,1,1960,3
2095,2,2,1,1956,3
2001,4,2,3,1963,5
2631,3,2,3,1957,2
2420,2,2,3,2000,4
1083,4,2,1,1950,3
1739,2,2,2,1978,4
2322,5,2,2,2004,3
2771,4,3,1,1995,4
2316,2,1,2,1955,3
2757,4,1,1,1985,5
2993,4,3,1,1996,5
1222,5,2,1,1994,3
1792,3,3,2,1995,3
1732,2,2,2,1973,3
2239,4,1,1,1988,3
2254,5,1,1,1981,4
1404,5,1,2,1988,2
2192,3,2,1,1971,3
1328,3,2,3,2000,1
1425,5,3,3,1958,2
1769,2,2,3,1967,2
2219,2,1,2,1982,3
2927,5,2,3,1980,5
1607,5,3,2,1985,4
2852,3,3,3,1951,3
1525,2,1,2,2015,3
1624,5,2,3,1962,2
1076,2,1,1,1971,2
2300,2,1,2,1972,2
1919,5,3,1,1982,4
1945,5,1,2,1950,4
1465,4,1,2,1985,4
2964,2,3,2,1988,4
2471,2,1,1,2010,4
2343,3,1,2,1984,4
2945,3,2,2,1962,5
2183,3,2,2,2012,3
1491,2,2,3,1992,4
1312,5,2,1,2016,1
2654,5,3,2,1960,3
2972,5,3,1,1978,5
2184,2,2,1,2002,3
1307,5,1,3,1990,1
2886,3,1,1,1987,3
2169,5,1,3,1952,5
2698,5,2,1,1993,5
2419,3,1,3,2012,3
1690,4,3,3,1955,2
1088,4,2,1,1986,4
1734,4,2,1,1978,3
1777,2,1,2,1978,2
1750,2,2,3,1979,2
2331,3,1,1,1955,5
2569,4,2,2,2003,5
1450,5,1,3,1975,1
1166,4,1,2,1961,2
1391,4,1,1,1966,3
2660,2,1,2,1995,5
1735,4,3,1,1965,3
1490,3,3,1,1995,1
1924,3,1,3,1969,4
2173,2,3,2,1955,3
2491,4,1,1,2011,5
2724,4,3,2,1961,5
2066,3,3,2,2017,3
1944,3,1,2,1956,3
1028,4,3,2,1974,1
2655,2,3,3,1950,4
2872,2,1,3,2021,4
2054,4,2,2,2017,4
1692,4,3,3,2011,4
2697,4,3,1,1968,5
1127,2,3,3,1954,1
1766,4,3,1,1999,2
1440,3,1,3,2008,2
1868,2,3,1,2009,2
2411,2,2,1,2014,5
2789,5,3,3,1953,5
2665,5,3,1,1985,4
1523,2,1,3,1966,2
2570,5,1,2,1995,5
2733,4,2,2,1979,5
1759,5,1,1,1957,2
1109,5,2,1,2017,2
2428,2,1,3,1995,4
2268,3,3,2,2021,4
2785,3,3,2,1958,4
2901,3,1,2,1952,4
2852,3,1,2,1971,4
1559,3,3,2,1960,1
1398,2,1,2,2007,2
1582,4,2,1,1966,3
1398,4,2,1,1964,2
2516,3,1,3,1969,3
2488,2,3,2,2017,3
2603,3,2,2,1950,4
2813,3,2,3,2004,4
2055,5,2,3,1992,4
2146,3,2,3,2009,3
2557,3,2,1,2019,3
2690,5,3,2,1989,5
1109,4,2,3,1952,1
2294,4,1,2,1980,3
2403,2,2,3,2017,2
1299,5,1,1,1960,2
2650,2,1,1,1972,3
2755,3,3,2,2020,3
2001,5,2,2,1959,5
1763,3,2,2,1965,3
1520,4,3,2,1960,3
1227,5,1,2,1983,1
1584,5,1,2,1963,3
1957,2,3,3,2008,4
1812,4,2,1,1972,4
1723,2,1,2,1983,2
1583,5,3,2,1982,3
1569,3,1,2,1990,3
1219,5,2,2,1986,2
2394,5,3,3,1979,2
1786,4,3,3,1989,1
2784,5,2,2,1967,4
1527,5,3,3,1958,3
2641,5,3,3,1970,5
1135,5,1,2,1994,3
2952,4,2,2,2011,3
1073,3,1,2,1954,3
1253,4,2,1,1999,2
2041,5,3,2,1958,2
2021,3,3,1,2019,2
1514,3,3,1,1995,1
1743,2,1,3,2019,3
1730,2,2,3,1999,3
1570,2,2,3,2010,1
2819,5,2,1,1997,5
2837,4,3,1,1988,5
1575,5,1,1,1995,2
2326,5,3,2,2000,3
2165,5,1,2,1993,4
1902,2,3,3,1970,5
1201,5,3,2,1986,2
1414,4,3,3,1991,2
2385,3,2,3,1980,3
1757,3,2,2,2009,1
2104,5,1,1,1973,1
1762,3,3,1,1969,4
1562,4,2,3,1953,2
2308,5,1,3,2004,3
1368,2,1,2,1957,2
2515,5,3,1,1965,2
1895,3,2,3,1978,3
2369,5,2,2,1960,5
1203,4,2,1,1998,1
2048,5,3,2,1997,3
1956,2,2,2,1987,3
2576,2,1,1,2012,5
1068,3,1,1,1985,2
1515,5,2,2,2006,2
2515,2,3,1,2006,3
1239,5,2,3,2017,1
1360,5,1,1,1998,1
2464,2,2,1,1970,3
2054,5,1,3,1974,3
2922,3,3,3,1978,5
2652,3,1,3,2021,3
1706,2,2,2,1990,3
2625,4,3,1,2002,5
1689,4,3,3,1966,3
1656,5,3,3,1985,1
2979,3,2,3,1973,3
2737,2,1,2,1974,4
2345,3,2,3,2020,5
1343,4,1,1,1955,1
2738,4,3,3,1955,5
1535,5,1,3,2017,2
1354,2,3,2,2000,2
2494,5,3,3,1967,4
1927,3,3,3,2015,3
1104,4,2,2,1963,2
2810,5,1,2,1995,5
2345,3,2,1,2013,3
2595,3,3,3,1970,4
2906,3,1,1,1959,5
1961,2,1,3,1979,3
1526,4,1,2,1971,2
1503,5,2,1,2005,1
2108,3,1,2,1980,5
1930,2,1,2,1997,3
1708,3,1,2,2002,2
1234,3,1,2,2020,1
2946,4,3,1,1955,4
2879,2,1,2,1981,4
2286,3,3,2,1950,3
2029,4,1,2,1977,3
1493,2,1,3,1972,3
2916,3,2,3,2005,3
2312,5,2,1,1983,3
2593,4,2,2,1978,3
2968,3,1,2,2019,4
2680,3,3,1,1969,4
1877,2,2,1,1992,3
2577,5,2,3,1966,4
2373,4,1,3,1969,4
2223,2,2,1,1990,4
2959,3,1,2,1951,5
2709,4,3,2,1970,5
1966,3,1,2,1986,1
1965,3,3,2,2002,3
1963,5,3,3,2013,2
1896,3,1,2,1992,2
2358,4,1,1,1972,4
2630,3,3,2,2003,5
1216,4,2,3,2021,1
1622,5,1,2,2017,1
1352,3,1,2,2000,2
1691,2,1,3,1970,4
1674,4,3,3,1971,3
1630,3,2,3,1997,4
1324,2,1,2,1972,1
1900,4,1,1,1955,2
2251,2,2,1,1953,4
2972,5,1,1,1950,4
1307,5,1,3,1998,1
1653,2,3,1,1966,4
2657,3,1,2,1997,3
1284,3,3,1,2006,1
1391,4,2,1,1951,3
2761,3,2,2,1958,5
1768,3,3,3,1965,1
1796,4,3,3,1967,1
1931,4,2,1,2011,4
2970,3,2,3,1982,4
1164,3,1,3,1980,2
1732,4,3,2,1970,2
1580,4,3,2,1966,2
1820,2,1,3,1983,1
2247,5,1,1,1992,4
1123,5,2,2,1987,2
2971,2,1,1,2014,4
1343,2,1,2,2003,3
2874,5,3,3,2011,4
1523,4,1,2,2009,1
2075,5,3,1,2012,3
1128,4,3,3,1990,3
2158,5,3,2,1977,3
1656,4,1,3,1957,3
2150,5,1,1,1961,4
1737,2,3,1,2007,4
1938,3,2,1,1999,2
1070,3,2,3,2011,1
1272,3,3,3,1959,3
2210,4,2,2,2001,3
2026,3,1,1,1989,4
2308,5,3,3,2010,5
1021,3,1,3,2004,2
1165,4,2,3,1955,1
2333,4,2,2,1996,4
1874,4,1,2,1977,3
2500,5,2,1,1984,5
1497,4,2,1,1970,2
1433,5,1,3,1970,3
1757,4,1,1,1986,4
1233,2,1,3,1989,2
1836,4,1,3,1996,3
2693,3,2,3,2012,2
1662,3,1,1,1964,2
1724,2,3,3,2004,1
1375,4,2,3,2009,2
1729,3,2,2,1967,2
2269,3,1,2,1988,3
1302,5,2,3,1954,1
1404,5,1,1,2011,3
2686,2,1,2,1983,4
1707,4,2,2,1977,4
1916,5,3,3,1993,4
1020,5,1,1,1952,2
1398,4,3,1,1952,4
2552,4,1,2,1965,5
1050,4,2,1,2002,1
1446,2,2,2,2004,3
2293,3,2,3,1982,3
1826,4,3,1,2009,4
1594,3,3,1,2004,3
1817,5,2,1,1967,1
1635,3,3,1,1953,2
2285,3,3,1,1958,3
2388,4,1,1,1956,4
2072,4,2,2,2005,5
2541,5,2,2,2009,5
2652,4,2,1,1979,4
2141,5,3,3,1968,3
2476,2,2,3,2009,2
1774,4,3,1,2007,3
2888,5,2,2,1990,5
1972,5,1,2,1977,3
2909,3,1,3,1975,5
2664,5,1,1,2021,5
1396,2,1,3,1984,2
1682,3,2,3,1998,2
2050,3,1,2,1998,3
1710,4,1,3,2011,1
2395,5,1,3,1983,3
2922,2,3,1,1996,5
2849,5,3,2,1967,5
2880,2,3,3,1968,4
2120,5,3,1,1956,3
1528,4,3,3,1972,1
1684,2,3,1,2016,2
1612,5,2,1,2002,3
1185,2,3,3,1978,1
1214,4,3,3,2004,1
2274,2,3,1,2008,4
1028,2,1,2,1988,2
1122,3,2,3,2003,1
1053,5,2,1,1980,1
2306,4,2,2,1962,3
2637,3,2,1,1987,4
2140,2,1,1,1976,2
1615,2,1,3,1985,2
1556,3,1,1,1977,2
1113,2,1,1,1984,1
1854,2,1,3,1978,3
2566,5,3,2,1951,5
1675,5,1,1,1987,3
1976,4,1,2,2010,3
1700,2,3,2,1986,3
2316,4,2,3,2020,4
1291,3,3,3,2009,2
2910,3,3,2,1985,5
1260,2,3,3,1956,2
2230,4,2,3,1995,2
1048,3,2,2,2009,1
1378,3,3,1,2021,1
2417,2,1,2,2008,4
2909,3,3,2,1987,5
2046,2,2,3,1969,5
2007,3,2,1,1991,3
1656,5,1,3,2018,1
1109,4,3,3,1951,2
1723,3,3,1,1989,2
1552,4,2,1,1991,4
2422,4,3,3,1984,4
2195,3,3,3,1985,3
2005,5,3,1,1965,4
1697,4,2,3,1978,3
1725,4,2,3,1960,3
1305,5,1,3,2007,1
2605,2,2,2,1973,3
2731,3,1,1,2004,5
1958,3,1,3,1983,2
1953,2,3,3,2004,2
2174,3,2,3,2014,3
2451,3,1,1,1955,3
2490,5,3,3,1980,5
1876,2,3,2,1952,4
2630,2,2,3,1951,4
2791,4,1,1,2014,3
1555,3,3,3,1984,2
1066,3,1,3,1961,1
2179,3,3,2,1977,3
1834,2,3,1,2009,2
1205,2,1,1,2013,1
1785,4,2,2,2000,2
2714,2,3,2,2015,4
2532,3,1,2,2015,4
2595,5,2,2,1996,5
2097,5,2,1,1987,3
2072,2,2,1,2020,3
1782,5,3,2,2021,2
2490,5,3,2,1990,5
1584,2,3,1,2019,2
1707,4,2,1,2011,5
2934,5,1,1,1998,5
1178,3,1,2,2019,1
2071,5,1,1,1995,4
2095,4,3,1,1970,3
1112,4,2,2,1996,2
1756,4,2,2,2006,2
1896,4,1,2,1984,1
2926,4,2,3,2007,3
1820,5,1,1,1977,3
1158,5,3,3,1978,1
1785,5,1,3,1993,2
2803,5,3,2,1993,5
2839,4,2,1,1988,3
2053,4,2,1,2008,5
2120,3,3,2,1974,4
1250,5,2,1,1955,2
2542,4,3,3,1997,4
2115,3,1,1,1965,4
1112,3,3,1,2003,1
1106,5,2,3,1968,3
1574,4,1,3,2010,2
2413,5,1,2,1993,4
1990,3,2,2,1970,2
2381,5,2,1,1983,2
2806,2,1,2,2005,5
2222,2,3,1,1993,3
1426,4,1,1,1971,2
2501,4,2,2,2017,4
1858,4,3,2,1991,2
2526,5,2,3,1964,3
2681,5,3,3,1952,3
1917,3,2,1,1974,1
2143,4,1,3,1977,3
2596,5,3,2,1954,4
2332,4,3,2,1983,2
2561,3,1,2,1996,4
1626,5,3,3,2006,4
1474,4,1,3,1951,3
1343,3,2,1,2005,1
1627,2,2,2,2002,4
1135,2,1,2,2007,1
2834,2,1,3,2021,4
2556,2,1,1,1990,4
1246,4,2,2,2008,2
1410,4,3,3,1999,1
1026,4,3,3,1981,1
1072,5,2,1,1951,2
2976,3,3,3,1952,4
2120,5,2,1,1964,4
1672,4,1,1,1965,4
2369,3,2,2,1975,4
1475,2,1,3,1980,3
2323,3,3,1,1998,2
2322,5,2,3,2003,3
2908,2,2,3,1958,5
2472,2,2,1,1996,4
1211,4,2,2,1966,1
2099,2,3,1,1981,3
1400,2,1,2,1955,3
1654,2,3,3,1992,2
2057,5,1,3,1997,4
1497,3,2,3,1993,2
1847,5,3,3,1969,3
2539,2,1,2,2017,4
1365,5,1,1,2020,3
2752,3,1,3,2005,4
1462,4,2,3,1951,2
1027,3,1,1,1992,1
1712,5,1,3,1990,2
2409,5,3,2,1992,5
1272,3,1,1,1995,1
1825,5,2,1,1954,4
2150,4,3,1,1995,5
1201,4,3,2,2006,2
2544,3,1,1,2020,5
2310,2,3,1,2021,2
1449,4,3,3,1972,2
2111,5,3,1,2014,4
2341,2,2,2,1956,3
1018,4,2,2,1955,1
2616,2,1,3,2014,4
2130,5,2,2,1994,2
2481,3,1,3,1970,5
1310,3,3,3,1981,2
1411,5,2,2,1987,1
1741,3,2,1,1962,2
1623,5,2,2,1987,1
1731,3,2,2,1993,2
1634,4,3,2,2018,2
1497,3,3,3,1968,3
1243,2,2,3,1975,1
1689,3,3,2,2009,4
2403,3,3,3,2003,4
1514,3,1,2,1963,2
1947,5,1,3,2018,3
1393,4,1,2,1968,1
2044,4,3,3,1966,5
2828,2,1,1,1955,4
2550,5,3,1,1960,4
2366,5,3,3,1995,4
1201,3,2,2,1983,1
1119,5,3,2,1950,1
2672,2,1,2,2011,4
2835,2,2,3,1972,3
2830,2,1,1,1967,4
1388,2,1,1,2016,2
2560,4,1,2,2010,5
1233,4,3,3,2020,1
2656,2,3,1,1967,4
1601,2,2,1,2005,3
2343,4,1,3,1992,4
1711,3,3,2,1998,3
1981,5,1,1,2012,2
2203,4,1,2,1951,4
1856,5,3,2,1957,5
2391,2,2,1,1967,5
1075,2,3,1,1969,3
1648,2,1,1,2006,2
1649,5,1,1,1969,1
1495,5,2,1,1956,2
2545,4,3,2,1964,3
2224,2,1,1,1988,5
1829,4,1,3,2007,3
2369,3,1,3,1967,2
1482,2,1,3,1985,2
2242,2,3,1,1951,4
2083,3,3,3,2018,3
1990,4,3,2,2004,3
2682,5,3,1,2016,5
1618,2,3,2,1958,1
1549,5,2,3,2009,2
2934,2,1,3,2016,5
2244,5,3,1,1980,4
2838,2,2,2,1983,5
2964,3,1,1,1952,5
1501,4,2,1,1976,2
2156,3,1,2,1968,4
1845,4,1,1,1986,3
1052,3,3,3,2002,1
1449,3,2,3,1987,2
1061,4,2,3,1958,2
2046,2,1,1,1975,3
1043,5,3,1,1990,1
1819,5,1,3,1962,2
2581,5,2,1,2019,3
1658,2,1,3,1969,1
1727,3,3,3,1995,3
1851,3,2,1,1969,2
1046,3,1,2,2005,2
2882,2,3,2,1965,3
1819,4,2,3,1978,2
2047,2,3,3,2003,3
2680,5,1,1,2000,5
1088,3,2,1,1956,1
2197,2,3,1,2013,2
2599,2,2,3,1963,4
2142,2,1,3,1990,5
1734,4,1,1,2013,1
2691,3,3,2,1950,4
1177,2,2,2,1957,3
2018,2,1,2,2000,4
2855,5,3,3,1955,5
2947,3,3,1,1967,4
2365,2,3,2,1990,3
2591,2,2,1,2018,5
2082,2,1,2,1954,2
1900,2,1,1,2015,3
1437,3,2,2,1967,2
2451,2,1,3,1986,4
1425,4,3,3,1952,1
1967,2,3,3,1991,3
2404,4,2,2,1977,3
1485,3,3,3,1993,2
2755,2,1,1,1964,4
2208,5,1,3,1983,2
2582,4,2,3,2018,4
1459,4,3,3,2009,1
1920,5,1,3,2000,4
2125,5,1,1,1995,4
2579,2,3,2,2020,5
2038,3,1,2,2009,3
1747,3,3,1,2001,3
2896,2,1,3,1971,4
1050,3,3,2,1964,1
1308,5,1,1,1999,3
2057,3,3,1,2000,2
2659,3,2,2,2021,3
2004,3,2,2,1950,4
2612,2,2,1,1978,5
2927,2,1,1,1983,5
1634,4,3,3,2002,3
1204,3,1,3,1952,1
1739,2,3,2,1997,3
2093,5,3,2,1969,3
2253,4,1,2,2014,4
2503,5,3,3,1956,5
1532,3,2,1,1969,2
1107,5,1,1,1992,2
1875,4,2,2,2006,3
2264,3,2,1,1994,4
1134,5,1,1,1956,2
2113,5,2,3,1996,4
2463,2,1,3,2009,3
1688,3,2,3,2004,2
2321,3,3,3,1989,3
1406,3,3,3,1952,3
2331,4,1,2,1960,3
1101,5,2,3,1992,1
2647,5,1,2,1988,5
1692,4,1,2,1992,2
2639,4,3,3,1982,3
2551,2,2,1,1978,5
2631,4,3,3,2019,5
2316,5,2,3,1967,5
2169,3,2,3,1995,4
1403,2,3,2,1957,3
1813,3,1,3,1953,3
2025,3,1,3,1994,2
2142,5,3,2,1964,2
1854,4,2,1,2002,2
2629,4,3,1,2016,3
2214,4,1,2,2013,3
2026,5,1,3,2010,3
1941,5,2,3,2005,2
2020,3,3,1,1971,2
2510,2,1,3,1971,5
2646,4,3,3,1993,3
1176,4,3,3,2004,1
2280,2,3,2,1992,3
1872,3,2,3,1969,1
2557,3,1,3,1970,3
1476,2,2,2,1958,1
1397,4,1,1,1958,1
2519,5,1,2,2021,3
1219,5,3,2,1971,1
1172,2,3,2,1993,3
1735,4,1,3,2004,2
2413,2,3,1,1984,4
1501,3,3,3,1976,3
2600,3,3,2,1979,3
2812,5,2,3,2010,4
1760,3,2,1,1954,4
2283,3,1,1,1961,3
1130,2,3,2,1984,3
2136,2,3,2,1999,2
1797,4,3,3,1954,2
1798,2,2,3,1952,2
1929,4,1,2,1977,1
1722,5,3,2,1971,2
2043,2,2,2,1980,3
1214,2,2,1,1976,1
2333,2,3,2,1956,3
1487,2,2,3,1985,1
2432,2,1,2,1965,5
2294,4,2,1,1964,4
2957,3,2,2,1990,4
2430,2,1,2,1981,2
2715,2,2,1,2000,3
2217,5,2,3,1968,5
2464,4,1,1,1994,3
1312,3,1,1,2009,1
1078,3,3,3,1953,2
2003,3,3,3,1980,2
1674,3,1,2,2020,2
2737,4,2,2,1997,5
1013,2,1,2,2021,2
1858,2,2,3,1950,4
1245,3,3,2,2011,2
2037,4,2,2,1973,5
1032,2,2,1,2015,1
2459,3,3,3,2008,5
1033,4,3,2,2013,1
1018,4,1,1,1994,1
2687,4,2,1,1951,4
2283,3,2,2,2000,3
2699,4,1,2,2017,5
1588,3,3,1,1950,4
2849,2,1,1,1962,3
2439,3,2,2,1988,5
1358,2,2,2,2008,1
2743,4,2,3,2013,5
1753,4,2,3,1950,3
2602,3,3,1,2012,3
2139,3,1,3,1965,5
1403,2,3,3,2002,1
2225,4,2,2,2001,4
2399,2,3,2,1952,5
1249,3,1,2,1958,2
1445,3,2,1,1975,1
1953,2,3,3,1960,2
1277,2,1,2,2000,1
2986,5,3,2,1978,5
2866,4,1,1,1971,4
2496,2,2,2,1977,4
1745,4,3,3,1998,2
1687,5,2,3,2010,2
1391,4,1,3,1989,3
1968,5,2,3,1964,4
1142,2,3,3,2016,3
2055,2,3,2,2012,3
1180,4,1,1,2010,1
1578,2,3,2,2017,1
2539,4,3,2,1996,5
1797,4,1,3,1988,3
1268,5,2,1,1998,3
2259,3,2,3,1969,2
2300,4,2,3,2020,3
1552,5,2,3,1990,2
1632,5,3,2,2005,2
1274,5,2,2,1977,1
1742,3,1,1,1959,3
2086,4,3,1,1952,3
1403,2,1,1,1956,1
2054,5,1,3,1971,5
2353,2,2,1,2010,3
2681,4,2,1,1978,4
2894,2,3,3,2008,5
1621,3,1,2,2010,1
1275,3,1,3,1964,1
2745,5,3,3,1957,5
1650,5,2,1,1985,2
2621,4,2,3,1988,4
1555,2,3,1,1985,3
2105,2,1,1,1973,3
2087,3,2,2,1974,5
2913,4,2,1,2016,4
2856,3,1,3,2020,4
1566,2,1,3,1994,1
1585,3,2,3,2011,2
1884,3,2,1,1979,2
1128,3,1,3,2008,3
1255,2,3,2,1971,2
1933,4,3,3,1997,3
1230,2,2,1,1996,2
2520,3,1,2,2010,5
2160,5,1,2,1974,2
1862,4,1,1,1969,3
2478,5,3,1,2002,5
2647,4,3,1,2012,5
2508,5,1,2,2015,4
2843,2,3,3,1972,5
1145,4,3,3,2009,2
2982,3,2,2,1953,5
2056,3,3,2,1964,3
1259,3,1,2,1998,1
1842,2,1,1,1964,1
2971,3,3,3,1978,4
1264,3,1,3,2002,1
2855,4,2,3,1956,3
2565,5,2,1,1971,4
1391,4,3,2,1953,3
1231,5,2,2,2007,3
1900,2,3,1,2018,2
1587,4,1,3,1961,1
1446,2,1,3,2008,1
2152,2,2,1,1990,4
2294,5,3,3,1972,2
2112,5,1,3,2007,3
1465,4,3,2,2017,2
1933,4,2,2,1976,2
2193,4,3,2,2015,2
1127,5,2,3,1989,3
2197,3,3,2,1985,4
2972,3,2,2,1968,5
2049,5,3,1,1957,3
1572,4,3,3,1975,4
1510,3,3,1,2019,2
1487,2,2,3,1965,1
1890,3,3,1,1993,3
1578,3,2,1,1996,1
1949,5,1,1,2010,3
1405,5,3,2,1973,2
2049,3,3,2,1955,3
2106,2,2,2,2016,4
1363,2,3,3,1976,3
2390,4,3,1,2011,5
2083,3,1,1,2017,3
1550,3,3,3,1956,2
2658,2,3,3,1956,3
1788,3,2,1,1992,1
2960,2,1,1,2005,4
2909,3,1,2,2003,4
1815,5,3,2,1997,2
2817,4,3,2,1991,3
1190,5,2,3,2014,3
1460,5,2,1,1967,2
2827,2,2,3,1968,2
1663,2,1,1,1994,2
1232,2,1,3,1979,1
1473,5,2,1,1956,2
2428,5,2,1,1972,4
1657,3,3,3,1964,2
1270,5,1,1,1984,1
2157,2,2,3,2016,3
2438,2,1,2,1994,5
1027,5,2,2,1965,2
1135,4,1,2,2003,2
1924,3,2,3,1977,3
1404,5,1,3,2021,2
1976,5,3,2,2003,5
1887,5,2,3,2020,3
2528,3,1,2,1985,3
2264,4,2,1,2006,2
1855,5,2,2,2001,3
2977,4,1,1,1980,5
1443,5,3,1,1979,3
1433,5,2,3,1988,1
2251,5,1,2,1972,3
1508,3,2,1,2001,2
2326,4,3,1,1970,3
1033,5,1,3,1962,1
2025,4,3,3,2019,4
1361,4,2,3,2009,2
2218,2,3,1,1971,3
1605,4,3,2,1969,2
2863,2,3,3,1991,5
2331,3,2,1,2009,4
2670,5,3,2,1988,5
1715,3,2,1,1957,3
1249,3,1,2,1961,2
1146,4,2,1,2010,1
2369,5,2,1,1977,3
1347,5,1,1,1992,2
2277,3,3,3,1965,2
1398,2,3,1,1979,1
2357,2,1,1,1996,4
2199,4,3,2,2003,4
1124,2,3,1,2019,1
1762,2,1,3,1994,3
1397,3,3,3,2006,1
1130,2,1,1,1974,1
2585,5,3,1,2005,3
1604,3,3,2,2010,3
1891,3,3,1,1979,1
1821,2,3,3,1991,4
1901,5,1,3,1986,3
1944,5,2,1,1972,5
2430,2,2,2,1975,2
1731,5,1,1,1951,3
1333,4,3,2,1988,3
2043,2,3,1,1989,4
1204,3,2,2,1985,1
2626,3,2,2,1971,4
1955,5,1,3,2020,2
1354,4,1,1,1973,2
2196,3,3,1,1966,4
2212,5,3,2,1980,4
1823,4,3,3,1985,2
2025,3,2,3,1954,2
1940,2,1,1,1980,2
1167,2,2,1,1983,2
1367,3,3,1,1977,1
1535,5,1,2,2018,2
2948,4,2,2,1974,3
1962,2,3,1,2012,3
2900,4,1,1,1986,4
1579,5,2,2,1973,1
2393,2,1,3,2009,5
2619,2,2,3,2019,5
1949,3,3,3,1996,2
1206,2,3,1,1963,2
2072,5,1,2,1955,4
1543,4,3,2,1963,2
2852,4,3,3,1996,3
2705,3,1,1,1980,5
1128,5,2,1,1967,2
2470,4,1,2,2009,4
1613,2,3,2,1989,1
1034,3,2,1,1982,2
1818,5,2,1,2001,2
1198,3,1,2,1973,1
2836,3,1,1,1986,5
1076,4,3,3,1969,1
1368,2,2,1,1981,1
1832,2,2,3,1966,2
1525,5,1,2,1957,4
1348,5,1,3,1986,1
1505,2,3,1,1969,3
1642,3,3,3,1961,3
1237,3,2,1,1983,2
2303,2,1,3,1968,4
2455,3,2,2,1961,3
1137,2,3,2,2008,2
2292,4,2,1,1988,4
2763,3,3,3,1985,4
2224,5,1,2,1986,4
2165,3,2,3,1977,3
1611,3,1,1,1982,2
2673,2,1,3,1993,4
1679,3,2,2,1972,2
2942,3,3,1,2001,4
2634,4,3,1,2002,4
2854,4,2,1,2004,4
1838,5,1,3,2014,4
1937,3,2,3,1989,3
1354,2,2,3,1973,1
1577,5,2,3,2013,3
1846,2,1,2,1983,3
2352,3,1,2,1972,4
1558,2,1,3,2012,3
1848,2,1,3,1967,3
2917,4,2,2,2006,4
2254,2,1,2,1971,4
2331,2,2,2,1953,4
2681,4,1,2,1955,4
2742,3,2,3,1951,4
2169,5,3,1,1959,5
2175,4,1,2,1991,2
2814,3,2,3,2002,3
1139,3,2,1,1990,1
1662,5,1,2,2000,2
1020,3,1,2,1972,1
2277,4,2,2,2014,2
2241,5,1,3,2000,5
2095,5,3,1,1981,4
1989,4,2,1,2005,3
1161,4,2,3,1984,2
1129,3,3,3,1961,1
1580,5,1,2,1985,2
2950,5,2,2,2007,3
1224,3,1,2,2019,3
2781,5,1,2,1989,5
1579,4,3,2,1994,2
2477,4,2,2,1991,5
1982,3,1,2,1981,5
2004,3,1,2,2010,2
2938,3,1,2,1989,5
2407,4,2,2,2016,4
1106,4,3,2,2003,2
1620,5,3,3,1973,3
1839,4,2,2,2020,4
2126,3,3,1,2017,1
2164,2,3,1,1987,5
1576,2,3,3,1985,3
2157,2,3,3,1952,4
2903,2,1,1,1990,3
1509,4,2,3,2020,2
1666,3,1,3,1953,2
1893,3,1,1,1974,5
2505,5,3,3,2003,3
1511,3,1,3,2015,2
1888,5,1,2,2015,3
2023,3,3,2,1990,1
1598,2,2,1,1971,2
2839,3,1,3,2019,3
1752,3,3,3,1963,4
1974,3,2,1,2003,2
1482,5,3,3,2020,3
1835,2,2,1,1975,3
1171,2,2,1,1991,2
1868,4,1,1,1970,3
1016,5,3,1,1969,2
2758,5,1,3,2011,5
2317,3,1,3,2011,3
1393,3,1,3,2018,1
2521,5,2,3,2010,4
2242,5,3,1,1982,4
1233,3,2,2,1974,1
2413,5,3,2,1970,3
1247,5,2,2,1984,1
2925,2,1,1,1991,5
1051,5,1,1,2013,1
2347,3,1,2,1966,5
1440,2,3,2,2012,2
2135,5,3,2,1985,4
1695,5,3,1,1990,3
2895,2,2,3,1957,5
1006,2,2,2,2004,1
2586,2,3,2,2011,5
1825,4,2,2,2021,3
2776,4,3,2,1979,5
2268,2,1,1,1975,1
2471,5,1,3,1954,5
2388,3,1,2,1961,4
2390,4,3,3,1996,4
2945,3,2,2,1976,4
2721,3,3,3,1964,5
2310,4,3,3,1998,5
2985,3,3,3,1995,4
2627,5,1,1,1998,5
2129,4,1,2,1962,1
2036,4,1,3,1982,3
2169,3,3,2,1990,2
1477,3,2,2,1951,3
1630,2,2,1,1959,2
1714,4,2,1,1955,5
2676,3,2,1,1966,4
1114,5,2,3,1990,1
1508,4,2,1,1966,2
2175,2,3,3,2005,1
1056,5,1,2,1992,3
1381,2,2,2,2005,1
2180,2,1,1,1976,2
1951,5,3,2,2020,1
2845,2,2,3,1957,5
2156,2,1,3,2021,4
2186,2,3,1,1965,4
1274,2,3,1,1953,1
2718,2,2,1,1973,4
2100,4,1,1,1987,4
2860,3,2,1,2015,5
1717,4,2,1,1952,3
2573,3,2,2,1968,4
1317,3,3,1,1958,1
1533,5,3,2,1982,4
2608,2,3,1,1978,4
2776,3,1,2,1979,4
2959,5,2,1,2000,3
2177,5,3,1,1968,5
1236,4,3,3,2017,3
1892,5,3,3,1968,3
1516,2,3,2,1972,3
2244,4,3,2,2012,4
2333,3,1,1,1980,2
2621,4,1,1,1961,5
2200,4,1,1,2016,4
2794,2,2,1,1992,4
2243,2,1,3,1991,2
1037,4,1,1,2000,3
1653,3,2,3,1987,2
2454,2,1,2,1955,3
2933,4,1,2,2003,3
1746,2,1,3,1997,3
2226,2,3,2,1958,4
1840,5,3,1,2005,3
2829,3,2,2,1983,4
1447,4,2,2,1974,2
2518,4,2,3,1977,5
1683,5,2,2,1984,2
2861,4,3,1,2003,4
2088,5,3,3,1961,3
1792,5,1,3,1991,2
2267,5,3,2,1983,2
2550,2,3,2,1991,4
1225,2,1,3,1999,1
1464,2,1,1,2013,1
1642,2,2,1,1958,1
2730,5,1,1,2015,4
1292,3,3,1,2000,1
1720,3,2,2,1977,3
2648,2,2,3,2014,3
1755,5,3,3,1997,2
1165,2,3,1,1970,1
2726,2,1,3,1951,4
1768,5,1,3,1962,2
2862,2,3,2,2007,4
2241,2,3,1,2015,3
2006,5,1,3,1966,3
1870,5,3,3,1991,3
2298,4,3,1,2019,2
2075,4,2,3,2015,2
2397,2,3,2,1998,3
2693,4,2,3,2006,3
2386,3,3,2,1969,4
2804,4,3,1,2005,4
2363,2,1,1,1994,4
1601,4,1,3,1971,3
2562,5,1,1,1987,2
2112,5,3,2,1985,4
1904,5,1,3,1965,5
1040,5,3,2,2017,4
2327,2,1,2,2021,2
2291,2,3,1,1963,4
2161,2,1,2,1965,4
2029,3,1,2,1991,3
1241,5,2,1,1964,1
1161,5,3,2,1971,2
2018,5,1,3,1989,3
1691,4,3,2,1986,4
1978,3,3,2,2017,3
1517,3,3,1,1953,1
1897,4,3,2,1958,3
1782,4,2,2,2000,3
2424,2,3,2,1971,4
1783,2,1,2,1962,2
2179,4,2,1,1988,3
1084,5,3,1,2001,2
2735,4,1,2,2009,5
2033,2,3,2,1956,2
1137,3,2,2,1995,1
1753,4,1,1,2007,1
1905,4,1,2,1972,3
1712,5,1,3,2013,3
1155,3,2,1,1963,1
1407,5,1,1,1988,3
1786,3,3,2,1966,3
2248,5,3,2,1956,4
1579,3,1,2,1997,1
2207,4,2,3,1990,4
2218,4,1,2,2009,4
1553,4,1,1,2004,2
1395,2,1,1,1952,3
2937,3,3,2,1996,5
2686,3,3,1,1959,4
2619,5,2,3,1975,3
2157,2,2,3,2019,5
2332,5,2,3,1972,2
2889,2,3,2,1997,3
1809,5,3,1,1954,4
1961,2,3,1,1977,3
1541,5,3,1,1981,2
2032,5,2,1,1995,5
1986,2,3,2,1971,3
1169,3,2,1,1961,1
1289,5,3,2,2007,2
2191,2,1,1,2017,4
2367,2,2,3,1956,4
2520,3,2,2,1974,4
2168,3,3,2,2001,4
2436,3,2,1,1953,2
2841,5,2,1,2018,5
1587,5,2,3,2017,1
1734,4,1,3,1968,2
2712,5,3,2,1989,4
1456,4,3,2,2006,2
1700,4,1,2,2015,4
1978,5,2,3,1958,2
2325,4,3,2,1982,3
1045,3,3,2,2011,1
2917,4,3,2,1978,3
2040,5,1,1,1967,3
2601,2,1,3,1956,4
2383,5,2,2,1957,5
2284,2,1,2,2004,1
2146,2,1,3,1964,1
1230,4,1,1,2004,1
1949,4,3,2,1957,2
1636,2,1,1,2005,3
1111,4,1,2,1969,1
2807,3,3,2,1952,5
1592,5,1,2,2008,1
2269,4,1,1,1976,3
1858,2,3,3,1994,3
1390,2,2,3,1996,2
1327,4,2,2,1985,1
1746,5,3,3,1970,1
1366,2,2,3,1964,1
1081,5,3,2,2021,1
1805,4,1,3,1971,2
1821,4,2,1,1992,3
2099,5,2,2,2006,4
2550,2,2,3,2020,4
2755,2,1,3,1971,4
2526,2,1,2,1986,2
2765,5,3,3,1975,5
2969,5,3,2,1959,5
1951,2,3,2,2014,2
2502,2,3,3,1984,4
2288,5,3,2,1973,4
1109,2,2,3,1954,2
2938,4,2,3,1977,5
2223,5,1,3,1958,4
1184,5,3,1,2012,3
1963,4,3,1,1968,4
1613,5,2,3,1966,3
2794,3,1,2,1998,4
1098,4,1,2,1951,1
2362,4,2,1,2004,5
1810,4,1,1,2001,4
2820,4,2,1,2003,5
2289,5,2,3,1973,1
1651,3,2,2,2019,3
1813,4,2,2,1963,5
2821,2,2,2,1969,2
2373,4,2,3,1978,3
2019,3,2,1,2003,2
1977,3,3,1,2007,3
2567,3,1,2,1976,4
2480,2,2,3,2008,3
2838,4,1,3,2004,5
2086,5,1,2,1981,2
1921,2,3,1,1955,2
2410,4,3,2,2014,4
2482,5,1,3,1992,3
1585,2,1,1,1960,2
1817,5,3,1,2021,4
1931,2,2,2,1970,3
2659,3,2,3,1974,5
2292,4,3,2,1963,4
2917,4,1,3,1977,5
1796,4,2,3,1990,3
2957,4,3,3,1960,4
2018,4,2,2,1958,4
2012,4,3,3,1968,4
1972,3,2,1,1973,3
1632,4,2,1,1995,2
1723,4,2,3,1991,3
1900,4,3,1,1998,4
2683,2,2,1,1951,5
2101,4,1,3,2007,3
2388,5,1,3,2017,4
2037,2,1,1,2001,3
1135,2,2,1,1980,3
2327,2,1,1,2018,5
1396,5,2,1,1953,2
1791,3,2,3,2001,2
2778,2,1,3,1983,5
1704,2,3,2,2019,2
1981,4,2,3,1975,4
2441,3,2,3,2005,4
2265,5,3,2,1969,4
2074,5,2,1,1993,3
1743,3,3,1,1965,2
2794,3,1,3,2014,5
1383,3,2,2,1980,1
1374,4,2,1,1977,1
2753,2,3,3,1987,4
1205,4,2,3,1971,1
2849,3,1,3,1958,4
1488,4,1,1,1974,1
2404,5,1,3,1985,5
2991,4,2,3,1996,4
1880,3,3,1,1979,3
2334,2,1,2,1986,2
2398,4,1,3,2016,2
1631,3,2,3,1994,1
2065,5,3,2,2017,5
1532,4,1,1,1962,3
1521,4,3,2,1970,2
1824,2,1,1,1989,3
2176,4,2,3,1981,1
2335,4,1,2,1950,4
2317,5,2,3,1970,5
1597,5,1,1,1958,3
1112,5,2,3,2001,1
2724,2,2,1,1996,4
2135,5,3,1,1985,4
2845,4,2,2,1991,5
2325,4,1,3,2010,5
2987,2,2,2,2016,3
2539,5,1,1,1951,4
1733,3,3,3,2009,2
2244,3,1,2,1997,2
2194,3,1,2,1953,4
1317,5,1,1,1971,3
1995,3,2,2,1998,2
1212,2,3,2,1980,2
1252,2,2,2,1991,4
1123,4,1,3,2009,2
2663,3,1,2,1981,5
2236,2,2,1,1983,4
1623,2,1,2,1966,2
2108,3,3,3,2009,4
2088,3,3,2,2013,2
2341,2,1,2,1997,3
2369,3,3,2,2013,3
2655,2,2,1,1962,3
2266,2,2,1,1974,3
1897,2,1,1,1970,4
2160,5,1,2,1988,2
1246,5,2,2,1995,1
1440,2,3,2,1999,2
1044,5,2,1,1964,4
1657,3,1,2,1958,4
1879,5,2,2,1995,3
2711,4,2,1,1972,5
2016,4,1,2,1984,3
1553,2,1,1,1981,1
1808,5,1,2,1952,2
1970,4,2,1,1961,1
2112,2,3,1,2010,4
1729,4,2,2,1974,2
2020,2,3,2,2017,2
1953,4,3,2,1950,2
2251,4,3,3,1982,4
2833,5,1,1,2004,5
2314,2,1,1,1998,3
2445,4,1,1,1998,5
2090,2,3,1,1957,3
2274,5,3,3,2011,5
1098,3,2,3,2017,2
2329,3,3,1,1980,4
1871,3,1,3,2016,2
2877,2,2,1,1995,5
2614,2,1,1,1996,4
1300,2,3,3,1956,2
2222,3,1,3,1959,3
2682,5,1,2,1988,5
2129,2,3,2,1999,3
2424,3,1,3,1953,3
2728,2,3,2,2014,5
2004,2,1,2,1973,1
1476,5,3,3,1970,3
2145,4,2,2,1987,3
2100,2,1,2,1955,3
2335,2,3,2,1978,2
2135,4,3,2,2004,3
1860,5,3,3,2015,2
1808,2,1,3,1987,3
1517,5,1,1,1961,3
2220,2,1,1,1966,1
2121,4,2,2,1975,4
1458,2,2,3,1994,2
2864,2,2,2,1975,3
1229,3,1,3,1970,2
2191,4,2,1,1993,5
2832,3,2,2,1991,3
2800,4,2,2,1984,3
1007,2,1,3,1965,2
2195,5,2,3,1962,4
2977,3,1,1,1986,5
2383,3,2,1,2011,5
2292,3,3,2,1981,2
2042,4,3,3,2007,4
1353,5,1,1,1951,3
2887,5,3,1,1997,4
2072,2,3,2,2003,1
1463,2,3,1,2014,2
1355,3,1,3,2021,3
1849,2,2,3,1994,3
1973,2,1,3,1984,4
2181,4,3,1,1982,4
1065,2,1,3,1971,1
2996,2,1,2,2021,5
1858,2,1,1,1995,2
1570,5,2,1,1971,3
2844,5,2,3,1956,4
2360,3,2,2,1992,5
2694,5,3,2,2003,4
1782,4,2,1,1956,2
1120,4,3,1,2004,2
1765,4,1,1,1953,2
2427,2,3,1,1972,4
1772,3,2,1,1990,3
2670,4,3,2,2020,3
2809,3,2,2,1996,2
2591,4,1,2,2006,3
2866,3,1,1,1994,5
1095,2,2,2,2015,2
2137,2,3,2,2010,1
1986,4,1,1,1966,5
2452,5,1,2,1996,5
1539,4,1,1,1994,3
2841,5,3,1,2008,3
1001,5,2,2,1984,2
2235,2,2,3,2014,4
1579,2,2,2,1968,2
2663,5,2,1,1972,4
1332,4,3,1,1981,2
2047,5,3,1,1984,3
2788,4,1,1,1990,5
2391,2,1,1,1957,5
1741,4,1,1,1961,2
1505,5,3,1,1985,3
1999,4,1,2,1997,3
2199,5,3,3,1999,4
2452,4,3,3,1955,3
2910,5,3,3,1995,5
1732,2,1,1,2004,3
2465,5,2,3,1980,4
2571,2,3,1,1975,4
1513,5,1,2,2016,2
1894,5,1,2,1958,3
1360,3,2,1,1956,2
1176,3,3,1,2020,1
2287,3,1,1,1957,5
2209,4,3,1,1988,5
1526,2,2,2,1960,2
1912,2,3,3,1998,3
1705,4,3,3,1952,1
2221,5,3,2,2008,1
2372,5,3,1,1977,3
2444,2,1,2,1996,2
2328,4,1,2,1959,3
1063,5,3,3,1980,1
1289,4,1,2,2011,2
2897,3,3,1,1954,3
1329,4,3,3,1955,1
2893,2,3,3,2012,3
1762,4,3,1,2004,2
2963,4,2,3,2003,5
2040,5,3,3,1999,3
1442,5,3,2,2010,3
1140,5,3,2,2004,3
2331,5,2,1,1964,5
1443,2,3,3,1984,1
1495,2,2,2,2013,1
1425,3,2,1,1982,1
2855,3,3,2,1964,5
2268,5,2,1,1967,5
1449,4,1,3,1971,2
2825,5,2,1,1952,4
1350,4,2,3,1951,3
1598,2,3,1,1992,1
1710,5,3,2,1994,2
1869,4,1,1,1958,2
2184,5,2,3,1987,5
2163,2,1,1,1966,3
2516,2,1,2,2008,3
2611,2,2,3,1999,2
2554,4,2,1,2011,3
1392,2,1,1,1959,1
1841,4,3,1,1973,3
1400,3,2,2,2009,3
1049,2,2,1,1957,1
1743,5,2,1,1968,1
2318,5,2,2,1960,3
2448,5,1,1,1993,4
1905,5,1,3,1962,3
2035,3,1,1,1951,4
2358,3,1,1,1998,3
1990,2,1,3,2012,2
2038,2,3,1,2016,4
1027,5,3,1,1966,3
1387,5,3,3,1983,3
2315,5,3,1,1992,4
2910,4,1,3,1984,3
1832,2,1,1,1995,3
1249,5,3,3,2007,2
2528,5,1,3,2005,3
1097,5,1,1,1991,1
2360,3,2,3,2008,3
2062,3,3,3,1987,3
2061,4,1,3,1975,1
2323,4,2,1,1971,3
1178,2,1,1,1973,1
1891,2,3,3,1981,1
2492,2,1,2,2014,3
2305,3,1,1,1979,2
1749,5,2,2,1962,2
2187,3,3,1,1998,2
1452,3,2,3,2001,2
1096,5,3,1,1961,1
2792,2,3,3,1985,4
1308,2,3,2,2005,1
1261,3,1,1,2013,3
1292,5,2,1,1950,3
2793,2,1,1,1970,4
1248,4,1,1,1964,1
1244,2,1,3,2009,1
1250,5,3,2,1964,1
1122,5,3,1,1962,2
1324,5,3,2,1999,1
1985,3,3,2,1980,3
2704,2,3,2,1966,5
1500,3,1,1,2013,2
1686,2,3,1,1950,3
2804,5,2,1,1989,4
2739,2,3,1,1974,3
2860,5,1,2,2020,4
2089,5,2,2,1999,3
2850,2,1,3,1989,5
1835,2,1,3,1976,2
1058,4,2,2,1960,1
1730,2,3,3,1960,2
2521,2,1,2,1999,5
2396,3,1,3,2018,4
1265,5,2,3,1964,2
2676,5,3,3,1987,4
1235,4,2,3,2018,1
1897,3,2,2,1976,1
1217,4,1,3,1958,2
2550,2,3,2,2001,3
2837,4,1,3,1982,3
2464,5,3,3,1966,4
2429,2,3,2,1978,4
2767,3,1,1,1975,5
2624,3,3,2,1980,4
1974,4,3,1,1971,1
1588,2,1,1,1965,2
2671,3,1,2,2021,4
1916,3,1,3,1979,3
1917,3,1,2,1997,2
2133,5,2,1,1965,1
1352,5,3,2,2010,2
2836,2,3,3,1951,4
2905,3,2,1,1985,5
2437,4,1,2,1996,2
1701,5,1,1,1979,2
1072,3,2,3,1959,2
1684,5,3,1,1987,2
2570,5,3,3,1955,3
2321,4,1,2,2000,2
2668,5,2,3,1967,5
2306,2,2,3,1976,3
2528,2,2,2,2005,4
2221,3,3,2,1958,4
1957,3,2,2,2007,3
2055,5,2,2,1969,4
1647,2,1,3,1976,2
1759,2,1,1,1981,4
1870,2,2,2,1961,4
2364,4,1,3,1986,3
2681,2,2,2,1962,5
2357,4,2,1,1959,4
1142,3,2,3,1963,2
2769,5,1,2,1977,4
2433,3,2,1,1964,4
1948,5,1,3,1950,2
1043,2,3,3,1980,1
1031,5,3,1,2018,2
2766,5,1,1,1953,4
2019,5,3,2,1977,3
1422,2,3,1,2010,2
1490,4,2,1,2018,3
1159,2,3,2,2016,1
1844,5,2,1,1969,3
2230,3,1,3,1980,5
1017,2,1,1,1960,2
2126,5,3,1,2017,4
2654,4,1,2,1997,4
2674,3,1,3,1974,4
1671,5,2,3,1994,1
1231,3,3,1,1952,1
2683,5,1,2,1953,3
2888,3,3,2,1952,5
1423,3,3,1,1984,1
1903,3,2,1,1999,2
1754,5,3,2,2013,2
2570,3,1,2,1990,4
1836,5,2,3,1954,4
1893,2,3,1,2016,2
2890,4,2,2,1979,4
1238,2,2,2,1952,3
2357,4,2,3,1962,3
1148,5,3,3,2015,2
1622,2,2,1,1988,2
2431,4,3,3,1998,3
1913,2,3,3,2020,3
1225,2,2,1,1985,2
1651,5,3,1,2013,2
2679,4,1,1,1972,4
2627,5,3,3,1993,5
1173,4,1,2,1967,2
2866,3,3,2,1979,5
1204,5,3,2,2005,2
1414,5,1,3,1959,1
2531,4,1,1,2001,4
2176,3,3,1,1978,3
2126,2,1,3,2019,4
2737,2,1,1,2018,4
1791,3,2,1,1970,2
2088,3,3,1,1953,4
2140,3,2,1,1955,3
2179,2,1,1,1993,3
2699,5,3,1,2016,5
2105,4,1,2,2014,2
2857,4,3,1,1976,5
2090,2,2,2,1994,3
2261,3,3,1,1994,3
2607,2,2,1,1984,4
2630,2,1,2,1954,5
2839,3,3,1,1950,4
1978,5,2,2,1981,2
2009,3,1,3,1953,3
2349,5,1,2,2015,2
1589,2,3,3,1999,2
2199,4,3,3,2016,4
2856,4,2,1,1957,5
1683,2,1,1,1974,2
2501,4,1,2,1975,4
2278,5,3,1,2016,2
1062,3,1,2,2004,1
1813,2,1,1,1957,3
1402,2,3,1,1970,1
2781,4,1,1,2014,5
1191,2,1,1,2011,1
2352,2,3,2,1987,3
1070,5,2,1,2003,2
1877,5,3,2,1976,2
1740,3,1,3,1955,2
1945,2,3,1,2016,3
2086,4,3,1,1965,3
2320,3,1,3,2016,4
1244,4,1,2,2012,2
1518,2,2,2,1962,3
1392,4,2,2,1986,3
1771,4,1,2,1952,2
2624,3,2,1,1966,5
2200,2,2,3,2001,5
2227,3,3,3,1990,3
2617,5,2,3,2011,4
2556,3,3,3,1999,4
1910,2,3,1,1960,3
2151,5,1,1,2011,4
2218,5,2,2,1967,5
2217,5,2,1,1960,5
1183,3,1,2,1968,2
1246,5,1,1,1966,1
2896,2,1,1,1961,5
2895,3,3,3,2015,5
1323,4,1,2,1989,3
1159,5,1,2,2002,3
1705,3,1,2,1993,2
1621,4,1,2,1980,2
1924,3,3,2,1988,2
1065,5,2,1,1995,2
1929,5,1,3,1984,2
1253,4,1,1,2012,1
2083,5,2,1,1953,3
1117,4,1,3,2002,1
1422,5,1,2,2008,2
1555,2,2,3,2015,1
2745,4,1,2,2005,4
1035,2,3,2,1985,1
1530,5,1,3,2009,3
1090,4,1,3,1965,2
2324,3,3,2,1962,4
2942,5,2,3,1956,4
2757,2,1,3,1976,4
2240,4,2,1,2009,4
2946,5,3,2,1990,5
1097,2,1,2,1969,1
2479,2,2,2,1966,3
2832,3,3,2,1997,4
1537,5,2,2,1957,1
2051,3,3,1,1976,4
2599,2,1,2,1991,4
2347,4,3,1,1959,3
2246,4,2,3,1990,4
1079,2,3,1,1986,1
1562,2,2,2,1952,3
2481,2,1,1,2008,3
1613,5,3,2,1967,2
1521,3,1,1,1960,4
2772,2,3,2,1980,3
2480,2,3,1,2014,4
1422,5,3,2,1969,1
2123,2,1,2,2006,3
2913,3,3,3,1971,5
2763,3,2,2,1982,5
2426,3,2,3,1956,3
1575,2,2,3,1983,2
2403,5,2,1,1999,2
1530,5,1,3,1994,3
1331,5,1,3,1996,2
2341,3,1,2,2009,5
1652,5,2,3,1978,2
2560,2,1,1,1950,5
1739,2,1,1,2009,3
2112,4,2,1,2002,3
2627,3,3,1,1961,3
1510,4,1,1,1990,1
2830,3,1,2,1999,4
2412,2,3,1,1954,4
1080,4,1,3,2018,1
1106,2,1,2,1988,1
2134,4,1,1,1975,4
2300,4,2,1,1954,3
2237,4,3,3,1972,2
2841,4,2,2,2006,4
1505,3,1,1,2012,2
2144,2,1,2,1984,5
2157,5,1,3,1977,4
2841,2,3,2,1983,5
1719,4,2,1,1977,1
2394,4,2,2,1964,3
2720,5,1,1,1997,5
2821,5,1,3,1950,5
1953,3,3,2,1952,3
2898,2,3,3,1974,4
2203,2,1,2,1988,3
1932,3,2,3,1958,2
2071,3,1,3,1975,5
2622,3,3,3,1965,3
1896,4,3,2,2012,2
1018,4,1,1,1978,1
2069,3,2,2,2014,2
1450,3,3,2,1975,1
1897,5,3,3,1980,1
2079,5,3,2,2010,3
2680,5,1,2,1961,4
2115,3,3,3,1952,2
1736,3,2,3,1963,2
2896,3,2,2,1977,4
1282,3,1,2,1961,2
2334,5,3,2,2006,2
1996,2,3,2,1962,3
1159,3,2,1,1983,1
2339,4,1,3,1995,4
2900,4,1,2,2011,5
2691,2,1,2,1962,4
2179,5,1,1,1961,3
1887,2,2,1,2002,4
2737,4,3,3,1970,4
1467,3,3,1,2002,2
2944,4,3,3,1980,5
1852,2,1,1,2004,4
1461,4,1,1,2016,3
1853,5,1,1,2015,2
2689,4,3,1,1996,4
2866,3,2,3,1975,5
2734,3,1,2,1992,4
2936,2,2,3,1971,5
1465,3,3,3,2016,3
2798,4,3,2,1982,5
1183,3,3,3,2014,2
2983,4,3,2,1999,4
1659,2,1,1,1959,4
2189,3,1,3,1979,4
1074,5,2,2,1997,2
1825,5,2,3,1974,3
2295,3,3,2,1964,4
2714,4,2,1,2001,3
1502,2,1,1,2011,2
1794,3,1,2,2002,3
2586,2,3,2,2007,4
1586,2,1,3,1966,3
1655,3,3,1,1965,1
2366,4,1,1,1951,4
1699,5,3,2,1962,2
1634,2,2,2,2018,3
1843,2,2,2,2005,3
2274,3,3,2,1978,5
2831,2,2,3,2006,5
1834,3,1,2,1992,2
2153,2,3,2,1973,4
1763,4,2,1,1972,3
1357,4,2,2,1966,1
2967,5,1,1,1972,4
1691,5,2,2,2019,2
2518,5,1,2,1999,3
1621,5,2,2,2016,4
1481,4,3,2,1996,3
1979,5,2,2,1960,2
2873,3,3,1,1988,4
2101,5,1,2,1995,4
1977,3,1,2,2012,1
2344,3,2,1,1961,4
2320,5,1,2,1955,5
2704,3,1,2,2004,5
1751,4,3,3,1964,3
2498,2,2,3,2001,4
1022,4,1,3,1966,2
1805,4,2,1,2020,2
1171,3,3,2,1990,2
1834,3,1,3,1955,3
1317,5,3,1,1971,3
1907,5,3,1,1994,3
1797,2,1,1,1962,3
1990,2,2,3,2018,2
1854,3,3,1,1953,4
2216,3,3,2,2016,4
1680,4,3,2,1973,3
1915,3,2,1,2004,1
2141,5,2,3,2000,5
2029,4,2,3,1964,3
1842,3,1,3,1991,1
1482,5,2,2,2020,2
1131,5,3,1,1965,1
2116,2,3,2,2017,3
2786,4,1,2,1982,4
2545,2,2,1,1974,5
2586,4,1,3,1953,4
1860,4,3,3,1964,3
1640,2,1,3,1985,4
1999,3,2,3,1989,3
1391,4,2,2,1951,2
1248,3,3,1,2021,1
2637,4,3,3,2017,5
2618,3,1,1,1961,5
1702,2,1,3,1984,4
2440,5,1,3,1984,5
2166,2,2,1,1958,4
2260,5,2,3,2005,4
1286,5,3,1,1979,2
1276,3,2,1,1986,2
1386,2,2,1,1985,3
2405,3,3,2,2003,3
1449,5,1,2,2009,3
1290,4,3,2,2019,2
2192,4,2,1,2017,3
1442,5,3,3,2012,2
1655,2,2,1,1958,3
2207,2,3,2,1988,5
2068,2,2,1,2008,3
1826,3,3,1,1979,3
2969,2,2,1,1993,5
2291,3,2,1,2011,5
1475,2,2,1,1959,2
1252,2,3,1,2019,3
2419,2,1,1,1969,5
1288,3,1,3,1998,2
2235,3,3,2,1995,3
1999,3,3,3,1995,5
2712,5,1,1,2014,3
1020,4,3,2,1983,1
1315,5,2,2,1998,2
1563,4,3,3,1965,1
2461,5,1,2,1986,4
2446,4,2,1,1989,5
2256,3,1,2,1998,4
2968,4,1,3,1988,4
1122,2,2,3,1997,1
1873,3,1,3,1984,1
1959,5,1,3,2019,3
2635,2,1,1,1977,5
1213,2,1,3,1989,2
2945,3,3,1,1967,5
1838,2,1,2,1987,3
1646,3,3,3,2001,2
1967,4,1,2,2010,4
2853,3,1,1,2016,5
1729,3,3,3,1996,3
1599,5,2,3,1985,1
1791,2,2,3,1962,2
1039,5,2,1,2000,1
1751,5,1,3,1964,2
2355,5,2,3,1981,5
1942,5,1,3,2000,3
1647,5,1,2,1959,1
1181,2,2,1,1952,1
1770,2,3,1,1964,2
2717,5,3,1,1958,5
2556,2,3,3,1980,5
1862,5,2,3,2018,4
1431,2,2,3,1952,2
2966,2,2,2,2021,4
2219,2,2,1,2002,3
1527,2,2,2,2017,3
2225,3,3,3,1958,3
1874,4,3,2,2013,4
2753,4,2,2,1983,4
2628,3,1,3,2014,4
2156,4,2,2,1975,4
2162,2,3,1,1983,3
1668,5,3,1,1977,2
2516,5,3,1,1964,3
1846,2,3,2,1966,2
1069,2,3,3,1960,2
1815,4,3,3,1998,3
2038,3,2,1,1970,4
2770,5,1,2,1980,5
2235,2,1,2,1977,4
2825,3,3,1,1970,4
2083,3,2,3,1987,2
2275,2,2,2,2004,4
1445,3,3,1,1967,1
2025,5,3,3,1973,4
2771,5,3,2,2013,5
2359,3,2,1,1991,5
1018,2,2,2,1987,1
1560,3,1,2,1988,1
2101,4,1,3,2020,4
1471,2,1,3,1951,2
1027,2,1,2,2013,1
1559,2,1,3,1953,3
2188,2,2,3,2002,1
1457,2,1,1,1990,1
1944,5,3,1,2020,3
2900,5,2,2,2018,4
2199,5,1,3,2021,4
2608,2,3,3,2005,3
1983,2,1,1,1951,2
1867,5,1,3,1972,2
2015,5,2,1,1952,3
2979,5,2,3,1996,3
1825,4,1,2,1993,3
1815,5,1,1,1959,4
1278,5,2,3,1956,2
1282,5,1,3,1968,2
2502,5,3,3,2021,4
2002,3,1,1,1996,3
2542,5,2,2,1971,5
1304,2,1,1,1969,1
1693,4,3,2,1991,1
1108,5,3,1,1962,3
2229,3,1,1,2001,2
2257,4,2,1,2008,4
1457,4,2,1,1982,2
2210,5,1,1,1973,4
2963,3,1,3,2004,5
1481,3,3,3,1966,3
1921,4,3,2,1974,2
2864,4,3,1,1977,3
2532,3,3,3,2013,3
2892,2,1,1,1989,4
1519,4,1,3,2014,3
2076,5,1,2,2007,4
2421,3,2,2,1983,2
2222,4,2,3,2018,4
1390,3,3,1,1955,1
2672,4,1,2,2013,4
1770,3,3,2,1960,5
2869,3,1,3,1969,5
1912,4,1,1,1966,2
2521,5,1,3,1989,4
2195,3,1,2,1973,1
1557,5,1,1,1953,2
1857,3,1,3,1974,2
2209,3,2,3,1992,3
2179,3,2,2,1989,4
2516,5,3,3,1971,4
2933,3,1,1,1967,5
2544,3,3,3,1962,4
2650,3,2,3,1987,4
1665,3,1,3,2018,3
2153,4,2,3,1989,3
1842,3,2,2,1992,4
2104,5,3,3,1956,3
2407,5,1,1,1953,4
2682,4,1,1,2021,3
1294,4,1,3,1954,3
1268,2,1,3,1996,1
1644,5,2,2,1969,2
2585,5,2,1,1983,5
1534,3,3,3,1969,2
2401,2,3,3,2019,3
2399,5,3,1,1979,4
1087,2,2,1,2012,2
1924,2,2,3,2006,2
2647,4,1,2,2008,4
1583,5,3,1,1978,3
2177,3,1,3,2000,4
2486,5,1,2,1983,3
1768,5,2,3,1982,3
2179,3,2,2,1968,4
2648,5,3,2,1998,3
2341,2,2,3,1955,4
2582,4,3,3,1979,4
1237,3,1,2,1989,1
1333,3,1,2,1971,1
1105,2,1,1,1956,1
2505,4,1,2,1976,5
2722,5,2,2,1954,5
2694,4,1,3,2021,4
2733,4,2,3,2000,3
1381,4,1,2,2019,1
1688,4,1,2,2006,3
1260,4,2,2,1982,1
2822,4,3,2,1979,5
2316,2,2,1,2005,4
2358,3,3,1,1958,3
1654,2,2,1,2010,4
1819,5,3,1,1950,3
1708,3,3,1,1961,2
1475,3,2,1,1973,2
2248,5,3,1,1973,4
1906,3,2,3,1995,4
1554,5,3,2,1977,1
2477,4,1,3,2021,4
1662,4,1,1,1993,2
2319,3,1,2,1962,5
1574,3,2,1,1966,2
1641,4,3,2,1977,3
1462,5,2,3,1980,1
1854,3,2,2,1991,3
2237,3,3,3,2012,5
1584,2,2,1,2009,3
1942,4,2,3,2015,4
1615,4,3,1,2010,2
1157,3,1,2,1977,2
1271,2,3,2,2001,3
2850,5,1,2,1956,5
2326,4,1,1,1990,3
2907,2,1,1,1957,5
1669,2,2,2,1995,2
1620,5,1,1,1999,3
1520,4,2,2,1987,2
2344,3,3,3,1988,4
2381,3,1,2,1980,4
1703,4,1,1,1998,3
1647,5,1,3,1953,3
2274,2,1,3,1974,1
1890,3,3,3,1985,2
1435,2,1,2,1981,3
1858,2,3,3,1955,3
1977,4,3,2,1961,3
2375,3,2,2,1952,4
2593,2,2,1,1966,4
2712,3,1,2,1992,3
2823,4,3,2,1973,5
1244,2,3,1,2000,1
2583,2,1,2,2017,5
1300,2,1,2,1982,2
1437,3,3,2,1995,1
1867,3,2,3,1989,3
1099,2,3,3,2007,1
1724,3,1,2,1968,1
1813,3,3,2,1957,2
1479,2,1,2,1960,1
1414,2,2,1,1970,2
1164,5,3,3,1955,1
2935,5,1,2,1966,5
2661,4,2,1,2015,3
2325,2,3,2,2021,5
1973,2,1,3,2016,4
2144,2,1,1,1962,2
1087,2,3,2,1978,1
2240,2,3,2,1985,3
1572,2,1,3,1965,2
1813,2,1,3,1950,2
1178,2,3,2,2021,2
2725,5,2,1,2012,4
1162,5,1,3,1997,2
1592,5,2,2,1999,2
2005,4,2,3,1951,4
2193,3,2,1,1993,4
1300,4,1,3,1986,1
1373,4,2,1,1992,2
1707,2,3,1,1976,1
1202,5,3,2,1959,2
1046,2,3,2,1997,1
1462,2,1,1,1996,2
2693,5,2,2,1985,4
1407,2,3,1,2002,3
2217,3,2,2,2021,4
1426,3,1,1,1954,1
1929,4,3,1,1955,1
2814,5,1,2,1976,4
1316,3,2,2,1997,2
2502,4,2,2,1959,3
2292,4,2,2,2017,3
2504,4,2,1,1993,3
2734,3,2,2,2011,5
2759,4,2,1,1966,4
1262,5,1,2,2020,3
2449,2,1,1,2003,2
1165,5,2,1,2007,1
2715,2,2,3,1963,5
1427,5,1,3,1978,2
2727,2,3,1,1953,5
1396,5,3,1,2004,1
2239,2,2,1,2007,3
1106,4,3,2,1975,2
2903,4,2,1,1960,5
2505,2,1,2,1951,4
2522,5,2,3,2021,5
2253,5,2,3,2005,4
2280,3,1,3,1958,4
1042,4,2,3,1964,1
1241,4,3,3,2003,1
2577,3,3,3,1999,5
1094,4,1,3,1961,1
2969,3,3,3,1950,5
2789,4,2,2,2016,5
1187,5,1,1,1977,2
1384,3,3,2,2004,3
1818,5,1,1,1986,4
2423,4,1,1,1993,4
2529,5,2,1,1961,4
2190,5,2,3,1961,3
2806,2,1,1,2017,5
2148,4,3,2,1963,3
2696,2,3,1,1960,5
1086,3,1,2,1991,1
1488,4,3,2,1991,2
1225,2,2,3,1951,1
2680,2,1,3,1966,5
1344,4,2,3,1989,1
2783,5,2,2,1969,4
2897,3,2,2,1999,5
1517,2,1,2,1969,1
2054,4,3,2,2003,3
2732,2,2,2,2010,4
2767,3,2,2,1961,5
1295,3,3,2,1976,4
1413,3,3,3,1972,2
2860,2,2,1,2001,4
1134,5,1,3,1992,2
1524,5,1,3,1957,2
2008,4,3,2,1997,5
1177,5,3,2,1964,1
1745,3,3,1,1965,2
1258,4,1,3,1989,2
1651,3,3,3,1996,3
2088,2,1,1,2014,3
2818,2,1,1,1980,5
2386,3,3,1,2011,5
2841,4,1,3,1967,3
2740,5,2,1,1993,3
2040,5,2,2,1994,5
2223,4,1,2,1958,3
1543,5,2,3,1975,1
2235,5,3,2,1950,4
1434,3,1,1,1953,2
2296,2,2,2,2005,4
1289,4,1,1,1955,2
1802,4,3,3,1952,3
1482,5,1,1,1976,1
1233,5,2,2,2019,2
1407,2,3,1,1984,2
1693,4,3,3,1967,4
2169,3,3,1,1982,4
1561,2,3,2,1997,3
1429,3,3,3,1981,1
1431,2,3,2,1998,2
2638,3,3,2,1998,4
1496,3,1,1,1965,3
2112,5,1,3,1967,4
1996,4,3,3,2002,4
2434,3,1,2,1955,4
1896,5,1,1,1967,2
2876,3,1,1,1987,4
1826,2,3,3,2016,3
2264,5,3,1,1968,2
1777,4,1,3,1982,3
2688,4,1,1,1952,5
1467,2,1,3,1986,2
1568,3,2,3,2001,3
2345,4,1,3,1990,5
1374,5,1,3,1977,3
2135,2,3,1,1985,3
1526,3,3,3,2017,2
1411,4,2,3,1965,2
1268,2,1,3,1976,1
1625,2,3,3,1964,1
2275,4,1,2,2001,2
2011,3,3,2,1953,4
2397,4,2,3,2009,5
2677,2,1,2,1991,4
2649,2,2,1,1991,3
1449,5,3,3,2002,2
1801,3,3,1,1971,3
2892,4,3,1,1967,5
2560,3,3,2,1987,3
2391,3,1,2,2017,4
1821,2,3,2,2015,2
1254,5,1,3,2016,2
2486,4,2,1,1978,4
2291,4,3,1,1999,5
1125,5,1,2,1995,1
2416,5,1,2,2012,5
1761,2,1,3,1992,1
1798,2,3,3,1954,2
2357,4,1,2,1953,3
1564,5,2,2,1974,1
2391,3,2,2,1996,3
2578,3,2,1,1992,3
2577,4,2,1,2009,4
2915,3,1,2,2011,5
1455,3,3,3,1964,1
2711,5,2,2,2014,5
2090,2,3,1,2017,3
2089,3,3,3,1967,2
1911,2,1,3,1989,3
2618,3,3,2,2014,3
1861,4,2,2,2021,2
1616,2,3,1,2011,2
1399,4,1,1,1959,3
1286,2,3,1,1954,1
1185,5,3,2,1950,3
1283,3,2,3,1999,1
2539,4,2,3,1980,3
1649,2,3,3,2011,2
1690,4,3,3,1976,1
2041,3,3,1,1969,2
1814,5,1,2,1984,3
1927,2,1,2,1957,3
1413,3,3,2,1963,4
1008,5,1,3,1996,1
1419,5,2,3,2014,2
1028,2,2,3,1985,2
2679,5,2,2,1956,3
1347,4,1,2,1995,2
1660,5,1,3,1955,1
1575,4,3,3,2021,3
1379,5,1,2,1964,4
1698,5,2,2,2014,2
1365,2,1,3,1962,1
2250,2,2,3,1998,3
2141,5,1,3,1994,2
1411,2,2,2,1950,4
1950,4,3,3,2013,1
1355,3,2,2,1995,1
1253,4,2,1,1958,1
2566,4,1,2,2009,5
2696,2,3,3,2005,4
1726,3,1,3,1953,3
2467,5,2,1,1959,4
1680,2,2,3,1992,2
2104,4,2,3,2002,2
2069,3,2,1,1958,2
2072,2,1,1,2013,2
2472,4,1,2,1963,3
1809,4,1,3,1988,2
2430,5,3,3,1950,5
2903,5,2,1,1967,5
2306,3,3,3,1990,4
1472,4,2,3,2010,2
1415,4,1,3,1984,1
1978,5,2,3,2021,4
1599,4,2,2,1983,2
2144,5,3,1,1982,2
2026,4,1,3,1970,3
2339,5,2,3,1971,3
1459,5,1,3,2018,2
2250,3,3,1,1973,5
1078,4,2,1,1999,2
2680,4,2,3,1972,4
2777,5,2,2,2011,4
2567,4,2,2,1975,4
1774,5,1,2,1999,4
2746,3,3,2,2011,3
2094,3,3,1,1963,3
1895,5,2,1,1978,3
2220,2,3,3,1992,5
1057,3,3,1,1960,2
2447,4,1,2,2012,5
2492,5,1,3,2003,2
1623,5,1,1,1996,3
1047,3,1,3,2021,2
2458,5,2,1,1954,5
2208,3,1,3,1974,4
2902,5,2,2,1986,5
1838,3,3,2,2008,3
1164,4,3,2,1981,2
2750,2,1,1,1966,4
2354,2,2,3,1997,5
1329,2,2,2,2014,2
2144,2,2,2,1994,3
1212,3,3,3,2015,1
2846,5,1,2,1993,4
1506,2,3,3,2020,2
2576,5,2,1,2019,5
2888,3,3,2,2012,4
1915,3,1,3,1974,3
1167,4,1,3,2001,2
1994,2,2,2,1994,3
2569,5,3,1,1970,4
1829,2,2,3,1972,1
1995,3,1,1,1961,3
1986,3,2,1,1989,2
1786,5,1,2,1964,3
1426,5,3,1,1971,4
2732,5,1,3,1975,5
2726,2,3,1,1990,4
2244,2,3,1,1953,4
2015,4,1,2,2020,3
2033,5,3,1,1973,3
2143,4,3,3,1954,2
2658,4,1,3,1977,3
2270,3,1,3,1994,3
2383,4,1,2,2001,3
2932,3,2,2,1995,5
2244,5,1,3,1996,4
1772,3,1,1,1994,2
2081,2,3,1,1968,3
2483,5,2,2,1974,5
2151,2,2,1,1953,3
2722,2,1,1,1982,4
1716,5,3,3,1983,4
1103,5,3,1,1996,2
1142,4,2,2,1969,1
1204,2,1,2,2004,1
1640,3,2,1,1960,3
2781,5,3,1,2017,5
2061,5,2,2,2011,4
2386,2,1,1,1952,1
2644,5,1,3,1952,4
2332,4,3,1,1954,4
2075,3,2,1,1972,2
1000,4,3,1,2016,1
1010,2,3,1,1962,2
2849,3,1,2,1981,5
1746,2,3,1,1958,4
2663,2,3,3,2018,3
2959,4,1,1,1987,5
2237,3,2,3,1997,3
1955,2,2,2,2012,4
1754,4,2,3,1972,2
2579,4,1,2,1961,4
1517,3,3,2,1970,3
2691,5,2,2,1985,3
2438,5,1,3,1976,5
2031,2,2,3,1997,1
2385,3,2,2,1963,3
1693,5,3,1,2005,1
2003,2,2,3,1964,4
1272,5,2,3,2004,1
1421,3,1,1,1959,1
1264,3,1,2,2020,1
2481,3,1,1,1964,4
1211,4,1,1,1955,1
2101,2,1,1,1968,3
1781,3,3,2,2002,4
1665,4,1,3,1981,2
2244,4,2,3,1961,5
1368,3,3,3,1984,3
1957,2,2,2,2011,4
1346,5,3,1,1991,2
1024,4,1,2,2015,2
1975,3,3,2,1956,4
2443,2,2,1,1962,3
2377,2,3,2,1994,5
2743,3,3,1,1984,5
1416,4,1,2,1963,2
1514,5,2,2,1950,1
1214,2,3,2,1960,2
2135,2,3,2,1989,2
1953,2,2,3,2012,3
2727,2,2,3,1987,5
1913,4,2,1,1978,2
2582,4,1,1,2000,4
1427,3,1,2,2010,2
1732,5,2,3,1957,1
1698,5,2,3,2010,3
2585,3,1,3,1952,3
1215,5,2,3,1962,2
1412,3,2,3,1955,1
2756,2,1,3,1985,4
2625,4,2,2,1955,5
1231,5,2,2,1964,2
1834,2,2,1,1980,2
1257,4,2,2,1985,3
2688,4,1,2,1956,5
2279,3,3,3,2013,4
1402,4,3,1,1968,3
1423,3,2,2,2004,3
1769,4,3,1,1951,2
1064,2,3,2,2006,2
1189,2,3,2,2000,3
2626,2,2,2,1985,5
1949,2,3,3,1984,3
1172,2,3,2,1986,1
1758,5,2,3,1985,3
2791,2,1,2,1954,4
1627,4,1,1,1970,2
1560,3,1,3,2002,2
2250,5,1,2,1994,3
2000,4,3,2,1987,3
2604,2,2,2,2019,5
2957,2,1,1,1956,4
2411,4,2,2,1957,5
1400,5,1,1,1979,2
1637,3,3,2,1973,4
1948,3,2,1,1970,4
1212,3,1,3,1987,1
1623,2,3,2,1970,1
1751,2,1,2,1954,3
1661,5,2,1,1978,5
1138,3,1,3,1970,3
1417,4,3,2,2016,4
2648,4,3,1,1996,4
1142,2,1,1,2011,2
1508,2,1,3,1962,3
1649,2,2,2,1962,1
1485,5,2,2,1991,2
1991,3,1,2,2011,4
2839,3,2,2,2004,3
1542,3,3,2,1974,4
1292,5,3,2,1989,2
2643,3,3,1,1971,3
2307,3,3,2,1965,2
1837,3,2,1,1959,1
2037,3,3,1,1962,3
1633,2,1,1,1953,3
1271,3,1,2,2015,2
2048,2,1,1,2021,4
1321,4,1,1,2014,3
1805,4,1,3,2005,4
2704,5,3,2,1999,4
2126,4,2,1,1994,3
1882,4,3,2,2010,1
2063,4,2,2,1998,4
1234,4,2,3,1988,1
1831,4,2,2,1996,2
2112,2,2,3,1990,3
2123,4,2,2,1966,3
2105,2,2,2,2002,3
1588,2,1,1,1957,1
2594,5,3,2,1981,5
1228,3,3,3,1956,3
2626,5,3,3,1997,5
2418,2,3,3,2009,5
2536,2,1,1,1996,4
2804,5,1,3,1992,5
2821,4,2,2,2010,4
2220,3,2,2,1994,4
1273,3,3,3,2013,2
1589,4,2,1,1953,4
1652,3,2,3,2012,3
2823,4,3,2,2006,4
1582,5,2,3,1984,2
1967,2,1,2,1963,3
2585,4,2,2,2001,3
1371,2,1,3,2011,2
2904,2,3,3,2013,4
2103,3,3,2,2012,4
2258,4,2,2,1979,3
2310,2,3,3,1977,3
1818,3,1,3,2007,1
2690,5,1,1,1951,3
1571,4,1,3,1980,3
1544,5,1,1,2000,3
2460,2,2,1,1984,3
1126,2,3,3,1973,2
1732,4,2,2,1981,3
2735,5,1,3,1968,5
1416,2,2,1,1954,2
1637,4,3,1,2014,2
1040,4,3,1,1973,1
1786,4,2,2,1965,2
1296,2,1,3,1994,2
2620,4,2,2,1956,4
2624,3,3,2,1970,4
1631,4,2,2,1951,2
2302,4,3,3,1988,3
2482,3,3,2,1958,4
1032,5,1,3,1996,1
2299,2,3,2,2014,4
1664,2,2,2,1980,2
2113,5,1,2,1992,4
1615,4,2,3,2018,4
1947,4,1,1,2016,3
2547,2,3,2,2004,4
2952,5,1,3,1983,4
1457,2,2,1,1992,2
2731,3,3,1,1991,4
1398,4,2,2,2006,2
2842,5,2,1,1991,4
2797,2,3,1,2005,2
2114,2,1,2,1971,4
2732,3,2,3,2004,5
1580,4,1,3,1972,2
2489,3,3,1,2019,4
1219,5,1,1,2021,1
2442,2,3,1,2006,5
2749,3,1,3,1953,3
1929,3,3,3,2006,3
2470,3,2,3,1951,5
1963,4,2,2,1981,3
2169,2,1,1,1994,3
1232,4,2,3,1984,2
2394,5,3,1,1954,2
1921,4,2,2,1985,2
1233,3,2,1,2015,2
1725,5,1,2,2019,2
1366,5,3,1,2007,2
1480,4,2,2,1954,2
2596,4,3,1,2019,5
2386,3,1,3,2010,3
1589,3,2,3,1950,2
2534,5,3,2,2015,3
2118,3,2,1,2004,3
1724,5,3,1,1957,2
2839,4,2,2,1970,4
1711,4,2,3,2013,2
2887,2,3,3,2002,3
2566,4,1,3,1961,3
2825,3,1,2,1993,5
2878,2,2,1,1964,4
1984,5,3,2,1965,3
2158,4,2,1,1954,4
2106,5,1,2,2005,3
1390,5,1,2,1971,1
2070,4,1,2,1994,2
1391,4,2,1,1964,3
1717,2,3,2,2010,3
1384,2,2,1,2007,1
1380,5,3,1,1992,2
2100,5,2,3,1966,2
2282,2,3,1,1959,4
2972,5,3,3,2005,4
1603,3,1,3,1979,3
1933,4,1,3,1983,1
2970,4,2,2,1991,5
1398,3,3,1,1981,2
1099,2,1,3,1989,3
2524,2,2,1,2010,5
1382,5,1,2,1956,3
1706,5,3,3,1976,3
2215,2,1,3,2005,4
2603,5,2,3,2014,3
2924,3,2,3,2017,5
2777,4,2,3,2017,5
2625,3,2,2,2021,5
1009,4,2,3,1964,1
2291,5,1,3,1962,5
1831,4,1,2,1969,4
1629,5,3,1,2014,2
1761,3,2,2,1994,2
2594,2,1,2,2012,3
1194,5,2,2,2005,1
1561,5,1,3,2006,1
2430,5,1,1,2000,3
2319,2,2,3,1990,3
2913,3,3,3,1980,5
1096,4,2,2,1962,1
1461,3,3,3,2013,3
1757,2,2,1,1960,3
1086,3,3,1,1996,1
1990,5,2,1,2019,4
2912,4,3,1,2020,5
2739,2,2,2,1984,4
2169,3,2,3,1963,2
1660,4,2,1,2005,3
2134,3,3,2,2019,4
2664,5,1,1,1968,5
1764,2,1,1,2000,1
1677,2,3,3,1958,3
2320,5,2,2,1973,4
2672,4,2,2,1962,5
1790,3,3,3,1952,4
2357,3,2,2,2021,4
2546,3,1,3,1980,3
1582,4,1,1,2011,2
1670,3,3,1,1963,3
2751,2,3,3,1965,4
1537,3,3,2,1983,2
2821,4,2,2,2014,5
2185,2,1,1,1980,2
1429,5,3,1,1971,2
2637,2,1,2,2001,2
2092,4,1,1,1965,4
1132,2,1,2,1959,2
1188,3,1,1,1999,1
2746,4,3,3,1964,5
2778,5,3,2,1985,5
2701,3,2,3,1990,4
2947,4,3,2,1983,5
2945,4,1,3,1953,5
1572,5,2,3,2013,2
2897,5,2,1,1982,4
1278,4,3,2,1972,1
2453,5,3,1,1993,4
2648,5,1,2,1991,5
1541,3,3,3,2016,3
2858,4,2,2,2015,4
1745,3,1,1,1971,3
1898,4,2,2,1990,3
1452,4,2,3,1980,4
1888,3,2,1,1978,2
1850,5,2,2,1978,2
1169,2,3,3,2001,1
1829,2,2,1,1970,2
1697,4,3,1,2019,2
2080,4,2,3,1965,4
2263,2,2,2,2000,4
1768,4,2,3,1977,3
1357,2,3,3,1997,1
1200,5,2,3,1958,2
1443,2,3,2,2009,1
2860,2,1,2,2019,3
1826,2,1,2,1979,3
2325,4,2,3,1981,3
2129,5,2,1,1977,4
2825,3,2,1,1974,3
1100,3,2,2,1977,1
2120,2,1,1,1965,3
2688,4,3,1,1962,4
1937,3,2,2,1960,3
1028,3,1,2,1974,2
2529,2,3,3,1959,5
1664,2,2,3,1971,3
2461,4,1,2,1999,2
2402,3,2,1,1991,3
1253,5,1,1,1982,3
2934,5,2,3,1964,5
1515,2,1,1,1993,1
1748,4,2,3,1983,2
2573,5,3,3,2010,3
2043,5,2,1,1968,4
2648,5,1,3,1995,5
1534,2,2,3,2010,2
1420,2,2,3,1989,2
1878,5,3,2,1966,3
1135,2,2,3,1975,3
2528,2,1,1,1959,2
2956,4,1,3,1957,5
2783,2,1,2,2007,5
2324,3,1,1,2002,2
1032,2,3,2,1985,3
1646,3,1,2,1955,2
2790,3,2,2,1976,3
1277,2,3,2,2004,1
1132,4,3,1,1991,1
1749,5,1,1,1995,2
2812,4,2,1,1996,4
1125,2,2,1,1951,1
1344,2,2,2,2005,2
1016,3,1,1,2016,3
1823,3,3,2,2005,3
1561,4,3,1,1976,3
1646,2,1,3,1991,3
1629,3,3,3,1998,1
2401,3,3,3,2018,3
1817,5,1,1,1962,2
2660,4,3,1,1985,5
1466,2,1,3,1997,2
1627,3,2,3,1977,3
1390,5,2,2,2002,4
1935,3,3,3,1972,2
1684,3,1,1,2007,2
2210,2,2,3,2013,2
1497,5,1,1,1969,2
1599,4,3,2,1994,1
2738,4,3,1,1997,5
2384,2,1,2,2010,3
2855,4,1,2,2011,5
1448,3,2,2,1981,3
2717,4,3,3,2005,4
2887,5,3,1,1970,4
1679,3,2,3,1991,2
2204,4,2,2,1983,3
2835,5,2,3,1964,4
2982,3,3,2,1977,5
1129,5,1,2,1992,1
2998,2,1,1,1956,4
1148,2,3,3,2003,2
2495,4,3,2,1998,2
1817,5,1,1,1958,2
2744,3,2,1,2005,4
2646,5,2,2,1999,4
1947,5,3,1,1981,3
1499,2,3,1,1982,2
2672,2,3,3,1961,4
2378,4,3,1,2019,5
2234,5,1,3,1951,4
2619,3,1,2,1958,4
2053,2,2,1,1960,3
1576,5,2,1,2012,2
2047,4,3,3,2020,5
1983,2,2,2,2020,2
2966,5,3,3,1971,5
1722,2,1,2,1976,2
1221,4,3,2,1981,3
1601,5,2,3,1997,1
2641,4,3,2,1961,5
1683,5,1,2,1968,3
1741,5,1,1,1977,1
1924,4,3,1,1968,2
2612,3,2,1,1985,4
1579,4,3,2,1968,3
2900,4,3,3,2003,5
2888,4,3,3,1986,5
1900,4,1,3,1954,4
2627,2,1,1,2004,4
1511,3,2,2,1984,1
2488,2,1,3,1952,3
1049,3,2,3,1956,1
1102,3,3,3,1974,2
1367,4,3,1,1966,4
1935,3,2,2,1973,2
2515,4,2,3,1969,3
2714,3,1,2,1968,5
2802,3,3,1,1979,5
2291,4,1,1,2010,4
2420,3,1,2,2018,3
2343,5,2,2,1974,5
2543,2,1,1,1997,4
2472,2,2,2,1965,3
2800,5,1,2,1978,5
2499,3,3,2,1986,5
1897,5,1,3,1957,3
1908,2,2,1,1999,3
2263,3,2,3,2012,3
2967,2,2,1,1957,5
2865,2,3,3,1964,3
2666,2,2,3,1955,5
2987,2,2,1,1965,5
1389,5,1,3,1950,1
2366,3,1,2,1968,5
1772,2,1,2,1998,2
2410,2,2,1,2015,3
1682,3,3,1,2019,2
2682,4,1,3,1989,4
1269,5,3,1,1992,1
2403,5,3,1,1983,3
1027,5,1,1,2007,2
2172,2,1,3,1950,3
2443,2,2,3,1956,4
1279,2,2,1,2013,2
2205,5,1,1,2020,4
1165,2,1,3,1995,1
1016,4,1,2,1987,2
2173,4,1,1,1976,2
2068,2,3,1,2016,2
2525,3,3,2,1967,5
1841,5,3,3,2006,2
1188,3,2,3,1951,1
1650,4,1,3,1969,3
2084,5,3,1,1973,4
1293,4,3,3,2001,2
2056,5,3,3,2019,4
2322,5,3,3,2020,4
1414,4,2,3,1960,3
2647,2,3,1,1951,4
1802,4,1,2,2019,3
2572,5,3,2,2003,2
1430,4,2,2,2016,2
2518,4,2,3,2015,3
2123,3,1,1,1954,2
2046,5,2,2,1954,3
2443,4,3,1,1952,5
2447,5,1,3,2012,5
1486,4,3,3,1984,1
2753,3,1,1,1983,4
1088,4,2,3,1951,1
2232,2,2,2,2013,3
1270,5,3,1,1999,3
1899,3,2,3,1972,3
2429,4,2,2,1963,2
2744,5,3,2,1972,5
1277,4,2,3,2021,2
1205,3,1,1,1962,3
2613,2,2,3,2020,4
1912,3,1,2,1985,4
1327,2,1,3,2016,3
2633,2,1,1,1982,5
1857,5,1,2,2013,3
1876,3,1,3,1973,2
1861,4,2,3,1963,2
1605,3,3,3,1957,3
2061,4,3,1,2003,3
2013,4,3,3,2012,4
2943,4,1,3,1983,4
2251,3,2,3,1973,3
2506,3,1,1,2001,5
2157,4,3,2,1960,2
1707,5,1,1,1985,2
1977,4,3,2,2019,3
2413,4,3,2,2018,3
2817,5,3,1,2004,3
2636,5,3,3,1986,5
1424,5,2,1,2002,1
1586,4,3,3,2006,2
1805,5,2,2,2010,3
2533,3,2,2,2002,3
1719,5,3,2,1979,3
2618,4,2,3,1984,4
2450,2,3,2,2006,5
1948,2,3,2,2014,3
1654,3,3,2,2000,1
1473,2,3,2,1957,1
1567,2,2,3,1987,1
2384,2,1,2,1982,5
2975,3,1,3,2008,3
2822,2,3,3,2015,4
1210,4,3,3,2006,2
2976,2,3,1,1994,4
2202,5,1,1,1951,3
2943,2,1,2,2002,4
2081,2,3,2,1956,4
2096,4,2,1,1998,1
1214,3,2,3,1988,1
1899,3,1,3,1952,3
2801,2,2,2,2001,4
2982,4,2,3,2003,4
2096,2,3,3,1961,4
1466,3,2,2,1957,2
2294,3,3,2,2021,3
2522,5,3,2,1999,4
1353,5,3,2,1960,2
2257,4,3,2,1995,5
2342,4,2,1,2015,3
2042,3,1,2,1983,3
1624,3,2,2,2007,1
2598,3,1,2,1970,5
1371,2,1,2,1959,1
1183,5,3,3,1959,1
2300,5,2,1,1954,2
1673,3,1,3,1974,2
1754,3,1,1,1992,4
2168,5,2,2,1990,3
2681,4,1,3,1974,4
2104,3,2,1,1953,4
1321,3,3,3,1962,1
2856,3,3,1,2012,5
2336,5,3,3,1984,3
1292,5,2,3,1969,1
1687,4,3,3,1995,3
1887,4,2,2,2004,2
1068,5,1,2,2012,1
1055,4,3,2,1967,1
1630,5,3,3,1982,5
2227,4,1,2,2011,3
1419,4,1,2,1967,1
1566,5,2,3,1977,3
1549,3,3,2,1956,1
1242,2,3,2,1992,2
2224,3,2,2,1985,3
1747,4,3,1,2001,3
2497,5,2,3,1985,3
1526,4,2,1,1990,3
2679,3,1,1,1970,5
2501,3,3,1,2015,5
1439,5,1,2,2002,2
2286,3,3,2,1983,5
2208,3,2,2,2017,4
2078,2,3,3,1957,5
2331,4,2,1,1980,4
1515,5,3,3,2008,1
2322,5,3,1,1970,4
2575,2,1,3,1953,3
2253,5,2,1,1958,5
2400,5,1,1,2000,3
2309,3,1,1,2005,3
2161,3,1,2,2007,2
2501,2,1,2,2017,2
1614,5,2,1,2012,3
2030,2,2,1,1991,2
1675,4,3,1,1984,3
2442,4,3,2,2003,3
2495,2,1,1,1965,4
1419,4,3,1,2016,4
2900,5,1,2,1985,5
1275,3,1,2,1985,1
2584,2,3,3,2003,4
1607,4,2,3,2006,1
1570,5,3,3,1986,3
2766,3,3,2,2006,5
2712,2,2,1,1997,4
1089,4,3,1,1987,3
1281,3,1,3,2003,2
2571,2,3,3,1956,5
2194,4,2,2,1953,1
1637,5,2,3,1959,2
1810,3,3,3,1967,4
2378,3,3,2,2011,4
2227,5,3,1,1972,5
2312,3,1,1,2011,2
1867,3,2,1,1964,2
1461,2,1,3,2004,3
2632,5,1,2,1977,5
1749,3,1,3,1985,1
2196,5,2,2,1975,3
1300,2,2,2,1962,2
1599,2,1,1,1955,2
2934,5,2,1,2002,5
2886,5,2,2,1978,5
1139,2,3,2,1969,1
2789,3,2,2,2009,2
1277,2,2,1,1965,3
1662,2,2,1,1975,2
1510,4,1,3,2004,2
2369,5,3,1,1956,4
2869,2,3,2,2013,4
2163,4,1,3,1968,2
1113,5,2,3,1983,3
1579,2,2,3,2010,1
2530,4,3,3,1975,4
2389,2,2,1,1973,3
1690,3,3,1,1989,2
1636,5,1,3,1992,2
2420,5,3,1,1962,4
2848,2,3,1,2016,5
1822,4,3,1,1963,2
2873,4,3,2,1956,5
1874,3,3,2,2006,4
2947,3,1,3,2013,5
2893,4,2,1,2001,4
2768,5,2,3,2003,4
1939,3,3,3,1960,3
2682,2,2,2,2012,3
1941,2,3,1,1974,4
2134,5,2,1,1993,3
1357,3,2,2,1986,2
2261,2,2,3,1990,3
1002,5,1,1,1989,1
2746,2,3,1,1958,4
1403,3,3,1,2000,1
1024,5,1,1,2014,2
2866,4,1,2,2013,4
1508,2,1,1,2004,1
1695,5,1,3,1985,2
2488,3,1,1,2014,5
1060,4,3,1,1987,3
1122,2,3,1,1960,2
2520,2,3,2,1959,3
2186,2,2,2,1958,4
1973,4,2,1,1999,4
2722,3,1,1,1961,4
2062,3,1,2,1988,5
2720,5,2,1,2005,4
2106,3,1,3,1960,3
2730,5,2,2,2015,5
1545,3,3,2,1991,1
1424,5,3,2,2016,1
1917,5,3,2,2007,3
1229,4,2,2,1989,1
2306,5,3,1,1981,5
1916,4,3,1,2020,3
2960,5,1,2,1984,5
2310,5,3,1,1950,2
1164,4,2,2,1956,2
1961,4,1,3,1950,3
2205,4,1,2,1970,1
2262,5,1,3,2006,2
1648,5,1,2,1976,3
2362,3,2,3,1976,3
1937,3,2,1,2021,3
1511,5,2,2,1994,2
1931,3,3,2,1999,3
1265,4,1,2,1986,2
1186,3,1,1,2013,2
2063,4,2,3,1994,4
2845,5,1,2,2012,5
2516,3,3,3,2017,2
2702,4,1,2,2000,5
1390,5,3,3,2014,5
2283,5,1,2,2018,3
1654,4,1,1,1963,1
2739,4,2,1,1986,4
1175,5,3,3,2009,1
1773,2,1,3,1964,2
1763,2,1,3,2020,3
2352,4,2,1,2016,5
1930,3,3,1,2000,1
2223,4,3,2,1995,3
1710,5,2,1,1960,3
2219,4,1,3,1999,3
1825,2,3,1,2005,3
1588,4,2,2,1979,2
1530,2,2,2,1991,4
2085,3,2,3,1988,4
2350,3,2,3,1980,2
2929,3,2,1,1980,3
1280,4,1,3,1986,3
2963,2,3,1,2020,5
1226,3,1,3,1961,3
1638,4,1,3,1980,2
2081,2,2,2,1994,3
1920,5,3,3,1987,3
1476,2,2,3,2011,1
2399,3,2,3,1964,3
1715,3,3,3,2015,3
1366,4,1,1,1962,1
1935,2,1,2,1992,3
2867,4,3,1,1960,5
2523,3,3,1,1971,5
1837,2,2,3,2003,3
2275,5,1,1,2002,4
1905,3,1,3,2016,2
2345,2,2,1,1995,4
1375,2,3,1,1991,2
2432,3,1,1,2016,4
1710,5,1,3,1967,1
2511,2,2,2,2018,5
1342,2,3,2,1977,3
1138,3,1,2,1985,2
2145,2,2,3,1989,4
1419,3,2,1,1967,2
2584,4,3,3,1977,3
1114,5,1,3,1961,2
2274,2,3,3,1979,3
1006,5,2,2,2000,3
1730,4,3,1,1983,2
2612,3,2,1,1965,4
1178,5,3,1,1984,2
2168,5,2,3,1975,4
1415,3,3,1,2017,2
1665,2,2,1,2006,2
2144,2,1,2,2016,1
2147,2,2,3,1978,1
1396,4,2,2,1993,3
1380,5,3,1,1984,2
2803,3,1,2,1974,5
1838,2,3,2,1967,3
1000,2,1,3,2004,1
1243,5,2,1,1958,3
2910,5,2,2,1997,4
2421,5,3,1,2011,4
2274,5,2,1,2007,5
1878,3,3,2,1991,3
2599,2,3,2,1993,5
2322,2,1,2,1986,3
1759,3,2,2,1951,1
1953,4,2,2,1980,2
2320,2,2,1,2009,5
1976,4,3,3,1960,3
2987,4,1,1,1954,4
2523,4,2,2,1991,4
2138,4,3,3,2002,3
2830,2,2,3,1983,3
1000,2,1,3,1985,1
1552,3,3,1,2005,2
2708,2,3,3,1968,5
2623,3,3,3,1988,4
1481,4,3,2,1999,2
2633,3,1,1,1955,4
1599,3,3,1,2008,4
1762,2,3,3,1973,2
2533,3,3,3,2006,4
1334,4,1,1,2006,3
1464,2,2,3,2010,1
2164,2,2,1,1963,3
1582,2,1,1,2017,1
2003,4,3,2,1998,3
2982,3,1,2,1985,4
2686,2,2,2,1965,5
1949,5,2,1,1999,2
1686,5,1,2,1989,1
1166,3,1,2,1990,1
2366,4,3,1,1959,5
2433,5,3,2,2010,3
2792,4,3,3,2010,5
1909,4,3,2,1968,5
1879,2,1,2,1990,4
1841,3,2,3,1988,4
2604,5,3,3,2018,5
2090,2,2,3,1981,3
1432,4,2,1,1986,2
2073,4,2,2,2010,3
2332,2,1,3,1998,4
2626,3,2,3,1969,4
1114,5,3,2,2005,2
2909,4,2,2,2010,5
1568,2,3,2,2004,2
2365,3,1,3,1979,3
2553,3,3,3,2019,4
1641,4,3,1,1984,1
1494,4,1,1,1950,3
2292,4,2,1,1991,3
1940,3,1,2,1978,3
2103,2,2,1,2019,3
2479,3,1,1,2009,4
2322,4,2,1,1985,4
1967,2,1,1,1981,2
1821,3,3,3,1950,3
1201,2,3,3,2001,2
2526,3,3,2,1987,3
2760,2,2,3,1953,5
2694,3,3,2,2019,4
2739,3,3,1,1997,5
1648,5,1,1,2012,2
2508,4,3,1,1973,4
2608,5,2,1,1994,3
1559,3,2,3,2014,4
2041,4,1,3,2000,2
1477,3,2,3,2005,2
1487,5,2,2,1950,1
1982,2,1,2,2021,3
1778,2,3,2,1972,1
2469,4,1,2,1971,4
1339,5,1,1,1998,1
2554,5,3,1,1974,4
1611,3,1,3,2017,2
1115,4,2,1,2014,2
2881,2,1,3,2002,5
2815,3,3,1,1991,5
2292,4,1,1,1969,4
2709,2,2,3,1998,4
2716,5,2,2,2014,4
2761,2,3,2,1988,5
2692,5,3,3,2004,5
2187,3,1,3,1971,4
2606,3,2,1,1969,4
2245,3,3,2,1970,3
1125,4,2,1,1973,2
1656,4,1,1,1981,1
2199,3,2,1,1953,2
1663,3,3,1,2011,1
2398,3,3,1,1955,4
1990,4,3,1,2012,5
2017,2,1,3,1978,2
1858,3,1,3,1994,2
2521,4,3,1,1966,5
2899,2,2,1,1966,4
2406,4,1,1,1997,3
1632,4,2,1,1981,2
2664,2,1,1,1971,5
2486,4,1,1,1960,3
1450,2,3,2,2003,2
1517,2,3,2,1969,3
1845,2,2,3,2003,3
1694,2,3,3,1976,2
1549,3,3,1,2017,1
1928,4,3,2,2011,1
1115,3,1,1,1956,2
2637,3,3,2,1962,5
2031,3,3,2,1973,4
2241,3,1,1,1999,4
2742,2,2,2,2007,5
2613,2,3,3,2021,5
2903,2,3,1,1985,5
2590,2,3,1,1979,4
1303,3,3,2,1950,2
2490,5,1,1,1999,3
1739,5,1,2,1963,3
2033,3,2,2,2000,2
1307,2,1,1,1985,3
1433,4,3,2,1993,3
1801,5,3,2,1976,2
1163,4,2,2,1965,2
2262,5,2,1,1981,4
2340,5,3,2,1964,5
1655,4,3,3,1993,2
2358,2,2,2,1952,4
1017,4,1,1,1975,3
2094,4,1,2,1990,4
2198,3,2,1,1982,2
2823,2,3,2,2011,5
1810,5,3,2,2013,4
1338,5,3,2,2004,1
2959,3,1,3,2011,4
1247,2,1,3,1956,1
2216,5,1,3,2000,4
2442,3,2,1,2019,3
2348,5,1,2,1954,5
1305,2,2,1,2016,4
2803,4,2,2,1989,4
1203,3,2,1,2010,1
1852,4,1,1,1998,4
2146,2,1,3,2000,3
2593,2,2,1,1988,3
1446,5,2,1,1961,3
1712,3,2,1,1988,4
2514,5,1,1,1996,4
1432,5,2,2,1956,2
2647,2,1,1,1971,4
2151,2,1,1,1995,3
2571,3,2,2,1997,4
2769,4,3,3,1961,4
1821,3,1,3,1968,2
2070,2,2,3,1989,3
1504,2,3,2,1972,2
1114,3,3,1,2007,3
2439,3,3,1,1998,2
2790,4,2,2,1964,5
1994,2,2,2,1958,1
1222,5,3,2,1990,2
2972,5,1,3,1998,3
2526,5,3,3,2018,5
1671,5,3,2,1962,3
1957,4,3,3,1972,2
1932,3,3,2,1955,4
1095,5,2,3,1961,1
1106,3,3,1,1995,2
1631,5,3,2,1982,3
2638,5,3,2,1978,4
2701,3,1,3,1986,3
1697,3,2,3,1976,4
1031,3,1,2,1979,2
2516,3,1,1,1974,4
1065,5,3,2,1956,3
2202,4,2,3,2002,3
1778,4,1,2,1976,3
2466,4,1,3,1990,5
1915,2,2,2,1991,3
1548,2,1,2,2013,3
2893,5,1,3,2011,5
1048,2,3,2,2021,2
1786,5,2,2,1976,3
1950,5,2,1,2014,4
2703,2,1,2,1993,4
1262,3,2,1,2004,3
2156,3,3,2,2000,3
2833,3,3,1,1959,4
1343,2,3,2,2011,1
2199,5,1,3,2016,4
2414,2,3,2,1978,4
1200,5,2,1,2009,1
1944,2,1,1,2019,3
1925,5,2,2,1953,3
2832,2,3,1,2019,5
1002,4,3,2,1996,1
2237,4,2,1,1980,3
1807,4,2,1,2007,3
2330,3,2,3,2016,3
2567,4,3,2,2012,4
1559,3,2,2,1958,1
2350,5,1,2,2020,5
2939,2,1,2,1976,4
2624,2,1,2,2011,5
1108,3,1,3,1991,1
2314,3,2,3,1973,3
1107,3,1,1,1972,3
2431,2,1,2,1991,3
1551,2,3,3,1968,3
1972,5,2,2,1974,4
1111,4,3,2,1993,1
1294,2,2,2,2018,2
2603,4,1,2,1962,5
2212,5,3,2,2012,5
2867,4,1,3,2003,4
2744,3,1,3,1996,5
1064,5,1,2,2001,2
1573,2,2,2,2007,2
1464,3,3,2,2004,1
1257,2,3,2,1953,1
2669,2,2,1,1973,5
2003,3,1,2,2007,2
1633,5,1,3,2014,1
2354,2,1,2,1951,2
2524,3,2,2,2019,4
2706,3,3,1,1963,3
1209,2,3,2,2013,1
2831,2,2,1,2012,3
2702,3,3,3,1954,4
1237,4,3,2,1992,1
1062,2,1,3,1961,1
2983,5,2,3,2015,4
2931,2,1,2,1984,5
2576,2,1,3,1988,3
1499,4,3,3,2008,3
2564,2,3,1,2012,3
1790,4,1,1,1988,3
1591,5,2,3,1999,3
2074,4,1,3,2012,2
2135,2,2,2,2015,3
2896,3,1,3,1988,4
1300,3,3,3,2007,1
2113,3,2,1,1966,3
1228,5,1,3,1989,1
1149,2,2,3,2004,2
2778,5,1,2,1979,5
2161,5,3,3,1964,4
2158,5,2,2,1984,2
2480,2,2,2,1979,3
2624,2,3,2,1950,5
2517,2,1,3,1992,4
1526,3,3,3,2013,2
1332,4,3,2,1956,2
2385,2,2,1,1964,3
1173,2,1,3,1983,1
2625,5,2,1,1950,4
2236,2,2,2,2019,2
2366,4,2,1,1953,3
1060,3,2,2,2012,2
2899,2,3,3,1960,4
2755,3,1,2,1975,5
2084,2,3,1,2001,3
1818,3,2,1,1982,4
2701,2,2,3,1967,5
1523,5,2,2,2006,2
1215,3,3,2,1995,2
2612,5,3,3,2014,4
2767,5,1,2,2017,3
1577,5,2,3,1954,2
1693,5,3,1,1987,1
1422,2,3,2,2011,3
1715,5,2,2,1986,2
2446,3,2,3,2010,4
2394,3,2,2,2019,4
2229,4,2,1,1972,2
2309,4,3,1,1965,3
2128,4,2,3,1957,3
1753,4,1,3,1974,3
1746,5,2,2,1994,2
1687,3,2,2,2009,3
1722,4,2,3,2016,1
2566,5,1,2,1983,4
1746,2,3,3,1970,4
2514,2,1,1,1989,5
1664,4,3,1,1974,2
1707,4,1,2,1951,1
2521,4,3,3,2019,4
1434,3,2,1,1956,3
1780,2,3,2,2004,2
2470,3,2,2,1988,5
1383,4,1,1,1955,1
2533,4,2,3,2009,3
1169,5,1,3,1989,2
2020,3,2,2,1975,2
1949,2,2,3,2009,3
1868,5,1,3,2008,2
1322,2,1,2,1970,1
1847,2,2,3,1981,1
2497,5,1,1,2012,3
2255,2,1,1,2013,3
1695,5,2,2,2002,4
1358,5,3,1,1997,2
2298,5,2,1,1995,3
2965,4,3,1,2001,5
2934,4,1,3,2018,3
1031,3,3,1,1971,3
1176,3,1,1,1953,2
1916,5,2,3,1978,4
1064,3,2,1,2008,2
1026,4,1,3,2008,1
2686,5,1,1,1954,5
2838,4,1,1,1995,4
2502,5,2,3,1954,5
1267,3,1,1,2013,3
1596,4,3,3,1962,4
2011,5,2,3,2015,2
1132,2,1,1,1982,1
2928,5,3,2,1970,5
1915,5,2,2,1991,3
2389,4,3,3,1969,4
2854,2,3,1,1951,4
1981,4,2,2,1955,3
2351,3,1,2,1961,2
1326,2,1,2,1987,1
1541,4,3,1,2020,3
2148,4,3,1,1989,3
1209,2,2,1,2021,1
2748,4,2,1,2006,4
1132,2,2,2,1994,2
2526,3,1,1,2012,3
1156,4,1,1,1999,2
1874,3,1,2,1964,4
1381,2,3,3,2002,3
2045,4,3,3,1978,3
1973,5,1,1,2019,2
2976,5,3,3,1961,4
1594,2,3,3,1974,2
2442,5,2,1,2013,5
1471,2,2,2,1976,1
1233,5,2,2,1972,3
1571,5,3,2,1998,2
2477,4,2,2,2008,4
2723,2,3,2,1988,5
2593,3,3,1,1996,3
1770,4,2,3,2009,2
2185,3,1,2,2014,3
1300,4,3,3,1975,2
1305,2,3,2,1961,1
1001,3,1,1,1959,1
1270,4,2,1,2011,2
1420,5,3,3,2015,2
2166,3,1,3,2011,5
1699,4,1,3,1988,1
1863,4,1,3,1959,3
1959,5,1,3,2011,2
1993,3,2,2,1993,2
2009,3,3,2,2013,4
1878,4,3,1,1950,2
1691,5,1,1,1999,3
2558,3,3,2,1970,5
1866,3,2,1,1960,2
2060,3,1,3,1991,4
1106,3,3,2,2000,2
2320,3,1,1,2010,5
2764,3,3,1,2008,4
2848,5,2,2,1983,3
2120,5,1,2,1982,1
1280,5,3,3,1987,2
2133,2,1,3,2004,4
1548,2,3,3,1960,3
1551,4,1,3,1982,2
2620,5,2,3,2002,4
1187,5,3,2,1977,2
1751,3,2,2,1995,2
1869,3,2,2,2006,1
2511,4,2,3,1967,4
2377,5,1,1,1963,5
1018,3,1,3,1982,3
1858,5,3,2,1995,3
2416,5,2,2,1978,5
2860,3,2,3,1965,4
2284,3,3,1,1981,4
1984,2,3,1,1986,4
2426,2,2,2,2018,4
2693,3,2,1,1979,3
1483,5,2,1,1966,3
2327,3,1,2,1992,4
1623,4,1,3,1963,3
1655,5,1,3,1979,3
1767,4,2,3,2001,3
1017,3,1,1,2001,2
1183,3,2,2,1978,1
1404,3,1,1,2007,2
1798,2,3,1,1988,1
2920,3,2,3,1977,4
2154,4,1,2,1969,5
1478,2,2,3,1960,1
2816,3,3,1,2017,5
1007,2,3,3,1986,1
1704,5,3,2,1958,3
2341,2,2,2,1964,2
2414,2,1,2,2010,5
2542,5,3,3,1952,4
2159,3,2,3,1954,4
1530,4,3,1,1951,3
1912,2,3,2,1966,1
2674,4,2,3,2006,4
2390,2,2,1,1994,3
2512,4,2,3,1968,4
1688,5,3,1,2016,4
2034,2,3,2,1972,4
1552,2,1,1,2009,2
1445,3,3,3,1996,3
2137,3,1,3,1970,2
2715,2,3,2,1952,5
1705,5,1,2,2019,2
1859,3,1,3,1994,4
2760,3,2,2,1992,4
2866,3,2,3,1979,4
2959,5,2,1,2012,5
2796,2,3,3,1961,3
2535,4,2,2,2009,3
1627,3,2,3,1987,2
1980,5,3,3,1993,5
2685,5,3,1,2021,4
1629,3,1,2,1950,3
2188,4,2,1,1996,4
2275,3,3,1,1988,3
2802,5,3,1,1958,5
1043,4,2,1,1975,1
2493,5,2,3,1991,3
1488,2,1,2,1963,1
1180,5,2,1,2014,2
2100,3,3,3,2010,4
1373,4,2,2,1962,2
1627,3,1,2,2004,2
1956,2,2,3,1976,3
1066,4,2,1,1988,1
2548,4,2,3,1979,3
2115,4,3,2,1992,1
2781,5,3,1,1957,3
1778,3,3,2,1955,4
1650,4,3,1,1962,4
2876,4,1,1,1997,4
2267,4,3,3,1986,4
1340,2,3,1,2001,2
1902,4,1,1,1961,2
2808,5,3,3,1990,5
2327,5,3,1,2015,4
1397,4,3,3,1971,3
1702,5,2,2,1969,3
2471,5,1,2,1997,5
1096,4,3,3,1971,1
2354,5,1,1,1968,5
2228,2,3,2,2015,4
1448,4,2,2,1963,2
2441,3,3,1,1953,4
2672,5,3,1,2020,4
1076,4,2,3,1995,1
1895,3,2,3,1985,2
1548,2,1,2,2014,4
1797,2,1,1,1978,5
2448,4,3,1,1968,5
2452,4,3,1,1978,5
2508,2,2,3,1962,4
1814,2,3,3,2016,2
2021,2,1,3,2011,2
1134,3,2,2,1961,2
1653,3,2,1,1974,3
2277,4,2,3,1992,3
2583,3,3,1,1960,5
2278,5,1,3,1990,3
1645,2,2,1,1952,2
2825,4,1,2,2006,5
1719,3,2,2,2011,4
2522,4,2,2,1992,5
1612,3,1,3,1980,1
1483,4,2,1,1987,2
2069,2,3,1,1974,2
2466,2,1,3,2012,5
2605,2,1,1,1982,4
1647,3,2,3,1969,2
1791,4,1,1,1959,2
1578,4,3,2,1977,1
2027,4,2,1,1967,2
1000,3,3,1,1994,1
2313,2,3,3,1967,5
2598,4,2,1,1964,3
1459,5,3,1,2004,3
1265,3,3,3,1978,3
2161,4,2,2,1987,3
2457,4,2,2,1985,3
1043,3,3,2,1989,2
1885,4,2,3,1993,3
2533,2,3,2,1971,3
1943,3,3,3,2000,4
1982,2,3,3,1972,3
1261,5,3,1,1971,2
1727,4,1,2,1987,2
1632,4,2,2,1951,1
1151,3,2,1,1964,1
1212,5,2,3,2017,1
2015,3,3,1,2021,4
2257,5,1,1,1951,3
1862,3,2,2,1985,3
1622,3,3,2,1959,1
2977,4,3,3,1974,5
1360,4,1,3,2013,2
1319,5,1,1,1987,2
1221,2,3,1,1968,2
2975,2,2,3,1968,5
2761,3,3,3,1971,5
1209,4,1,2,2007,1
2419,3,3,2,1950,3
1930,5,3,1,2002,4
2606,3,1,3,1964,5
1488,3,1,2,2009,2
2895,3,3,3,2006,4
1600,5,1,1,1972,2
1773,5,2,1,2011,3
1877,4,2,3,2014,4
1699,2,3,2,1956,2
2647,3,3,2,1983,5
1451,4,3,1,1999,3
1412,5,3,1,1986,2
2957,3,2,3,1959,5
1475,2,3,2,1989,1
1255,5,1,1,2013,2
2173,5,1,1,2013,4
2854,4,2,3,1953,5
1479,5,2,1,1985,4
1992,3,1,3,1984,3
2420,2,2,3,2018,3
1922,3,1,1,2012,3
1401,5,2,2,2019,2
1273,3,1,3,1967,3
1844,4,1,3,1984,3
1138,4,1,2,2005,2
2265,2,1,1,2003,4
2140,3,2,3,1987,3
2237,4,1,3,1981,3
1483,4,3,3,2020,2
1528,3,2,3,2003,2
2293,4,1,3,1975,2
2848,5,1,1,1982,4
2157,5,3,1,1971,2
2464,4,2,1,1983,3
1643,4,1,3,2001,2
1650,3,1,2,1962,3
2388,4,3,2,2005,5
2255,2,2,2,1953,4
1457,3,3,2,1975,3
1374,2,2,3,2005,2
2627,5,3,3,1957,5
2802,3,3,3,1989,3
1610,3,3,1,1952,2
2543,2,2,2,1999,3
2491,2,3,3,1966,4
2905,5,2,3,2012,4
2466,4,3,1,1966,5
1916,2,1,2,2020,5
1092,4,2,3,1965,3
2431,3,2,1,1982,4
2181,4,3,1,2018,4
1871,2,2,2,1955,1
1224,3,3,2,2000,1
1851,3,1,2,1965,4
1440,4,1,1,1984,2
1719,4,1,3,1977,1
1584,2,3,1,2016,2
2424,3,2,2,1993,5
2594,4,2,2,2020,5
2822,3,1,2,1956,4
1063,5,2,2,2005,2
1767,5,1,1,1993,3
1559,2,1,1,1999,3
2302,3,2,3,1998,4
2733,4,2,2,1954,4
1669,5,3,1,1966,3
2846,5,2,3,1964,2
2542,2,2,3,1962,4
2271,5,1,3,1950,3
1367,2,3,3,1964,1
1743,3,2,2,1992,2
1617,4,3,3,1967,2
2005,3,3,2,1966,2
2994,3,1,3,2011,4
2121,3,1,3,1986,3
2291,4,2,1,1963,4
2083,3,1,2,2008,2
1499,3,3,2,1985,1
2331,2,1,3,1990,3
2516,2,1,2,1957,4
2006,2,3,1,2021,2
1410,4,3,3,2019,1
2017,5,1,1,1986,3
2163,5,1,3,2008,3
2932,3,1,2,2012,4
2351,5,3,3,1968,3
1463,3,3,3,2014,1
1701,2,1,2,2007,1
2660,3,2,1,1982,5
2948,4,3,2,1962,4
1162,5,1,3,2003,1
1059,3,3,3,1994,2
2948,2,1,3,1973,4
2054,4,1,1,2000,5
1332,3,1,2,1984,1
1075,3,2,2,2004,2
2778,3,2,2,1964,4
1316,4,3,2,2015,3
2440,2,2,2,2016,4
2991,2,1,2,1969,4
1189,2,2,2,1982,1
2512,2,2,2,2021,4
2912,4,1,3,2005,5
2338,2,3,2,2005,3
1295,2,2,3,2013,3
1500,5,3,2,1997,2
1799,4,2,3,1976,3
1805,5,3,2,1963,3
1859,5,3,1,1953,3
2742,4,1,2,1954,2
1652,2,2,3,1990,2
1596,3,1,2,2005,2
2717,4,1,1,2001,5
2355,3,2,1,1960,3
1127,4,1,2,1968,1
2292,3,3,3,1961,4
1550,2,2,3,1999,1
2558,4,2,1,2009,4
2777,4,2,2,1960,3
2389,4,2,1,2006,5
1618,5,3,2,1997,1
1347,2,1,1,2018,1
1141,5,2,3,2002,3
2168,5,2,1,1996,4
1791,2,2,2,1984,2
1244,4,2,3,2000,1
2465,5,3,1,2010,4
1702,5,1,1,1964,1
2313,4,3,1,1973,5
2714,2,2,2,1959,3
2135,2,2,2,1995,3
2909,2,3,1,1967,3
1404,5,1,3,1965,3
1420,2,1,1,1974,1
2881,2,1,3,1999,5
2548,2,3,2,1983,5
1591,4,2,3,2005,2
1285,5,3,1,2011,1
1670,4,2,3,1954,2
1388,3,1,3,1962,2
1415,2,2,2,2015,4
1783,4,2,3,1978,2
2006,4,3,3,2020,3
2736,3,1,1,2007,5
2173,2,3,3,1976,4
2014,2,2,2,2005,2
1427,3,2,2,1986,1
2831,3,3,1,1971,4
2004,2,3,3,2016,2
2316,3,3,3,2008,3
1333,5,1,3,1995,2
2066,5,3,2,1960,3
2491,5,3,2,2018,3
1318,3,3,1,1969,2
2515,3,3,2,1982,5
1526,2,3,2,1972,2
1759,5,3,1,2012,3
2195,4,3,1,2021,3
2753,2,1,1,2009,4
2672,2,3,3,1980,3
1320,2,1,2,2006,2
1738,3,1,3,1999,2
2067,3,2,2,1991,3
2555,2,2,1,1973,3
1453,3,1,2,2019,1
1745,2,3,1,2001,2
2993,4,1,2,1967,5
2903,4,3,1,1983,4
2914,3,3,1,1962,3
1928,4,2,2,1997,2
1847,4,1,3,1952,3
1867,3,3,1,1972,4
1773,4,1,2,1972,3
1542,5,2,1,1979,2
1321,2,3,3,1964,3
1785,4,2,3,1968,2
2257,2,2,1,1979,2
1539,2,2,2,1996,1
1251,3,2,2,1977,1
1835,4,2,3,2012,3
2788,4,1,1,2000,4
1448,5,1,2,2000,3
2262,4,3,2,2008,3
1489,4,2,2,2007,2
2905,3,2,2,1992,4
1463,2,1,2,1977,3
2964,5,1,1,1992,5
1313,4,2,1,2002,4
2198,4,1,1,1978,3
2729,5,1,2,1997,4
2203,3,2,1,2005,3
2955,4,2,3,2012,4
1384,4,2,1,2016,3
2238,2,2,1,1964,4
1985,4,3,3,2014,3
2738,4,1,3,1988,4
1761,2,2,2,1998,3
2897,4,1,1,1978,5
1768,2,1,3,1975,3
2098,3,3,2,1972,1
1141,4,1,3,1980,1
1717,4,3,2,2004,4
2222,5,2,1,1972,2
2942,4,2,1,1960,4
2194,4,1,2,1989,3
1405,2,2,3,1986,2
1227,4,3,1,2020,1
1410,2,1,1,1967,3
1951,5,1,2,1955,4
1897,5,3,3,1971,3
2958,3,1,2,1984,5
1690,3,3,1,1981,2
1877,3,3,2,1967,3
1786,2,3,2,1971,2
1061,4,3,2,1986,1
2350,2,1,3,1979,3
2739,5,3,2,1982,4
2986,5,2,2,1994,5
2982,4,1,1,1988,5
1878,3,3,3,2015,3
2156,5,1,1,1958,4
2607,3,2,1,2010,4
2613,2,2,3,1950,4
2212,3,3,1,2002,2
1355,2,2,1,1995,1
1070,4,3,1,1956,1
1262,3,3,1,1993,1
1305,4,1,3,1994,1
1557,3,3,3,1953,5
2247,5,3,2,1993,4
2351,4,3,1,1968,4
1761,3,3,2,2014,1
1587,4,3,2,1974,2
2534,2,3,3,2013,4
1141,4,1,2,1996,1
2608,5,1,1,1975,5
1101,4,3,2,1993,2
2629,2,1,2,1977,4
2604,2,3,2,2003,4
2088,5,3,3,2002,3
1192,2,2,2,1996,1
1952,5,1,1,1989,3
2085,3,2,3,1999,4
2555,2,3,1,1966,4
2264,3,3,1,2014,3
2738,3,3,1,1950,3
1409,2,1,2,2003,1
1299,5,1,3,2020,3
2218,5,1,2,1974,1
1453,5,1,1,2017,2
1573,2,2,2,1977,2
1618,3,2,2,1988,2
1300,4,1,1,1980,1
1778,2,2,1,2008,3
2479,4,1,1,2021,5
1988,3,3,2,2015,3
1201,4,3,2,1951,3
1673,5,1,3,1977,3
2879,3,1,3,1967,3
1301,2,3,1,2003,2
2647,2,1,2,1975,5
1336,5,3,2,1958,2
1031,4,3,1,1988,1
2994,2,1,3,2002,5
2121,2,1,3,1955,2
2782,3,3,3,1986,3
1772,3,1,2,2021,2
2214,3,1,2,1996,3
2564,3,2,1,1996,4
2071,2,2,3,2003,4
2273,3,3,3,1997,4
2295,5,3,3,1984,4
2508,3,3,1,1957,4
1327,4,3,1,1959,2
1796,3,2,2,2014,3
2203,2,3,3,2021,5
1813,5,1,2,1996,3
1664,5,2,1,1993,1
1745,2,3,1,1981,2
2046,3,3,2,1965,3
1929,4,1,2,1982,2
1962,5,2,2,1975,4
2629,4,1,2,1999,5
2393,5,1,1,1971,4
2268,4,3,2,1983,5
2825,5,3,2,1994,4
2183,4,3,2,1969,4
1372,3,1,2,1956,2
1284,3,2,2,2012,2
1520,2,3,1,1966,3
2473,2,1,2,2004,3
1696,4,3,1,1963,3
1806,4,1,1,1965,5
1646,5,2,3,1984,1
2645,2,1,3,1964,5
2604,2,2,1,2006,4
1135,5,1,1,2019,1
2142,2,2,2,2005,2
2397,4,2,1,1999,4
2893,4,3,1,1977,5
1877,3,3,1,1961,3
1849,3,1,3,2000,3
2200,5,3,2,1961,3
2896,5,2,1,1952,4
2772,3,3,3,2021,5
1783,5,2,2,2020,3
2300,2,3,2,1952,3
2161,2,1,3,2009,4
2897,4,1,3,2015,5
1131,3,2,1,2003,1
2067,4,2,3,1981,5
2146,3,3,3,2021,3
2159,3,3,2,2020,2
2390,4,2,3,1978,4
1372,4,1,2,2016,1
2149,4,1,1,1966,4
2462,4,2,3,1964,3
2810,2,1,3,1985,3
2599,3,2,1,2006,5
1807,5,3,3,1971,3
1743,3,1,3,1989,3
2160,3,2,3,2019,3
2181,2,3,3,2015,3
1055,3,1,3,1987,3
2616,2,1,2,1980,3
1743,5,3,3,2020,3
1427,5,3,3,1963,1
1442,5,2,1,1957,2
1325,3,3,1,2021,2
1639,5,3,1,1986,1
2661,5,1,1,1959,4
1828,3,3,2,1965,2
1079,3,2,2,2020,1
1473,4,2,3,1959,3
1376,3,3,1,2019,1
1918,3,3,2,1965,2
1332,4,1,2,1985,2
2198,3,2,3,1957,2
2680,2,2,3,1993,4
1440,5,2,2,2015,1
1125,2,1,3,2004,3
2717,4,3,1,1956,5
1947,4,1,1,1958,2
1277,4,2,3,2017,1
2508,4,3,1,1954,5
1594,5,1,3,2004,2
1934,3,3,3,1969,3
1140,2,1,1,2013,2
1845,2,1,1,1967,1
2007,3,2,1,1999,4
2630,4,2,2,2003,3
1876,3,2,3,1992,4
2729,4,3,3,2001,4
1109,5,1,2,1993,3
2075,2,2,3,1967,3
2638,2,3,1,1955,4
1612,5,3,1,2013,3
2677,5,1,2,1984,3
1712,4,2,3,1997,1
2342,4,2,2,2012,5
2222,4,2,1,2012,5
1795,2,3,1,2019,3
1728,4,2,3,1959,2
2069,3,2,1,1987,3
1504,4,3,3,1966,1
2537,3,1,1,1979,4
2040,2,3,3,1970,3
1314,2,2,1,1961,1
2411,2,1,1,2015,4
1076,5,2,3,2005,3
1977,2,2,2,1990,3
2394,2,2,1,1977,4
2188,5,3,1,2010,3
2632,5,3,1,2015,3
2640,2,2,2,1974,5
2047,3,1,1,1969,3
1711,3,1,3,1951,1
2058,5,1,3,2001,3
2537,3,1,1,1989,4
2824,2,1,3,1961,4
1853,4,1,2,2019,2
2484,5,3,1,1994,4
2161,4,3,2,1962,3
2872,4,1,1,1986,5
2597,5,3,2,2007,4
1708,3,1,2,1976,2
2594,3,3,3,1970,5
1264,5,1,3,1963,1
1332,4,2,2,1957,2
1187,4,2,3,2008,2
2086,3,2,3,2009,4
1819,3,2,3,2013,2
2302,5,2,3,1988,3
2565,5,3,1,1961,4
2194,4,1,2,2019,5
2526,2,2,1,2004,5
2987,4,2,2,1974,5
2556,4,3,1,1984,3
1298,5,1,3,1991,1
1200,5,1,3,1969,3
2158,4,1,1,2008,3
1271,3,1,1,1997,1
1534,5,1,3,1952,3
2465,4,3,3,2018,5
2110,2,2,1,1965,1
1030,4,1,2,2008,1
2144,2,1,1,1970,3
2669,2,2,1,1987,3
1882,4,1,1,1995,4
1960,5,3,1,1991,2
1826,3,2,3,1992,4
2519,3,2,1,1986,4
1923,4,3,3,2009,4
2169,4,2,3,2012,3
1983,2,2,1,2004,3
2356,5,1,1,2008,3
1480,4,2,1,1987,1
2929,3,2,2,2012,5
2286,4,3,2,1965,4
1292,5,2,3,1997,2
2452,5,3,1,1953,3
1085,4,3,3,2007,1
2039,4,3,1,1976,2
1727,5,2,1,1976,2
1117,2,1,3,1975,3
1269,4,2,2,1978,2
2418,4,2,3,1988,5
1978,4,3,3,1975,2
1854,3,3,2,1960,2
1699,5,3,3,1957,2
2127,2,1,1,1962,4
2676,3,2,1,1999,4
1166,2,3,2,1950,1
1299,3,1,3,2014,2
1027,2,3,2,1992,1
2447,2,1,3,1957,3
2807,2,2,2,1982,5
1561,4,1,1,2005,2
1882,5,3,2,1968,1
1155,2,2,1,1970,2
2347,4,3,3,1971,5
2371,4,2,3,1971,3
2144,4,3,2,2000,3
2979,3,1,2,1998,3
2551,5,1,3,2017,4
1820,2,1,1,1956,3
2973,2,3,2,2010,4
1560,5,2,2,1963,2
2187,4,1,2,2019,4
2085,2,3,2,2005,4
2363,4,3,3,1987,5
2689,4,1,1,1980,5
1311,4,1,3,1971,1
1375,5,1,3,1999,1
2369,4,3,3,1950,3
2911,4,3,2,1995,5
1584,3,1,1,2014,2
1580,3,3,3,1976,2
1976,3,2,2,1998,3
1353,2,3,3,1951,3
1513,2,3,3,1968,2
1308,4,3,2,1960,3
1118,4,3,3,1981,1
2542,5,1,1,1999,3
1766,4,2,2,2016,4
1995,3,1,1,1978,3
1972,5,3,2,2005,3
1915,5,3,3,1968,3
1477,4,3,3,2008,2
2437,4,2,3,1980,3
1586,5,1,2,1950,3
1350,5,1,1,2000,2
2529,5,3,1,2003,3
1194,5,1,3,1999,1
2210,5,2,1,2017,3
2473,2,1,1,2020,3
1495,5,3,1,1973,2
1514,5,1,3,1973,2
1695,2,1,2,1960,1
2870,3,1,3,1980,4
1272,3,1,3,1995,3
1879,3,2,1,2019,1
1262,4,1,1,1962,1
2391,4,1,3,2014,2
1132,5,1,3,1975,1
1993,5,2,2,1979,3
2248,3,3,1,2009,3
2596,2,3,3,1963,5
2900,2,1,2,2010,4
2764,3,3,3,1974,3
1194,2,3,1,1992,2
2786,5,1,3,2019,5
2466,3,2,1,1994,4
1302,4,1,1,1986,2
2071,3,2,3,1993,3
2144,4,2,3,1975,4
2522,3,2,2,2021,4
1831,2,2,2,1999,2
2492,3,1,3,1959,3
1040,2,2,2,1983,1
2479,4,3,3,2019,4
1370,4,2,2,1996,3
1656,5,3,1,1973,4
1589,2,3,1,1981,2
1230,2,1,1,1975,2
1808,5,2,3,1992,3
2371,5,1,2,2013,5
1478,5,2,2,1952,3
2232,4,1,3,1977,3
1674,3,2,1,1956,1
2703,4,1,2,1989,5
1277,4,3,1,2017,3
2711,3,2,3,1977,3
1052,3,2,1,1986,2
2884,2,2,1,1956,5
2033,2,1,2,1997,3
2681,2,2,2,1990,3
2762,5,3,3,1992,5
1747,3,1,1,2020,3
1463,2,2,1,2008,2
1753,2,2,3,1986,3
2840,2,1,1,1953,4
1157,3,2,1,1984,1
1018,3,1,3,1969,1
2979,4,2,2,1950,5
2991,5,1,3,2020,5
1720,5,3,3,2005,3
2044,2,3,2,2002,4
2305,5,2,1,1995,3
1760,5,3,1,1958,2
2563,4,3,3,2004,4
2018,2,3,1,2020,3
2958,2,2,2,2018,4
2440,2,2,1,1989,5
1807,5,3,1,1998,1
1722,2,3,2,1976,3
1284,3,2,3,1951,3
2555,4,2,1,1964,2
2555,4,1,1,2008,3
1510,5,1,1,1953,2
2865,2,3,1,2012,5
2021,4,2,1,1968,2
2419,5,2,3,1980,3
1119,5,2,1,2003,1
1096,4,3,2,1961,1
2560,2,2,2,1984,3
2176,3,2,1,2002,2
2268,3,1,3,2013,4
2795,2,2,1,1965,4
2539,3,2,2,2010,3
1392,3,1,2,1981,2
2166,4,1,1,1957,2
2527,2,2,1,1985,2
1793,4,2,3,1958,3
2870,4,2,3,2004,4
2881,5,1,1,2013,5
1219,2,2,3,2000,2
1838,4,1,3,1980,2
1159,3,2,3,1956,2
2099,5,3,2,1951,4
1610,3,2,2,2004,1
2055,3,3,1,2002,4
1776,3,1,2,1965,3
1333,4,2,3,2015,1
2548,2,1,3,1986,3
2463,5,1,2,1955,4
1891,4,3,3,1998,3
1939,5,3,3,1960,1
1351,4,2,1,1965,2
2362,5,2,1,2020,5
1925,5,3,2,1971,4
2423,3,3,1,2009,3
1395,5,2,1,1957,2
2225,5,2,3,1955,5
2985,3,1,1,1984,5
1529,4,2,1,1969,4
2932,4,3,3,2010,4
2116,2,1,1,1985,3
2815,2,1,1,1995,3
1357,2,1,2,1960,2
2419,2,1,3,1968,3
1827,5,1,1,1985,4
1059,5,1,1,1964,2
1476,2,3,1,2015,4
2749,3,3,1,1955,5
1611,2,2,3,1995,2
2578,5,3,2,1991,5
1310,3,2,2,1962,3
1167,4,1,1,1992,3
1191,3,3,1,2002,1
2057,3,3,3,1971,3
2057,2,1,3,1985,4
2711,4,1,3,1955,5
2440,2,3,2,1955,5
1707,4,1,2,1996,4
2181,5,3,1,2019,4
2780,4,1,1,1991,3
2523,5,2,2,2003,5
1365,5,3,2,2019,1
2363,2,1,1,2015,2
1857,5,1,2,1984,2
2358,2,2,1,1962,4
2606,3,1,3,1996,4
1326,3,1,1,2003,1
1796,4,3,3,1991,2
1918,5,2,2,1988,3
2491,3,2,3,1960,5
2166,2,3,3,2008,3
1608,3,1,2,1983,4
1308,5,3,1,2004,2
1400,3,2,2,1981,4
2343,2,2,2,1969,4
1211,3,2,3,2003,2
1316,2,3,2,1952,2
1184,3,3,3,1960,1
2228,2,1,3,2015,5
2387,3,3,1,2000,3
2239,5,1,2,2003,3
1245,3,1,2,1982,2
2828,2,2,2,1965,5
2414,3,1,1,1993,3
1519,4,3,2,1968,1
2613,2,3,2,2021,4
2859,3,2,3,1969,5
1276,3,2,1,1992,2
2980,5,2,2,1972,4
2005,3,3,2,1976,2
1201,2,3,1,1970,2
1213,4,1,3,1953,3
1605,3,3,2,1964,1
1477,4,2,2,1986,1
1507,2,1,2,2006,1
2999,2,1,3,2001,4
2098,3,2,3,1959,3
1668,5,1,1,1994,2
1664,3,2,2,1988,3
2977,5,2,3,2001,5
1141,3,2,2,2007,1
1321,5,2,1,1956,3
2717,5,2,1,1984,4
1460,4,1,1,1959,2
1706,3,1,3,1976,5
2169,2,1,1,2007,3
1053,3,3,3,2001,1
2379,4,3,2,1991,4
1276,2,1,2,1999,1
2844,4,1,3,2003,5
1667,4,1,3,1977,2
1515,4,3,2,2015,2
2522,2,2,1,2007,4
2334,4,1,2,1994,2
2294,5,2,2,1971,3
1575,4,1,3,2001,3
2472,4,2,1,1976,4
1111,3,1,3,1952,2
1238,4,1,1,2015,2
2167,4,3,2,1994,3
2397,2,3,3,2008,4
2043,5,3,1,1960,2
2599,3,3,3,1958,4
2312,5,1,3,1983,5
2616,4,3,3,1970,4
1196,2,2,1,1983,1
1381,5,3,2,2008,1
2604,5,2,1,2021,3
2702,5,1,3,2007,4
2740,5,3,2,1994,5
2515,2,3,3,1997,3
1163,4,2,1,1978,1
1605,2,2,3,1991,2
2272,2,3,2,1957,2
2091,2,2,2,1985,4
1854,2,1,3,1985,2
2044,4,3,2,1991,3
1830,4,1,1,2000,2
2535,2,1,2,1973,4
1596,5,3,3,1950,2
2413,4,3,3,1966,4
1535,4,2,2,1963,4
1110,2,1,3,1970,2
1948,5,3,3,2005,3
1862,5,3,3,1970,3
1594,2,1,3,1966,3
2893,2,2,3,1968,4
2021,4,3,1,1956,3
1459,4,1,3,2018,2
2101,3,1,3,1965,2
1433,3,2,1,2008,2
2403,2,3,2,2007,2
2675,3,1,3,2019,4
1887,5,3,3,1958,3
1782,5,3,1,1950,3
2362,4,3,3,2006,3
1987,3,3,1,1971,2
2447,3,3,3,1969,3
1708,4,1,1,1997,3
1964,4,2,2,2013,2
2285,4,1,1,1953,3
1726,5,2,1,1977,5
2602,4,3,1,1957,4
1228,3,2,1,2019,2
2184,2,1,2,2021,4
1426,3,3,3,2000,3
1121,4,1,2,2017,1
1148,2,3,3,1956,2
1851,5,3,2,1955,2
1704,2,3,2,1996,2
2766,4,1,1,1970,5
1110,4,1,1,1976,3
2680,2,2,1,2021,4
2244,4,1,2,1972,4
2927,4,2,1,1966,5
1063,4,1,1,1960,3
1637,4,3,2,1970,3
2753,2,2,2,1974,5
2819,2,2,3,1959,4
2377,3,2,1,1982,4
2497,5,2,1,1955,5
1908,5,1,1,1974,3
2771,3,2,3,2013,3
2508,2,3,1,1988,3
1933,4,3,3,2006,3
2176,4,1,3,2014,5
1238,5,1,2,1976,3
2213,2,2,1,2010,4
1662,5,3,1,2005,3
2109,3,3,2,1995,4
2044,5,3,2,1954,4
1693,5,1,1,1985,2
2342,4,2,2,2018,4
2181,5,1,2,1957,4
1970,3,2,1,1960,3
1963,2,3,3,2018,1
2504,5,3,2,2020,3
2902,2,3,1,1987,5
1075,3,3,1,1970,1
1328,5,1,1,2012,3
2439,2,2,3,1976,3
2226,4,3,2,1973,4
2252,4,2,2,1981,5
1151,3,2,3,1968,1
2798,5,1,1,1984,4
1071,3,1,3,2018,2
1472,2,1,2,2002,1
2920,3,2,2,2005,3
2666,2,3,1,1972,4
1359,3,3,2,1964,3
1539,3,2,3,2011,2
1810,4,3,3,2014,2
1608,2,2,1,1976,3
2069,3,2,3,1955,3
1677,3,1,3,1972,3
2268,2,1,1,1986,4
2242,4,3,1,1980,5
2637,2,1,2,2001,4
1290,5,3,2,2007,3
2481,5,3,3,1989,2
2225,5,1,2,1956,3
1565,4,2,3,1978,2
1481,2,2,2,2019,2
2815,3,1,2,2015,4
1510,3,1,1,1952,2
1923,3,2,2,2010,3
1277,2,2,1,2009,1
2004,4,2,1,1962,3
1015,2,2,1,2018,1
1355,3,3,1,2003,1
1355,2,2,2,1980,3
1829,5,3,3,1967,2
1598,4,1,1,1958,1
2101,3,3,3,1968,4
1927,2,3,1,1960,3
2090,5,1,2,1961,4
1858,5,2,2,1994,2
2746,3,3,1,1985,4
1213,2,3,1,2013,1
2720,2,3,2,1982,4
1448,3,2,3,1956,1
1964,5,3,1,1951,3
2456,4,1,2,1953,5
2568,3,3,1,2018,4
2138,5,1,3,1992,5
1786,4,1,3,2000,3
2443,3,2,3,2011,5
1498,3,2,1,2008,1
1709,5,3,2,2015,1
1379,3,1,1,1977,2
2166,2,1,1,2010,4
1739,2,2,1,1955,2
1631,4,3,3,1971,2
2047,2,1,1,1966,3
1538,5,3,1,1982,1
1944,5,3,1,1976,5
2098,5,1,2,2003,5
1752,2,2,1,1956,4
1534,3,3,3,1999,3
1672,3,2,3,1957,2
2064,3,3,2,2008,4
2773,4,2,2,2009,5
2774,3,3,2,1953,4
1567,2,3,3,1968,1
2436,2,3,3,1961,4
1414,3,3,1,1984,3
1448,5,3,1,2010,2
1609,4,1,3,1961,4
1657,4,3,2,2007,3
2797,2,1,3,1979,3
1435,4,3,3,1963,3
2575,5,2,2,1993,4
1704,3,2,3,1999,1
1238,4,2,3,1979,1
2065,4,1,2,1958,5
1733,2,1,3,1979,4
2731,5,2,1,1963,4
1799,2,1,3,1993,3
1009,2,2,2,1953,1
1746,4,3,2,1983,2
2860,2,3,1,2014,5
2288,2,3,2,2014,2
2604,4,3,2,1966,4
2468,4,1,3,2000,4
1138,4,2,1,1953,2
1730,5,2,3,1993,5
1195,3,3,1,1959,1
2097,4,2,2,1968,4
2638,5,1,1,2014,5
2248,2,2,2,1950,1
2658,5,3,2,1982,5
2125,4,1,3,2008,3
1944,5,2,3,1966,3
1919,2,3,2,1982,4
2256,3,1,1,1999,5
1490,3,2,2,1994,1
1769,2,3,2,1959,2
1310,4,2,1,2003,3
2674,2,3,3,1963,4
1226,4,2,1,1952,1
1272,4,3,1,2019,1
1937,5,1,3,1976,3
1316,2,3,3,1957,1
2922,4,3,1,1976,5
2109,2,2,3,2006,4
1290,2,2,3,1982,2
2492,4,1,2,1961,2
1728,4,3,2,1993,2
2601,5,2,3,2011,5
2792,4,3,2,2003,4
2670,4,1,1,1965,4
2427,4,2,2,1974,5
2450,5,2,1,1992,3
2925,3,3,2,2003,5
1566,3,1,2,1957,3
1867,2,2,3,1966,3
1754,5,3,3,1983,3
1251,5,3,2,2015,1
2556,4,1,1,2011,5
1306,5,2,2,2019,1
2453,5,1,3,2003,5
1674,4,1,3,1984,3
1867,2,2,1,1987,2
1263,3,3,3,1977,2
1067,2,3,2,2013,2
2130,2,1,1,2008,3
2423,4,3,2,2002,3
2602,2,2,1,2020,3
2222,5,3,1,1960,3
2215,2,2,2,1998,4
1513,2,3,3,2016,1
1768,4,1,3,1966,3
1441,4,2,1,1956,1
2138,5,3,1,2018,3
1902,3,1,3,1992,4
2623,3,3,3,2014,4
1855,3,2,3,1972,1
2017,2,3,2,1977,4
2183,3,1,3,1957,2
1172,4,1,3,1963,1
2568,5,2,1,1953,5
2481,2,1,2,2018,5
1584,5,3,2,1953,3
2456,2,3,2,1975,4
1928,5,2,1,1984,4
1480,4,2,2,1956,4
1454,2,2,2,1992,2
1795,4,3,3,1960,2
1598,5,2,1,1972,2
2332,2,1,3,1978,3
2759,4,1,2,1971,5
1555,5,1,1,1992,1
1847,2,1,3,2001,3
2517,2,2,1,1972,3
1438,4,3,2,1953,2
1649,5,1,1,2011,4
1358,2,1,1,1989,2
2059,5,1,2,2011,5
2057,3,2,2,1987,3
2111,3,1,1,1995,2
1657,2,1,3,1988,2
1744,2,3,2,1998,4
1420,3,3,2,1958,2
1766,2,3,2,1955,1
1792,4,1,3,1989,2
2149,4,1,2,1987,1
2031,3,1,1,2010,3
2495,5,1,1,1980,5
2491,3,2,2,1981,3
1879,5,1,2,1964,3
1851,4,2,3,1957,2
1509,4,3,3,1976,1
2425,3,2,2,2010,3
2859,3,1,3,1953,5
2199,3,1,3,1992,2
2763,4,1,2,1962,4
1965,4,1,2,2011,5
2858,2,2,3,1972,3
1913,3,3,1,2017,3
2390,2,1,3,1966,5
2511,5,1,1,1976,5
1017,3,1,3,1967,2
1918,3,3,2,1972,4
2058,3,2,3,2008,2
1901,4,1,2,1957,3
1629,4,1,1,1996,1
1793,5,3,2,1992,3
2789,3,3,2,1981,5
2596,3,2,1,1973,3
2623,3,1,3,1963,4
2806,5,3,1,1964,4
1346,3,2,1,1983,1
2055,5,2,1,1967,2
1907,5,3,1,1964,2
2023,4,1,2,1967,4
2156,3,3,2,1955,2
1198,5,3,2,1983,2
2279,2,2,3,1969,3
2365,2,2,2,1977,5
2690,3,2,1,1980,4
2998,2,2,1,1957,5
2254,4,3,2,1996,2
1300,2,1,3,1954,1
2016,2,2,3,1990,2
2570,5,3,1,1990,5
1025,4,2,3,1971,1
2558,3,1,1,2019,4
2676,4,3,1,1973,4
2497,4,1,3,2013,4
2410,3,3,1,1969,5
2308,4,2,2,2018,4
1449,5,2,2,1982,2
1319,3,2,2,1984,1
1155,5,2,2,1972,2
1470,4,1,2,1957,2
1419,2,3,2,2000,2
2136,3,2,2,1965,3
2445,2,1,2,2015,4
1885,3,2,3,2001,2
1929,2,1,3,1995,2
2744,5,1,3,1974,4
1834,4,2,1,2016,3
1875,5,2,3,2000,4
1941,4,2,2,1964,4
1993,4,2,3,1953,4
2308,2,3,3,2003,3
1571,5,3,3,2004,1
1053,2,1,2,1965,1
1604,5,1,3,1958,3
1324,3,1,2,1950,3
1969,5,3,1,1990,4
2481,4,1,3,1993,2
1884,3,3,1,1997,1
1264,5,3,1,1986,1
1381,5,3,1,1963,3
2236,3,3,2,1977,3
1332,3,1,3,1966,1
2033,4,2,1,1982,3
2381,4,1,1,1993,3
1202,4,1,3,2014,2
2731,2,2,1,2018,2
1057,4,3,2,1994,2
2517,2,1,1,1986,5
2533,5,3,3,1956,3
2791,5,3,3,2017,5
2246,5,3,3,1973,4
2392,2,1,1,1981,3
2715,5,2,3,2011,4
2441,5,1,1,1978,3
2897,2,2,2,1990,3
1546,4,2,1,2007,1
1870,4,2,2,2021,4
2184,4,3,2,1994,4
2223,3,2,1,1984,4
2183,5,3,2,1994,3
1864,4,1,3,1998,2
2159,4,1,2,1956,3
2965,4,1,1,2000,5
1397,4,3,2,1960,5
2761,3,1,1,1991,5
1391,3,1,1,1991,2
2778,2,3,2,1958,4
1105,2,2,1,1985,2
2612,2,2,2,2001,5
2077,3,1,3,1995,3
2300,4,2,1,1974,5
1110,2,1,3,1954,2
1223,2,1,2,1997,1
1074,3,1,3,1952,2
1505,5,3,3,1954,2
2037,4,3,3,2005,3
2994,2,3,1,1987,3
1769,3,3,3,1992,3
1481,4,3,1,2011,1
2212,3,1,1,1960,4
1363,4,1,1,1953,1
1238,5,1,1,2009,1
2424,5,1,2,2012,3
1845,4,2,3,1993,3
1984,4,3,1,1953,4
2327,3,2,1,1959,2
2114,4,2,1,1978,3
1391,2,2,3,2012,2
2207,4,3,2,1999,3
2040,4,1,3,1962,5
1964,5,1,1,1965,2
1011,5,2,3,1994,1
2189,3,1,3,2008,4
2305,2,1,2,2003,5
2572,2,1,1,1990,5
2605,4,3,2,2003,4
1168,3,2,2,1979,2
1846,2,2,3,1970,2
1764,4,2,1,1993,3
2369,3,2,1,1983,4
1498,4,2,1,2013,2
2483,5,2,2,2006,4
2320,4,3,1,1957,4
2966,3,2,1,1995,4
2165,2,2,2,1965,2
1896,4,3,1,1983,3
2808,4,1,1,1993,5
2760,4,3,3,1996,5
2718,5,2,1,1973,5
2076,5,3,2,1963,2
1117,2,3,3,1961,2
1364,2,3,2,1959,2
2694,4,1,1,1970,4
2981,2,3,3,1959,5
1135,3,2,3,2006,1
2437,3,1,3,1967,3
2100,5,3,2,1952,4
2871,3,2,3,2016,5
2985,3,2,1,2021,5
1556,4,2,1,2002,2
1017,5,2,3,1967,1
2890,5,1,1,2011,4
2964,5,2,2,1957,5
1402,3,2,3,1968,3
1498,4,2,1,1991,2
1323,2,1,2,2015,2
1594,5,3,3,2011,3
1561,5,3,3,1961,3
2304,3,3,1,1965,2
2266,4,3,2,1965,5
2912,4,2,1,1985,5
1478,3,1,1,1981,1
1163,2,3,2,1963,2
1323,4,3,2,2008,3
2591,2,3,2,2008,5
1550,3,1,3,1979,1
1830,3,1,1,1953,1
1639,2,2,2,2017,3
2926,4,1,2,1971,5
1633,2,1,2,1992,3
1758,4,2,1,2006,2
2721,5,3,3,1981,3
1207,5,3,3,2011,1
1314,4,1,1,2009,2
1900,4,3,2,2002,4
1238,4,2,2,1992,3
2750,4,2,2,1959,3
1803,5,1,3,2013,2
2247,3,3,3,2010,3
2111,5,2,1,1983,3
2560,4,3,1,1973,5
2452,2,3,2,1955,3
2243,3,3,1,1961,3
1274,4,3,1,1969,1
1953,2,3,2,1962,5
2089,3,1,1,1960,3
2615,4,1,3,2020,3
2446,2,2,2,1979,3
1254,2,1,3,1970,2
2169,3,3,2,2019,2
1614,4,2,1,1956,2
1384,3,2,3,1993,2
1446,3,3,2,2003,2
1386,3,1,3,1951,3
1382,4,3,1,1976,3
2300,3,2,1,1967,2
2405,4,3,3,1982,3
1123,2,2,1,2016,3
2949,3,2,3,1969,5
2290,5,1,3,1962,5
2813,2,2,2,1990,4
2134,5,1,2,1989,3
2404,3,3,3,1966,1
2624,4,3,3,1957,5
2922,3,3,3,1961,5
2181,3,3,3,1985,2
1727,4,2,2,1958,3
1895,5,1,3,1965,3
2836,2,3,2,1963,5
2571,2,3,1,1983,4
2622,4,1,3,2001,1
2141,2,3,2,1994,3
1327,4,2,2,1996,1
1693,5,3,1,2014,2
2091,2,1,1,1988,2
2457,4,2,3,1959,5
1358,4,2,3,1950,1
2002,4,3,3,2010,4
2694,4,1,1,2021,5
1796,2,2,2,1978,2
1442,3,1,2,1977,2
1972,4,3,3,1979,4
1360,3,2,2,1981,3
1584,3,3,2,1999,2
2142,2,1,2,2006,3
1852,4,3,2,1954,4
2010,4,3,3,1998,1
2218,4,2,3,1981,3
2624,4,1,3,2001,4
2880,4,3,2,1983,4
2611,3,1,3,1956,5
2756,2,3,2,2000,4
2674,2,2,3,2000,4
2023,5,3,2,1996,1
2907,2,2,1,1984,5
2930,3,3,3,1985,5
1240,5,3,1,1961,2
2532,3,2,3,1954,4
1665,2,3,1,2020,1
1564,3,3,1,1994,2
2165,3,2,1,2012,3
1831,2,3,3,2015,3
1975,3,1,2,1970,2
2929,5,3,2,1986,5
1030,5,2,2,1975,2
1222,4,3,3,1983,1
1265,5,1,3,1998,3
1787,5,3,1,1950,3
1380,2,2,1,1992,2
1555,5,3,1,1974,3
1061,2,2,3,1983,1
1712,2,1,1,1986,3
1846,3,1,1,1993,2
1520,5,1,2,2011,4
2094,2,1,3,1989,2
1601,5,3,2,1957,3
2559,4,3,1,1972,4
2339,3,2,2,1982,3
2363,2,1,3,1952,2
2911,5,2,3,1961,4
1589,3,3,2,1958,2
2749,3,2,2,2004,5
1527,3,1,3,1962,2
1540,2,2,1,1964,2
2439,4,3,1,1991,5
2490,2,2,3,1991,4
1374,4,1,2,1974,2
1290,3,3,1,1989,2
1042,4,2,3,2002,2
2887,2,1,1,2011,5
2910,2,2,2,1971,5
2076,5,2,1,2012,2
2255,5,3,3,1960,3
2235,3,1,3,2013,4
1007,4,2,1,2015,1
2657,2,1,3,1987,4
1482,2,3,3,1960,3
1041,5,1,1,1981,2
1332,2,1,1,2003,1
2256,5,3,1,1958,3
2093,3,2,2,1982,3
2902,2,1,1,1982,4
2039,3,2,1,2013,3
1068,3,3,2,1952,1
1052,2,2,2,1980,1
1684,5,2,1,2012,2
2970,5,2,1,2000,5
1993,3,2,1,2000,2
2797,5,1,3,1954,5
2402,5,1,1,1994,4
2824,3,3,1,1952,3
2486,2,3,1,2013,4
1526,2,3,2,1982,3
2702,2,1,1,2009,3
1260,4,2,1,1980,2
2523,4,1,2,1968,4
2144,4,1,1,1982,4
1857,2,1,1,2014,3
2263,4,3,2,1983,4
2488,4,3,2,1992,4
2130,4,3,2,2016,2
1179,2,1,2,1978,2
2039,2,1,2,2007,3
1354,2,3,2,1979,1
1933,2,2,2,1951,3
2332,3,3,2,1954,4
1726,2,2,2,1985,3
1588,5,2,1,1998,1
2760,4,1,3,2016,4
1604,2,1,1,1975,1
1180,5,1,2,1954,1
1353,5,2,2,1980,3
1353,3,3,3,1979,2
2242,3,3,3,1956,2
2678,3,3,2,1970,4
2338,5,3,2,1954,4
1433,2,2,1,1972,2
1904,5,1,1,1980,3
1281,3,1,2,2000,3
1258,3,1,3,1974,2
1867,3,2,1,1956,3
1558,2,1,1,2021,3
1004,5,3,3,1980,1
2597,3,3,3,1951,3
1595,5,1,1,2015,2
2668,5,1,2,1980,4
1393,3,3,3,1964,2
1335,4,1,1,2019,1
1062,4,1,2,2017,1
2816,4,1,2,1972,5
1152,5,1,1,1995,1
2949,4,3,1,1981,4
2805,2,2,3,1977,5
1853,4,3,3,1974,1
2706,2,3,2,2002,5
2179,4,1,2,1963,3
2501,4,3,1,1984,3
2381,2,2,3,2017,3
1425,2,1,3,1997,4
2555,4,1,1,1953,4
1482,2,1,2,1958,2
1213,5,1,2,1987,2
1078,4,1,3,2007,1
1138,5,2,3,2018,1
1949,3,1,2,1962,3
1097,3,2,1,1960,2
1663,5,1,2,2013,5
1197,2,3,2,1988,2
1784,3,2,3,2006,2
1155,4,1,2,1996,2
2073,4,1,2,1968,2
1478,2,3,2,1962,3
1227,4,3,2,1953,2
2480,3,2,1,1953,3
1521,5,2,3,2015,1
2081,5,3,1,1996,4
1862,5,2,2,2006,3
2130,4,3,2,1953,3
2450,3,2,2,2001,5
1394,5,2,1,1953,2
1800,2,3,1,2005,3
1185,3,2,2,1973,1
1557,4,3,2,2000,3
2664,4,3,2,2020,5
1829,3,3,3,2006,2
2471,4,1,2,1959,3
2272,2,3,3,2001,4
2864,3,1,3,1976,4
2463,3,1,3,2018,4
2280,2,2,3,1984,3
2300,3,3,3,1973,4
2813,4,3,2,2014,5
1437,2,1,3,1959,4
1515,3,3,1,2007,3
2600,2,3,1,1965,5
1946,4,2,3,1991,3
2225,3,2,3,1970,4
2598,2,3,3,1975,4
2678,4,2,2,1994,4
1755,3,3,3,2018,3
2827,2,2,2,2017,5
1796,4,1,3,1998,1
2203,4,2,2,1978,5
1685,4,1,2,2021,1
1324,5,2,3,2021,2
2948,4,3,3,2011,5
1622,4,3,3,2000,2
1686,3,1,3,1962,1
2498,5,1,2,2007,4
2688,4,3,3,1988,5
2999,3,2,1,1974,5
1867,2,3,3,1995,2
1216,2,2,2,1962,1
1808,5,3,1,1977,2
1960,3,3,2,1981,4
2476,4,2,3,1994,3
2000,4,2,3,2008,3
2427,3,2,3,1995,2
2988,5,2,1,2010,4
1931,4,3,3,1959,3
1239,5,3,2,1969,3
2209,5,2,2,2005,3
2409,5,3,2,2008,5
2231,5,2,1,1972,5
2180,4,2,1,2015,2
2248,5,1,2,1990,4
2167,4,2,1,2006,4
2442,4,3,2,2005,3
2134,2,2,1,1979,1
2853,4,1,1,1983,4
1874,3,1,3,1970,2
2897,4,3,2,1964,3
2488,3,2,2,1979,4
1624,3,1,1,1999,3
1600,4,3,3,1979,4
1672,2,2,1,1952,4
1333,2,2,1,1997,1
2943,4,3,3,1968,5
2098,4,2,1,2006,4
2816,3,1,1,2019,3
2435,4,1,2,2004,3
2542,4,2,1,2005,5
2648,3,1,2,1974,2
1035,3,3,1,2005,2
1777,4,2,2,1957,3
1222,5,2,2,1979,1
2746,5,2,2,2018,3
1529,2,2,2,2009,2
1240,2,2,3,1985,1
2755,3,2,1,1963,4
1390,4,2,3,1966,2
2675,2,1,1,1997,3
1680,4,3,3,1973,3
1497,4,1,2,1956,2
1702,2,1,1,1980,4
1993,3,2,3,1987,2
2560,3,1,2,1991,5
1948,3,3,2,1976,4
2568,5,3,3,2005,4
2366,5,3,1,2014,5
1840,4,3,2,1979,2
1957,2,1,1,2007,3
1193,3,2,3,1961,2
1741,4,1,2,1961,2
2160,5,3,1,2016,3
2858,5,3,3,2014,4
1911,4,2,1,1981,1
1472,3,3,1,1990,1
2372,4,3,3,2006,3
1875,5,3,3,1988,3
2191,5,3,3,1990,3
2817,4,1,1,2015,3
1037,3,3,3,1959,1
2698,4,1,1,1958,4
1470,3,3,2,1976,3
1451,3,1,1,1973,3
2513,3,2,2,2007,4
2165,3,1,2,1959,3
2012,4,3,1,1997,3
2783,5,1,2,2015,4
2966,4,3,2,1995,5
1102,5,2,1,2011,2
2734,3,2,2,1990,4
2735,5,2,1,1963,5
1946,2,2,3,1953,5
2170,2,1,1,2001,3
1065,5,1,3,2003,1
1942,2,2,3,1982,2
1192,5,1,1,2007,1
2321,2,1,2,1973,5
2061,3,1,1,2006,2
1501,4,1,2,2013,2
2676,2,2,1,1963,4
2641,4,1,1,1961,3
2451,2,2,3,1998,4
1663,5,2,1,1981,2
1351,2,1,3,1962,3
2949,2,1,3,2011,5
1325,4,2,3,2019,2
2061,4,2,3,1986,1
2120,2,2,1,1953,1
1107,4,1,3,1991,3
1630,2,1,2,2010,2
1150,5,3,2,1973,1
2097,5,1,3,1996,3
2080,3,1,2,1982,3
1877,4,2,2,1994,4
1334,2,1,2,1958,1
2275,5,3,3,2015,2
1803,3,3,1,1973,3
2848,2,1,1,2020,4
1766,3,3,2,1968,4
2277,3,1,1,1960,5
2408,2,2,1,1998,2
2479,3,3,1,1981,5
1258,3,1,3,1966,2
1781,2,2,3,1954,1
2488,2,2,2,1975,1
1033,5,2,1,1968,1
2518,3,1,1,1994,3
1325,5,2,3,1993,2
1836,5,1,3,1967,2
2261,4,3,2,1951,3
1690,2,1,2,1965,4
2639,4,1,2,2002,4
2564,2,1,2,1950,5
1738,4,3,3,1981,1
2489,2,1,3,1983,5
1743,3,3,1,1995,2
2327,3,3,3,1971,2
1846,4,3,1,1970,3
1116,5,2,1,1992,1
2230,4,3,1,1953,2
2935,2,2,1,2010,4
2720,2,3,3,2016,5
2504,4,3,1,2014,4
1649,4,2,1,1996,1
1402,3,2,1,2002,1
1996,4,1,3,1956,4
2858,3,2,1,1954,5
2699,4,2,2,2005,5
2610,5,1,3,1979,3
1232,3,1,1,2007,1
1928,5,3,1,2010,2
2307,3,3,1,1959,3
1479,2,1,1,1997,1
2912,3,2,3,1972,5
2790,4,1,3,1955,4
1975,5,1,1,1976,2
1714,4,1,3,1983,3
2925,2,1,2,2001,4
1378,3,3,1,1980,2
2626,3,3,3,1954,5
1380,4,3,1,1967,1
1843,3,1,2,1970,2
2685,2,3,2,2010,4
1359,5,2,3,1994,1
1175,2,2,2,2019,2
1484,2,2,2,1978,2
2428,2,1,3,1995,3
1032,5,3,1,2000,2
2488,4,1,3,1953,4
1695,2,3,1,1993,1
1156,2,3,3,1983,2
1564,2,2,3,1993,4
2831,5,3,3,2016,5
1201,5,2,1,2007,2
2198,4,3,3,1959,4
2267,3,3,2,1962,2
2292,4,2,1,1978,2
1922,4,3,3,2000,4
2469,4,2,1,1995,5
1095,2,3,1,1972,2
2896,5,1,3,2004,4
1172,4,1,2,2004,1
2922,5,2,2,2019,4
2206,2,1,2,1995,3
2346,5,2,2,2019,4
1288,5,3,3,1995,1
1257,2,1,3,1972,3
2610,5,3,2,1981,4
1173,3,1,3,1992,2
1329,3,1,2,1970,2
2254,4,3,3,2021,4
1758,3,1,3,2017,3
2019,3,2,2,1965,4
1160,3,3,2,2008,3
1185,2,1,2,1998,1
2926,3,1,3,1989,5
2305,4,1,3,1980,2
1906,5,1,2,2021,2
1639,5,3,2,1978,2
2701,3,3,2,1955,5
2269,5,2,1,2013,4
2510,4,3,1,1974,4
2670,3,3,1,2017,4
2920,5,1,3,1990,5
1201,2,2,2,1980,1
2044,5,2,3,1999,5
2614,5,2,3,1967,4
1669,4,1,1,1983,2
2117,4,2,3,2004,2
2031,4,1,3,1988,2
1471,3,1,3,1981,3
2362,4,1,1,2020,5
1258,3,1,3,1971,2
1054,4,3,2,1981,3
1910,2,2,3,2008,3
2029,3,2,3,1958,2
2400,3,3,2,1982,2
1553,5,1,1,1955,2
2073,4,3,2,1964,4
1111,3,1,2,1962,2
1145,5,3,2,1963,3
1229,2,1,3,1963,1
2746,3,3,2,1988,5
1496,4,1,1,1962,2
2329,2,2,3,1988,3
2565,3,1,3,2007,4
1460,4,3,3,1961,3
1806,3,2,2,1980,3
2651,4,1,1,2009,4
2931,5,3,3,1950,5
1225,3,3,3,1962,1
1058,3,1,1,1984,2
2099,2,2,1,1995,2
1427,5,3,2,1958,1
1727,2,3,1,1962,3
2155,3,3,3,1999,2
1931,5,2,2,1984,3
1497,4,2,1,2021,3
1815,5,3,2,1993,3
1909,5,3,2,1960,2
2616,4,2,1,2015,4
2328,3,2,3,1997,2
1982,3,1,3,1989,4
1332,3,1,3,1997,1
1276,2,3,2,1964,2
2607,2,3,2,1972,2
1720,3,2,2,2019,3
2807,2,2,3,1961,4
1143,5,1,1,1964,2
2274,4,3,3,1967,3
2819,3,2,3,2018,5
1690,3,3,1,1970,2
2975,5,2,1,1978,5
2103,4,3,2,2009,5
1056,2,2,2,2001,1
2389,5,2,2,1988,4
1173,4,1,2,2016,1
2485,4,3,2,2017,3
1749,4,1,1,1998,2
2003,4,3,3,1991,4
1677,2,2,2,1963,3
2516,5,2,3,1980,4
1559,2,1,2,1987,2
2662,4,3,1,1998,4
2704,4,3,1,2016,4
2889,3,3,3,1962,3
2397,3,2,3,2012,3
1348,5,1,2,2016,2
2090,3,1,2,1955,3
1329,3,1,1,1998,3
1193,3,1,1,2002,2
2183,2,3,1,1957,4
2719,3,1,1,1981,4
1265,4,1,2,1984,1
1167,2,1,1,1951,2
1144,3,1,3,1965,1
1185,5,3,2,1986,3
1864,3,3,2,2013,2
1773,2,1,1,1959,3
2446,4,1,2,2006,4
2006,3,3,3,1962,2
1785,3,3,1,2007,3
1456,5,2,1,1987,3
2863,2,2,3,2006,3
1344,4,3,3,1975,3
1734,5,3,2,2017,2
1553,3,3,1,1964,2
2020,5,1,2,1993,2
2539,5,3,1,1987,4
2819,3,1,3,1976,4
1935,4,3,2,1973,3
1704,3,1,1,1976,1
2127,2,1,2,1972,2
1246,2,1,1,1962,1
1811,4,2,2,1953,2
2046,5,1,1,2008,3
1952,3,2,2,1982,2
1814,3,2,2,1980,3
2548,4,2,3,2015,2
1729,5,1,3,1977,4
2718,3,3,3,1983,4
1862,2,3,2,2015,2
2777,3,3,1,1989,4
2216,2,3,3,2001,3
1464,4,3,2,1959,2
2807,5,3,2,1963,4
1374,3,3,2,1952,2
1676,4,3,1,2003,2
1691,5,2,3,1979,1
1628,2,1,3,1952,2
2289,4,2,1,1966,3
2401,4,3,3,1998,3
2573,3,3,1,2003,3
1555,4,3,2,2001,3
1862,4,1,3,1962,3
1073,3,2,1,1971,1
1437,4,1,3,1995,2
1880,2,2,1,1964,2
2842,2,3,2,1996,4
1965,5,2,3,2007,3
1347,4,1,1,1988,2
1475,5,2,3,1971,1
2338,2,1,3,1980,2
1524,5,2,1,1993,2
2448,2,1,1,1995,5
1523,5,3,3,1968,2
1561,2,2,1,1964,2
2848,4,1,1,1997,2
2969,5,1,1,1985,4
2272,2,3,2,1983,4
1568,5,1,1,2018,4
2205,5,1,3,2014,4
1105,4,2,1,1999,1
1190,4,1,1,1974,2
2160,5,3,2,1966,2
1699,2,3,1,2010,4
2143,2,3,3,2019,4
2777,2,2,2,1997,5
1830,3,3,2,1970,3
1071,5,3,1,2009,2
1754,2,1,3,1993,3
2154,5,3,2,1989,3
1456,5,2,1,1995,2
2804,2,2,1,1964,5
1904,5,1,1,1972,3
1478,3,1,3,1981,3
1051,3,2,2,1991,3
2003,2,1,2,2001,4
1573,5,2,1,2011,1
2142,3,3,1,1999,3
2900,2,2,2,2017,4
2287,4,2,1,1989,3
2262,4,3,1,1974,3
2374,4,3,3,1969,5
1892,4,3,2,1973,2
1254,3,1,3,1972,1
1684,2,1,1,1994,2
2332,3,1,1,1955,5
2854,5,3,3,2014,5
2630,4,1,1,2021,3
2872,5,1,2,1991,5
2518,2,1,1,2008,5
1056,3,1,3,1958,2
1949,5,3,3,1966,4
2426,4,3,2,2019,5
2090,3,1,2,1993,4
2069,5,2,1,1955,4
1605,2,3,3,1950,3
1368,5,2,3,1957,3
2628,2,3,3,1979,3
1231,3,2,1,1993,2
2425,2,3,1,1951,3
1907,3,1,1,1957,3
2584,3,3,3,1951,3
2046,3,1,3,1972,4
1573,5,2,2,1966,3
2290,4,2,3,1959,5
1840,4,1,2,1966,3
1117,5,3,3,2018,1
2975,3,1,2,2009,5
2623,2,2,3,1990,4
2624,2,1,1,1955,4
2078,4,1,1,1973,4
2176,3,1,1,1955,3
2262,5,2,2,2014,3
2288,5,3,2,1977,3
1267,4,3,1,1982,2
2930,3,2,1,1990,4
1112,2,2,3,1984,2
1165,2,1,2,1955,2
1667,5,3,2,2009,5
2031,4,3,2,2010,4
1713,5,3,3,1969,1
2240,2,2,2,1957,4
1430,5,3,2,2002,3
2315,3,1,1,2000,3
1892,2,3,1,2012,4
2073,2,3,2,1992,4
1106,5,1,1,1969,3
2032,5,1,3,1956,4
1744,4,2,1,1965,3
1699,5,2,2,2007,3
2479,3,1,2,2005,4
1322,4,3,1,1970,2
1308,4,3,1,1960,1
1849,2,1,1,1993,3
1621,3,2,1,1955,3
1994,3,1,2,1972,4
1144,4,3,1,1974,1
1739,4,3,2,2013,2
1820,2,2,2,1996,2
1411,5,2,2,2003,1
1113,3,2,1,2002,2
1574,3,1,1,1954,2
1398,2,2,2,1961,1
2298,4,1,1,1969,4
1123,3,1,1,2018,2
1085,2,1,1,1999,3
2605,4,2,1,1973,3
2899,4,1,3,1962,5
1943,2,1,3,2010,3
2224,2,2,1,1968,4
2299,2,1,1,2004,3
2572,3,3,3,1971,3
2738,3,1,3,2015,4
2153,5,2,3,1950,2
2471,3,3,2,2016,5
1803,2,2,1,2009,4
1388,3,1,2,2001,1
1575,2,2,3,2010,3
2286,2,1,2,1974,4
1631,4,2,2,1955,3
2301,5,3,1,1994,5
1713,5,3,2,1998,3
2069,2,1,1,1986,2
2191,3,2,3,1967,4
2468,5,2,2,1999,5
1621,2,2,1,2004,4
1045,3,3,1,1953,2
1723,4,1,1,1981,1
1539,4,3,2,1964,2
1086,2,2,3,1997,2
1802,3,1,1,2005,2
2408,4,1,1,1995,4
2692,4,1,2,1975,5
2800,3,1,1,1964,5
2045,2,2,2,2015,4
2791,2,2,3,1958,2
1702,4,2,2,1980,2
2473,2,2,2,1986,3
2999,5,3,2,1988,5
1231,4,1,2,1998,2
1185,3,1,1,2020,2
1325,2,2,3,2012,2
2206,3,2,1,2020,3
2504,3,3,1,1961,4
2426,3,3,1,2007,3
2486,2,1,2,2017,4
2440,4,2,2,1989,4
2225,4,1,1,2000,3
2088,3,2,2,1967,3
1955,5,1,3,1963,4
1554,5,2,1,1978,2
1732,4,1,1,2003,3
2040,5,1,1,1980,1
2859,2,3,1,2015,4
2206,2,2,1,2018,2
1390,3,1,2,1993,2
1043,5,3,1,1978,1
2996,2,2,1,1956,3
1900,3,3,2,2000,3
2723,5,3,3,1964,4
2286,3,3,1,1977,4
1565,3,1,3,1956,3
1219,4,1,1,2004,3
2581,4,2,2,2003,4
2417,4,3,1,2011,3
1771,5,1,1,1995,2
2218,4,1,1,1973,3
1470,3,2,3,2020,2
2370,2,1,3,1961,3
2485,5,1,2,1981,3
2084,3,2,3,1968,2
1165,3,3,2,1993,2
1671,3,1,1,1977,4
2174,2,3,3,1973,3
1110,5,2,2,1969,1
2511,3,3,1,1963,4
1548,4,2,2,1952,2
2026,4,2,2,1997,3
2506,3,3,2,1964,4
2036,4,3,3,1975,2
2185,4,1,3,1958,4
1343,5,2,2,1982,3
2472,2,3,2,2008,3
1263,3,2,2,1972,1
1082,3,1,2,1955,1
1776,4,1,3,2021,2
1923,5,2,2,1996,2
1333,3,1,2,1992,2
2403,3,3,2,1998,3
2242,4,1,2,1966,5
1657,4,1,1,1961,2
2833,3,2,2,1971,2
2832,5,3,1,1960,5
1453,2,3,1,1971,1
1672,5,3,2,1953,2
1740,4,3,2,1964,2
2769,3,1,1,1992,5
2112,4,3,2,1990,3
1332,3,3,1,1971,3
1309,3,2,1,2017,3
1726,2,3,3,1992,2
2443,4,2,2,1999,2
2632,2,3,1,1997,5
2748,5,1,1,2003,3
1353,4,3,2,1956,1
1823,2,2,1,2009,3
2123,4,3,2,1972,3
2033,2,2,2,2010,2
2067,4,1,3,1960,3
2786,5,3,2,2015,4
2409,2,3,3,1991,4
2762,2,2,1,1964,4
1909,4,1,3,1968,1
1494,4,2,1,1966,3
2516,3,3,1,2015,4
2192,4,3,2,1955,3
1641,3,1,2,1971,1
1530,2,2,1,1968,2
2359,5,1,1,1990,4
2770,5,3,2,1980,4
2880,4,3,1,1953,4
1512,3,1,1,2011,1
2007,5,3,3,2002,3
2562,3,2,2,1987,4
2537,5,2,1,2009,5
2273,3,2,1,1954,2
1733,4,3,1,1958,1
1946,2,2,1,1953,3
2161,2,1,1,2003,4
2298,3,3,1,2006,1
2001,3,1,3,1957,4
1463,2,3,1,1963,2
1140,4,1,2,1977,3
2967,4,2,3,1996,5
2279,5,3,1,2002,2
1881,5,3,2,2016,4
2847,2,1,3,2015,4
1455,2,3,2,1954,2
2975,2,1,1,1958,5
1433,3,2,2,2018,2
1172,2,1,2,1973,1
1472,2,3,2,2007,3
2978,5,2,1,1965,5
2446,2,2,2,1981,4
2019,2,2,3,2002,4
1916,4,2,3,1983,3
1438,5,3,1,1954,3
2015,4,3,1,2004,3
2080,5,3,2,1996,3
1497,2,2,3,1971,3
2637,3,1,1,1984,5
1168,3,2,3,1999,2
1988,4,2,2,1996,4
2605,3,2,1,1960,4
2873,3,1,3,1967,3
1560,4,1,3,1968,1
1427,2,3,3,2007,1
1418,5,2,2,1971,3
2370,2,2,3,1956,3
2540,4,2,1,1976,2
1454,2,2,2,1951,2
1713,2,3,2,1969,2
1201,4,1,1,1970,2
1178,4,3,1,1991,2
1056,4,3,2,1980,1
2721,3,3,3,2012,4
2627,4,1,2,1953,4
2827,4,3,1,1958,5
2929,4,2,2,1985,4
1945,4,3,1,1962,2
1500,2,2,2,2005,3
1738,4,3,1,1954,3
2956,5,3,2,1964,4
1111,4,2,3,2011,1
2171,5,2,1,1952,4
2804,5,2,1,2001,3
1714,3,2,3,1973,3
2401,3,2,3,1969,4
1876,2,1,3,1959,2
2938,4,1,3,2013,4
2371,4,1,3,1976,3
2381,5,3,3,1998,4
2079,4,1,2,2001,2
1812,5,2,2,1967,3
2339,3,1,2,1998,3
1963,2,1,1,2009,3
2208,3,3,1,2003,3
2077,4,2,3,2008,3
1036,5,3,1,2019,2
2746,3,1,2,2019,5
2828,4,1,2,1952,5
2012,5,3,1,1985,3
2293,4,3,2,1965,4
1862,4,2,2,1968,3
1731,2,1,1,2010,2
2531,3,2,2,1966,2
2251,4,1,2,1985,4
2451,4,1,1,1997,5
2893,2,3,1,1976,4
2746,2,1,1,1998,5
1809,5,1,3,2006,3
2024,4,2,2,1975,2
1022,4,1,2,1955,2
2526,4,1,2,2000,5
2471,4,1,1,2014,4
1795,2,1,2,1986,3
1495,3,3,3,1991,2
1899,2,1,2,1984,2
1424,5,1,2,1980,3
1699,2,3,2,1981,1
1017,3,1,1,1981,1
2982,4,3,1,1987,5
2468,5,2,1,2013,5
2584,5,1,1,1999,5
2582,4,3,1,1970,4
2062,2,1,2,1950,3
2233,3,1,1,1992,5
2797,3,3,3,1971,4
1210,3,3,2,1950,3
1564,4,3,1,1974,4
1971,3,3,1,1968,2
2890,5,1,1,1959,5
1448,3,1,1,1956,1
1263,3,1,1,1967,2
2830,3,1,2,2008,5
1110,2,1,1,1999,2
1849,5,3,1,1957,2
2261,4,3,2,1986,4
2914,2,3,1,2002,5
2480,3,1,1,1984,5
1900,5,1,1,1965,2
1758,4,1,2,1998,1
2539,5,1,1,2011,4
1860,3,2,3,1980,3
1896,3,3,3,1972,2
1861,5,3,2,1997,2
2847,2,1,3,1971,4
2196,5,1,2,1987,2
1192,2,3,2,1978,1
1514,5,3,1,2018,1
1789,2,3,3,1969,2
1967,3,1,3,2009,5
2591,4,3,3,1967,5
2809,2,1,3,2021,5
2432,3,2,3,1982,3
2711,4,1,1,2011,5
2651,3,3,3,1971,3
2694,3,3,1,2007,4
1797,2,2,3,1985,3
2601,3,3,2,1970,4
2232,3,3,3,1977,2
1521,2,3,2,1964,3
2222,5,2,2,1993,4
2594,3,1,1,1980,5
1233,5,3,3,1982,2
2914,5,3,3,2005,4
2416,3,1,1,1989,3
2589,5,2,2,1971,3
2469,4,2,2,2007,4
1848,5,3,1,2013,4
1392,3,3,3,1972,2
1008,5,3,3,1950,1
1612,3,3,2,1978,4
2943,5,2,3,1996,4
1806,5,2,1,1993,3
1714,2,2,3,2003,1
2927,2,2,1,1981,5
2176,5,2,2,2008,3
1833,2,2,2,2020,2
1265,4,1,2,1978,1
2396,3,3,3,1993,3
2175,3,3,2,1987,2
1975,4,3,2,1982,3
2618,5,1,1,1989,5
1954,2,2,2,1962,3
2438,3,2,3,1951,3
1906,4,3,3,1992,2
2669,3,1,2,2014,4
2349,5,3,1,1983,5
1671,4,2,2,2007,2
2574,5,3,2,1969,4
1175,5,1,2,1950,2
1524,4,2,1,1990,1
2338,3,3,1,1975,3
2090,2,1,1,2011,3
1951,2,1,3,1989,2
2783,4,1,2,1967,4
2576,2,1,1,1978,2
2207,5,2,3,1991,4
2058,3,1,2,1975,2
2957,4,3,2,1962,4
1504,5,1,1,2008,2
1848,5,2,1,1998,3
1962,3,2,1,1982,2
2099,2,3,1,1975,4
1471,3,3,3,1999,2
2605,4,3,3,1968,5
2769,4,1,2,2015,3
1522,3,1,1,1997,2
1879,3,1,2,1971,3
2306,5,3,1,1973,2
2839,4,3,3,1982,4
2559,2,3,2,2015,2
1273,5,1,3,2020,2
2562,5,1,2,1979,3
2078,2,3,2,1956,2
1887,3,1,2,1973,2
1744,3,3,2,1992,2
1276,5,1,2,1992,1
2466,4,1,3,2010,4
1882,4,3,3,1953,2
2441,5,3,1,2005,4
1631,4,3,2,1952,3
2248,4,2,3,1966,4
1569,2,2,1,1958,2
2278,3,3,3,2005,3
1565,5,1,3,1970,3
2169,2,1,1,1988,3
1770,4,1,2,1986,4
2408,5,1,2,2008,2
1261,4,1,2,1971,2
1530,3,1,3,2019,2
2877,4,1,2,1989,5
2394,5,2,2,1958,4
2706,3,2,2,1993,3
1890,5,3,1,1976,4
2927,2,1,1,2006,4
2220,3,1,3,2005,5
1947,5,1,3,1999,3
1584,5,2,3,1990,2
1814,2,3,3,2006,3
2620,4,2,3,1961,5
2307,3,1,1,1974,4
1301,5,2,3,2007,2
2155,5,2,3,1989,3
2143,5,2,3,1983,3
2751,5,2,1,1975,5
2159,4,1,2,1983,3
1627,4,1,3,1960,1
1572,4,2,1,1985,2
1528,3,1,2,2015,1
1033,4,2,1,1998,1
1531,3,3,2,1982,2
2231,4,3,1,1985,3
2993,5,1,3,1995,5
2697,2,1,2,2013,5
2322,3,1,1,1997,5
2545,2,2,2,1997,3
2117,2,3,3,1971,2
2437,5,3,3,1960,4
1370,5,1,1,1950,1
1408,3,3,3,1969,4
2406,3,1,1,1956,4
2464,3,1,3,2002,3
2901,4,3,1,1969,4
2470,4,3,3,1968,3
2642,2,2,2,2016,5
1616,3,1,2,1954,2
1070,2,2,3,1955,3
2966,4,2,2,2003,2
1083,2,3,2,1970,2
2262,3,2,3,2000,3
2325,2,3,1,1991,3
2255,4,3,2,2005,3
1931,2,1,2,2018,3
1281,4,3,1,1991,3
1393,2,1,1,1978,2
1417,2,2,2,1997,2
2229,3,1,3,1986,3
2287,2,3,1,1993,2
2334,4,1,3,1952,3
1858,2,3,2,1976,2
1625,2,3,2,1968,1
2102,2,3,3,2017,1
2836,4,2,2,1977,4
1561,5,3,3,1991,1
1831,4,3,2,1961,2
2118,4,1,3,2015,4
2793,5,1,3,1969,5
1940,4,2,1,1988,2
2374,2,1,2,2013,5
2165,2,2,1,2010,3
2865,3,1,2,1983,4
1733,2,3,3,1951,2
2134,4,2,2,1968,1
2639,4,2,1,2009,4
2550,4,2,3,1981,5
2694,5,1,2,1978,4
2180,2,3,3,1985,4
1538,5,2,3,1951,3
1596,5,2,2,1993,2
1275,2,3,1,1988,2
1185,3,3,1,1973,2
2239,2,3,3,1971,3
1432,3,3,1,1961,2
1568,4,1,2,1955,2
1655,2,3,2,1968,3
1355,5,2,2,1958,2
1842,4,2,2,1979,5
1391,5,3,2,2012,1
1578,3,3,3,2010,3
2298,5,1,2,1985,4
2517,4,3,3,2000,5
2640,3,1,2,1979,5
2474,4,2,2,1983,4
1419,3,1,1,1967,2
2723,2,3,1,1952,3
1163,5,2,2,2016,2
1778,5,3,1,1974,1
2586,2,3,1,1961,4
1637,2,2,3,1993,3
2615,5,1,2,1970,3
2206,2,1,3,1991,2
2333,3,1,1,1973,3
1016,5,1,1,1962,2
1445,4,1,3,1961,3
1169,2,1,3,1999,1
2303,3,2,1,1969,4
2936,5,3,1,1981,4
2839,5,2,2,1980,5
1339,3,3,1,1963,3
1725,2,2,3,1994,3
2542,2,3,3,1972,3
2933,3,2,3,2012,5
2034,4,1,1,1989,2
2547,3,3,3,1968,4
2645,2,2,1,1962,4
1132,5,3,1,1957,2
1900,2,1,2,1953,2
1639,2,3,2,1980,5
2171,4,1,3,1951,4
2589,5,3,2,1979,4
1822,4,1,2,2011,2
1953,4,3,1,1977,3
1345,3,3,2,2002,1
1608,5,2,2,1991,1
2272,4,3,2,1979,3
1638,4,1,2,1982,1
2565,2,1,2,2016,2
2047,2,3,2,1970,3
2494,3,3,3,1990,3
2224,4,3,2,2012,1
1130,5,1,1,2014,2
2657,4,2,1,1964,5
1355,3,2,3,1952,1
1943,5,2,2,2000,4
2862,4,1,3,2018,4
2549,4,2,2,2010,4
2327,3,2,1,1954,5
2564,3,1,3,2012,4
1049,4,1,3,1989,2
2263,2,1,3,2006,3
2505,2,1,3,1977,5
2929,2,1,1,1961,4
1454,4,2,2,1968,2
2306,3,1,1,2016,3
1334,2,3,1,1953,2
2375,5,1,2,2003,4
1667,3,1,3,1998,1
2672,3,2,2,1995,4
1326,5,2,3,1952,4
2015,3,1,2,1988,3
1665,3,3,2,1952,3
1994,2,2,1,2000,4
1080,2,2,2,1979,2
1086,2,1,2,1975,1
1257,3,3,2,1965,2
1990,5,3,3,1968,5
1184,4,3,1,1954,1
1697,4,3,3,1971,4
1122,4,1,3,1975,1
2912,2,1,2,2005,3
2119,2,2,2,1970,2
1604,5,2,1,1998,2
1514,3,2,1,1958,1
1903,5,1,1,1980,2
2466,3,2,1,1994,3
2537,2,2,1,2012,4
2981,3,3,1,1952,5
2394,3,3,2,1974,2
2171,4,2,2,1980,4
2308,4,3,1,1972,4
1656,4,1,3,2001,4
2865,4,1,2,1968,5
2896,2,1,2,2015,4
1261,4,2,1,1958,3
1490,4,3,1,1970,1
1737,2,2,1,1952,2
2054,4,2,1,1972,3
1701,3,1,1,1973,2
1886,2,2,1,2002,2
2291,5,3,2,1966,4
2214,3,1,3,1983,3
2423,2,3,3,2003,4
2560,5,2,1,1997,4
1090,4,1,3,1970,2
1599,2,2,1,1960,3
2867,2,3,2,1990,5
2524,4,2,2,2018,4
2809,4,3,2,1959,3
2134,2,1,3,1972,3
1079,4,2,2,1965,2
1835,5,2,3,1961,2
1651,5,1,1,1999,2
1432,4,1,2,1965,3
1416,4,3,2,1970,2
2237,5,3,3,1950,4
2470,3,2,3,1987,4
1017,4,2,2,2013,1
2077,3,1,2,1993,3
2903,5,1,3,2001,4
2632,2,2,3,1985,5
2818,3,2,1,1982,5
1745,3,2,2,1969,5
1239,3,3,3,1982,2
1845,3,2,3,1977,3
2944,3,1,3,1979,4
1855,2,1,3,1955,4
2509,2,1,2,2010,4
2467,2,3,1,1960,3
2589,3,1,2,1972,2
1598,5,3,3,2018,5
2796,4,2,1,1968,5
2771,3,1,3,1984,5
2146,2,2,2,2020,3
1419,5,2,1,1983,2
2589,5,1,1,1970,4
2443,2,1,1,1982,4
1708,4,1,2,1988,3
1550,4,2,1,1951,3
1965,2,1,3,1993,2
2900,2,3,1,1965,5
2251,5,3,2,2008,4
2353,3,2,2,2003,4
1832,4,2,3,1982,2
2492,4,1,2,1990,3
1679,4,2,2,1983,2
1486,3,1,2,1971,3
2572,2,1,2,1966,5
2602,2,2,3,2000,5
1622,3,3,3,1960,3
2438,3,3,1,1974,5
1720,2,1,3,1987,1
1380,4,2,3,2008,1
1086,5,1,1,2020,1
2484,5,2,2,1994,4
1814,3,1,3,2013,1
1410,5,2,1,1957,2
1690,5,3,1,2000,3
2939,5,3,1,1963,5
2012,4,3,3,2012,5
1524,4,3,1,1984,4
1446,2,2,3,1955,1
1299,3,2,3,2009,1
1407,5,3,1,1997,3
2660,2,2,2,2001,4
1374,4,1,2,1960,1
1232,5,2,3,1994,3
2786,3,2,2,1952,5
2922,5,1,2,2002,5
1637,4,3,1,1995,1
2770,5,1,2,1954,4
1649,5,3,1,2001,3
1960,5,1,2,1997,5
2072,5,3,3,1999,2
2915,4,1,2,1957,4
2228,5,1,1,1995,3
1077,3,1,2,1963,3
2504,5,3,3,1995,4
2409,3,3,3,1967,4
1193,3,2,3,2003,1
2126,5,1,3,1951,5
2640,5,2,3,2015,4
2399,3,3,2,1972,2
1286,4,1,3,1950,1
2505,3,2,3,2015,3
2746,4,3,1,1964,5
1249,2,1,1,1985,1
2224,2,3,3,1999,4
1535,5,1,2,1989,3
1299,3,3,2,1976,1
2501,5,3,2,2013,5
2106,4,1,1,1963,3
1808,2,2,3,1988,2
1457,2,2,1,1989,4
1690,2,1,1,1998,4
2321,5,1,2,1962,4
2387,5,1,3,2010,4
1717,5,2,1,1970,5
1039,4,1,2,2007,1
2839,5,3,3,1994,4
2648,5,1,1,1996,5
2363,5,1,3,1954,3
2539,4,3,2,1950,3
2339,3,3,3,1989,2
2137,5,2,1,1950,2
2190,3,2,2,1980,2
1260,4,1,3,1981,2
2641,3,2,2,1985,5
2247,4,1,3,1960,3
2285,5,1,2,1980,4
2274,5,3,1,1967,4
1525,3,3,3,1995,2
1709,5,1,2,2002,3
1125,3,2,3,1973,1
2229,4,1,3,1952,3
2163,5,2,1,1995,1
2085,5,3,1,1969,2
2306,5,2,2,1994,5
1345,2,2,1,1968,2
2547,3,2,1,2002,4
1135,2,1,2,1981,1
1329,5,3,2,1956,1
2167,2,1,3,1994,5
2459,3,3,1,2007,5
2305,2,2,3,1989,3
2512,4,2,3,2015,5
1812,2,3,1,1962,2
2756,4,1,3,1997,5
1851,4,2,1,1974,3
2744,2,1,3,1958,4
2938,4,1,3,1957,5
2424,3,3,3,1991,5
1870,3,1,2,2021,2
1891,5,3,3,1974,1
2472,3,3,2,1965,3
1634,5,2,3,2001,2
2651,5,1,2,1979,3
1668,2,1,1,1956,3
2293,4,1,3,1991,4
2040,2,1,1,2013,4
1268,5,3,1,1989,2
1860,2,3,1,1979,2
1481,4,1,3,1960,3
2242,4,3,3,1970,4
2342,4,3,2,2020,5
2261,5,1,1,2010,3
2568,2,3,1,2010,5
1284,2,1,2,1971,2
2060,5,2,2,1997,4
1102,5,3,3,1956,2
2746,3,2,1,2010,3
2453,2,2,3,2021,3
1791,4,2,2,2005,2
2677,2,3,1,2006,4
1238,3,1,2,1960,1
1740,4,1,3,2005,3
1644,3,2,2,1995,2
2148,5,2,2,1969,3
2588,5,2,3,1985,5
2623,2,2,3,1996,4
2633,5,3,2,1957,4
1881,5,3,3,1974,3
1606,2,2,3,1978,3
2949,3,3,1,1991,5
1887,4,1,1,1971,3
2279,4,2,1,1955,4
2608,3,3,2,2016,5
1986,5,1,3,1991,3
1923,4,3,1,2010,3
2897,3,3,1,2012,4
1793,5,3,1,1997,2
1529,5,1,3,1992,2
1675,3,2,2,1954,4
1391,2,1,3,1980,3
2681,3,1,2,1965,5
2491,5,3,3,2012,5
2849,4,1,1,1999,5
2276,5,1,3,2013,5
1671,5,3,2,1954,4
1860,3,2,2,2013,2
2584,5,1,2,1978,3
2199,2,3,3,1952,3
1465,4,2,2,1989,2
1838,3,2,3,2012,2
2600,2,2,2,1973,3
1987,4,2,2,2002,3
2312,2,1,2,1955,3
2073,5,1,3,1999,3
1003,5,3,2,1969,3
2654,2,1,1,2019,5
1851,4,1,2,1974,4
2908,2,1,2,1978,3
2699,2,1,2,2016,4
2246,4,3,3,1992,4
2691,5,2,1,1975,5
2922,3,3,3,1994,3
2285,5,2,2,1954,2
2708,5,1,3,2019,4
1534,2,3,1,1963,1
1902,3,2,2,2014,3
2399,2,2,3,1977,4
2084,3,2,3,2009,4
2379,5,1,2,1974,4
1645,2,3,3,1951,2
1023,5,2,2,2000,1
2316,3,2,3,1987,3
1556,5,3,3,1993,2
1690,5,2,3,1987,3
1355,5,1,2,1971,2
1869,4,1,1,1999,2
1940,2,3,2,1978,4
1356,4,1,1,1972,3
1364,4,2,1,2021,3
1607,3,3,3,2013,2
1408,2,1,2,2012,1
2289,3,1,1,1953,3
2314,5,2,3,2008,3
1566,3,3,1,1963,1
2176,3,1,1,1973,4
1218,5,2,3,2020,2
1172,5,1,2,2015,3
1607,3,1,3,2008,1
2658,3,1,2,1968,3
2035,2,1,3,1964,4
2385,5,3,3,1952,3
1857,3,2,2,1952,3
2602,4,1,2,1997,3
1656,3,3,1,1962,1
1968,2,3,3,1983,2
2500,3,2,1,1967,3
2600,5,2,3,1997,4
2105,3,2,1,1963,2
2640,3,3,2,2015,5
2716,5,1,2,2009,5
2363,2,2,3,1963,3
1440,5,3,2,1960,4
1616,3,2,1,2003,3
1225,2,1,2,2004,3
1370,5,2,2,2015,1
1027,4,3,1,2017,2
2007,4,3,2,2015,3
1994,4,2,1,1964,3
1015,5,2,2,1963,1
2300,2,1,3,1995,2
1332,5,2,2,1952,1
1482,3,2,3,2012,1
2833,5,1,2,2016,5
1565,4,1,1,1995,1
2311,4,1,1,2001,4
1037,5,3,3,1966,2
1453,4,2,1,1994,2
2905,5,3,3,1983,5
1741,4,2,1,1979,3
1693,2,3,1,1986,2
2979,2,2,1,1985,4
1877,4,1,3,2017,2
1244,5,3,1,2010,1
2894,2,3,3,2007,5
2356,5,2,1,2004,4
1942,4,3,2,1997,4
2419,2,3,2,1996,4
1820,5,3,1,2004,3
1506,4,3,3,1964,3
2952,5,3,2,1951,4
1923,5,2,3,1998,4
2144,4,1,1,1982,3
2282,5,1,3,1997,5
2745,5,2,3,2000,5
1309,5,3,2,2017,1
2831,3,2,2,2000,4
2729,4,1,1,2003,4
1219,4,1,3,2019,2
2496,3,3,1,1951,4
1729,3,1,1,1993,2
1748,2,3,2,1957,4
1942,3,2,2,2004,1
1385,2,1,3,1987,3
2321,5,3,2,1980,4
1929,2,1,3,1992,1
2629,2,2,1,1968,5
2276,5,3,3,1965,4
1404,4,2,2,1951,3
1491,4,1,3,1982,2
1356,5,3,1,1982,1
2451,3,2,3,1977,3
1214,2,1,3,1961,2
2403,4,3,2,1968,3
2793,4,2,2,2017,5
1751,4,3,2,1971,3
1826,4,2,1,1972,3
2237,4,3,1,1982,5
2121,5,3,3,1957,4
1527,4,2,1,1968,2
1915,4,3,3,1963,2
1665,5,2,1,1971,2
2551,4,3,3,1989,5
1709,3,1,1,1967,2
2643,2,2,2,1971,3
1534,5,2,3,1963,3
1553,5,1,2,2020,4
2572,4,2,2,1978,3
1327,2,3,2,2011,2
1901,3,2,2,1969,3
2188,3,3,1,1974,5
2139,2,3,3,1985,3
1149,2,2,3,1987,1
2541,3,2,3,1958,4
2055,4,2,2,1959,4
1656,2,1,3,1967,3
1805,2,2,1,1973,2
2936,4,2,3,1956,4
1918,2,2,1,1962,2
1688,4,1,2,2014,4
1956,3,3,1,2016,2
2084,2,2,3,1991,3
2612,4,3,2,1951,3
1415,5,3,3,1965,1
2406,4,2,1,1959,4
1597,3,2,3,2013,3
2726,2,1,3,1961,2
1006,4,1,1,2012,3
1917,2,2,2,2000,3
1084,4,3,3,1990,2
1773,2,1,1,2015,5
1956,2,1,3,2012,2
2421,5,2,2,1952,3
2794,4,1,3,1974,4
2416,2,2,2,2005,4
2070,2,2,1,1983,1
2521,3,2,2,1955,3
1605,4,2,2,1956,3
2501,2,2,2,1973,5
1425,5,1,2,1953,2
1425,2,3,3,1986,3
1735,4,2,1,1974,1
1790,5,2,1,1992,3
1514,5,3,3,1999,2
2152,2,1,2,2016,5
2858,2,3,2,1953,5
2272,3,1,3,1981,3
1740,3,2,3,2002,3
2862,4,3,2,2015,5
1130,4,1,1,1961,2
2763,5,3,3,1964,5
2712,4,2,2,2014,4
1322,3,1,3,2020,2
1822,3,2,3,2020,2
1065,3,3,3,1964,1
1717,3,3,2,1976,1
2124,4,2,1,1981,3
2855,3,1,3,2003,4
1030,3,3,3,2001,1
1884,2,3,3,2005,2
1190,3,1,3,2009,1
2601,4,1,3,1986,4
1414,2,1,1,1975,1
1746,3,1,2,2001,2
2813,3,3,1,1982,5
2523,5,2,1,1958,3
2885,2,2,1,2020,5
2760,2,3,2,2006,3
2618,3,3,3,1978,5
2069,5,3,2,1971,2
2112,4,2,2,1983,4
1374,3,3,2,2007,2
2724,5,2,1,2011,4
2269,2,3,2,2018,4
2280,2,1,1,1958,4
2375,4,3,2,1982,3
2596,3,2,3,1987,4
2128,3,2,2,2018,2
2360,2,1,2,1998,3
2549,3,3,2,1960,2
2324,4,1,1,2021,4
2100,5,2,3,1978,3
2534,4,3,3,1994,5
2253,5,3,3,1997,2
2702,5,2,2,1978,5
1577,5,1,1,1962,2
1031,3,1,3,1980,2
2631,3,2,2,1998,3
1057,3,3,2,2015,2
2127,3,2,3,2020,2
1311,3,3,2,2007,3
2669,3,1,3,2000,5
2752,2,1,1,2008,4
2090,2,1,2,2009,2
1689,2,1,2,1971,1
2397,4,2,1,1999,2
2782,4,1,1,2014,5
1234,5,2,3,1980,1
1642,5,2,1,1981,2
2135,4,3,3,1967,3
2412,2,1,2,1973,4
2431,3,3,3,2005,5
2077,3,3,1,1988,2
1801,3,2,1,1951,3
1238,5,1,1,1999,2
2775,4,2,2,1972,4
2318,2,1,2,2015,4
1111,3,3,1,2017,2
2111,4,3,1,1991,3
2763,4,2,3,2007,5
1475,5,1,2,1957,1
1303,5,2,2,2005,2
1289,5,3,3,1996,3
1207,4,2,1,2020,1
1867,5,2,2,2007,1
2926,3,1,1,1993,5
2809,2,1,2,1985,4
1581,5,1,2,1992,2
1369,3,2,3,1973,2
1219,2,1,3,1956,1
2254,5,2,3,1999,3
1801,5,1,1,2019,3
1818,2,1,3,1995,2
2896,3,1,1,1950,4
1348,3,2,2,1976,1
1254,4,3,1,1995,1
1451,4,3,3,1988,2
2092,3,2,1,1966,3
1088,3,3,3,1954,3
1870,5,2,3,1968,1
2159,2,1,2,1999,1
2678,2,3,3,2019,5
2874,4,2,3,1955,5
2722,5,2,3,1986,4
1659,5,2,1,1983,4
1950,3,3,3,2018,3
2827,2,2,3,1969,4
2873,2,2,2,1971,4
1909,2,3,2,1955,2
1441,3,3,3,1957,2
2880,5,2,3,2003,5
2231,2,2,2,1972,4
1209,3,3,1,2014,1
1512,2,1,1,1969,2
2383,5,3,2,1960,4
2024,2,3,1,2006,3
1980,2,2,2,1978,3
1380,3,3,3,1961,2
1827,4,2,2,1973,2
2560,2,2,3,2021,4
1858,3,1,1,1999,4
1393,2,1,1,1984,3
2073,5,2,1,1982,3
1395,5,2,3,1985,2
2776,2,1,2,1990,4
1031,3,2,3,2015,1
1544,3,1,1,1960,3
1711,5,1,1,1996,3
2257,3,2,3,1989,4
2049,5,1,1,2004,3
2577,4,2,2,1959,5
2457,2,3,2,1959,4
2084,3,3,2,1990,4
1552,5,3,3,1980,3
2464,5,3,3,1957,4
2153,2,2,1,1995,4
2890,2,3,1,2018,5
2377,2,2,2,1971,4
1197,3,2,1,1984,1
1798,4,2,1,1955,1
2686,4,2,2,1967,3
2739,4,2,2,1985,4
1693,4,1,2,1982,5
2394,5,3,1,2018,3
2742,4,1,1,1961,5
1146,4,3,2,1955,3
2739,3,2,3,2011,5
1497,3,2,2,2011,3
1047,2,3,3,1965,2
1650,4,3,2,1956,4
2195,5,1,2,2004,3
1612,2,1,3,1969,4
1698,3,3,3,1966,3
2919,2,3,3,1971,3
2338,2,3,1,2007,3
1805,4,1,2,1951,1
1920,2,3,2,1972,3
1874,2,3,2,1962,4
2556,4,3,1,2015,5
1809,2,3,1,1992,1
2443,5,2,1,2014,5
1904,4,2,1,2008,4
2545,3,1,3,2019,4
2210,5,2,2,1986,2
2005,3,1,1,2012,3
2668,4,2,1,1959,4
1032,3,2,2,2021,4
1068,3,3,2,1992,1
1591,3,3,3,1950,1
2214,3,3,3,2009,4
2508,3,1,2,1968,4
2308,3,1,3,2017,3
1913,2,3,2,2013,3
1732,2,2,2,1977,1
1389,2,2,3,1986,2
2588,3,2,3,1958,5
1159,2,3,3,1976,2
1891,5,2,2,1953,2
2577,4,2,3,1977,4
2070,4,1,3,2018,3
2182,4,1,3,1971,4
2469,2,3,2,1967,5
1695,3,2,3,1962,2
1757,4,3,2,2013,4
1522,5,1,3,2017,2
2689,2,2,2,1952,5
1731,2,2,1,1995,3
1338,3,2,2,1960,2
2976,3,3,1,1958,5
2388,5,2,2,1983,5
1794,5,1,3,2016,3
2722,2,1,1,1957,4
2597,5,3,1,1987,4
2171,3,3,1,1984,3
1898,3,1,2,1983,3
2167,3,3,3,1954,4
1102,3,1,2,1969,2
1811,3,3,2,2014,2
1974,5,3,1,1978,4
2309,5,3,2,1994,4
2447,4,3,2,1964,4
2984,2,2,3,2021,5
2012,2,1,1,1996,3
2534,2,2,1,2006,2
2053,3,3,2,2014,3
1871,4,3,2,1979,3
2389,3,1,1,1986,5
1799,4,1,3,2012,3
2161,2,1,3,2013,3
1474,2,2,2,1952,2
1562,5,1,3,1983,2
2415,2,2,1,2020,5
1434,2,2,3,1952,3
1803,2,1,2,1969,2
2257,2,1,3,1958,3
1054,2,1,3,1988,1
1930,4,3,3,1986,3
2315,5,3,1,2016,4
1751,2,3,3,1974,1
1311,2,1,3,2013,2
2571,2,2,1,1954,3
2112,4,2,3,1984,3
2235,4,3,2,1966,3
1956,5,2,3,1959,2
1317,2,3,3,2016,4
2900,5,2,2,1952,5
1756,3,1,2,2002,2
1464,4,1,3,2004,4
2110,2,2,1,2017,3
2432,4,3,2,1974,4
2263,5,1,2,2007,3
2855,3,2,3,1992,4
1699,2,3,1,2007,4
2080,4,2,2,1968,4
2136,3,3,1,2016,3
1734,5,2,2,1980,2
2093,5,2,2,2016,5
1738,4,1,3,1957,2
1767,4,3,3,1983,4
2715,2,1,1,2013,2
2207,5,1,3,1990,5
2726,2,1,2,2021,4
2987,4,2,3,2013,5
1743,3,2,3,1976,3
1275,2,1,1,1970,1
1232,5,3,1,1989,2
1053,4,2,3,1960,2
1256,4,1,1,2013,1
1089,2,2,2,2001,1
2761,2,1,1,1986,4
2782,4,2,2,1998,4
2929,2,1,3,1980,4
2686,4,3,3,2006,4
2458,5,3,1,1986,4
2648,3,3,2,2014,3
1407,2,3,3,2004,2
2292,5,3,3,1981,5
2692,5,1,2,2004,5
2977,2,2,3,1956,5
1365,5,1,3,1987,4
2882,4,3,2,1964,5
1350,2,1,3,1980,1
2182,5,1,1,1991,4
1486,5,3,2,1970,2
1841,3,1,2,1993,3
1983,3,1,2,1958,2
2760,5,1,1,1980,4
2549,3,3,3,1966,4
2378,3,1,2,1956,4
1620,5,2,1,2011,3
1929,4,3,1,1969,2
1400,2,3,1,1967,3
2428,5,1,3,1973,3
2119,3,3,2,1958,3
2730,3,2,1,1987,5
1569,4,2,3,2011,2
1974,5,2,1,1981,3
1391,5,3,3,1954,2
1351,3,3,1,1957,3
1805,5,2,1,2012,3
2689,3,3,1,1988,5
1575,3,3,2,2004,2
2693,3,3,3,1992,4
1776,2,3,3,2013,2
1632,3,3,3,1971,1
2311,4,1,3,1977,3
1522,5,3,3,2016,3
1725,2,1,2,1996,2
2640,4,2,2,1968,5
2937,2,3,1,1961,3
1658,5,3,3,1985,1
2205,2,1,1,2021,2
1849,3,1,1,1952,2
2572,3,2,1,2018,3
1081,5,1,1,2010,2
1523,4,1,1,2002,2
1003,2,3,2,2009,1
1494,2,3,3,2010,2
2578,5,1,2,1960,5
2946,3,2,3,1963,5
2074,2,2,1,1991,4
2284,3,3,3,2003,5
2157,3,2,1,1964,3
2622,3,3,1,1950,2
2385,3,3,2,1975,4
1567,2,1,1,2016,4
2240,4,3,2,1998,3
1877,4,3,2,2001,3
2091,5,2,1,2004,3
2011,5,3,2,1961,3
2014,5,2,2,2012,1
1863,4,2,2,1972,3
2579,3,3,1,1965,4
2166,4,3,1,1968,5
2369,3,1,1,1962,2
2577,5,3,2,1998,5
2674,5,3,3,1960,5
2608,3,3,2,1952,3
1778,3,3,3,1991,2
2217,5,1,1,1965,5
2004,3,3,1,1981,1
2690,4,3,3,2013,4
2269,5,3,3,1980,4
1313,4,2,2,1978,2
1729,5,1,1,1979,3
2991,2,2,3,1972,4
1383,4,3,2,1969,2
2788,2,3,1,1969,4
2812,5,1,2,2014,4
1276,4,2,2,1965,2
2095,4,2,3,1974,4
2152,4,3,2,1986,2
2381,3,2,3,2002,4
1697,4,2,2,1983,3
2548,4,3,3,1981,3
2864,2,3,2,1963,5
2243,4,2,2,1953,3
2029,3,3,2,2011,3
1750,4,1,3,1969,3
1982,2,3,2,1967,2
1623,4,2,1,1970,1
1227,4,2,3,1995,2
1016,5,1,1,1981,1
1011,5,1,2,1986,2
2522,2,1,3,1984,3
1691,5,1,2,1965,4
2657,3,1,1,1966,4
2739,3,1,3,1958,5
2525,2,2,2,2002,5
1069,3,1,2,2013,5
1107,3,1,3,1977,2
1200,2,2,3,1979,1
2075,4,1,1,2007,2
2572,4,2,1,1969,3
1628,4,1,1,2015,2
2282,3,2,3,1955,3
2505,5,3,2,2005,4
2287,3,2,3,2004,4
1905,4,3,3,1990,3
1302,2,2,3,1952,1
1936,2,3,3,2009,3
1575,2,3,1,1992,3
2577,3,2,2,1984,5
1554,5,1,1,2012,2
1124,4,3,2,2021,1
2928,2,2,1,1983,4
2293,4,3,3,2018,4
1858,4,2,1,1983,3
1744,3,3,3,2003,1
1131,3,1,1,1986,2
2025,4,3,1,2010,4
1114,4,1,3,1976,2
1480,4,2,3,2019,2
1980,2,1,3,1960,3
2024,2,1,2,2008,2
1330,2,2,3,1984,2
1941,4,1,1,1963,1
1954,5,2,1,1971,2
2994,2,2,2,1975,4
1767,4,1,3,1999,3
1390,5,3,3,2000,1
1833,5,1,2,1995,3
1142,4,3,3,2009,1
1327,2,3,2,1970,1
2781,3,3,1,1970,4
1376,3,1,1,1952,1
2838,2,1,2,1986,3
1089,4,1,1,1956,3
1807,3,3,3,2012,2
2020,3,1,1,1959,2
2065,2,1,1,1975,3
2970,4,3,2,2010,5
2058,4,3,3,1958,1
2011,2,2,1,1973,2
2517,3,2,2,1992,4
1552,4,1,2,2019,3
2876,4,1,1,1964,5
1123,3,1,3,1991,1
1805,3,3,1,2008,3
2479,5,3,3,1977,4
1234,4,2,3,1957,2
1607,2,3,1,1950,1
1391,3,3,2,2012,2
2515,3,1,1,2004,4
1969,2,2,3,2001,1
2854,4,3,2,1986,4
2366,2,3,1,2020,3
2667,5,2,1,1981,5
2199,2,1,3,1986,4
2573,4,1,2,1960,4
2501,3,3,2,1969,4
1488,5,3,2,1974,2
2878,5,2,1,2018,5
1004,2,3,3,1977,2
2748,2,1,2,2020,5
1631,3,1,2,1971,3
2904,5,3,3,1984,5
2232,3,1,3,1968,4
1216,5,3,3,1965,2
1535,3,3,3,2018,3
2365,2,2,3,1991,2
2740,2,2,1,1958,4
2424,4,3,3,1982,4
2485,2,1,2,1968,5
1737,3,1,1,1987,2
1729,5,3,3,1983,2
2234,3,3,2,2021,4
2049,4,2,3,1978,3
2275,2,1,2,2019,4
2025,5,2,1,1950,4
2627,4,1,3,1950,3
2025,4,2,2,2003,4
1149,2,1,3,2016,1
2606,4,3,3,1982,5
2520,4,2,3,2007,4
2573,3,1,1,2008,4
1467,3,2,1,2004,3
1307,5,1,2,1991,1
2275,4,1,2,2000,3
2310,3,1,3,1997,2
1921,5,2,1,1974,2
1291,2,3,3,1990,1
2177,2,2,3,2001,4
1923,2,1,2,1987,5
2156,2,2,1,2010,3
1882,4,3,1,1954,4
1585,2,1,1,1956,1
2297,4,3,2,2020,5
2806,5,1,3,1987,5
2720,2,1,3,1959,4
1508,2,1,1,2013,2
2376,5,3,1,1960,4
1004,5,1,3,1954,1
1292,4,2,2,1978,1
1359,3,1,1,2003,1
2621,4,1,1,1957,4
1213,3,1,1,1959,1
2429,4,2,2,1962,4
2459,3,2,3,1995,4
2038,2,3,2,1966,3
2296,3,1,3,1964,4
1562,5,3,3,2015,2
1764,5,3,2,2006,2
1702,2,1,3,1950,3
1633,2,2,2,1976,2
2435,3,2,2,1960,4
2210,3,3,2,1968,4
2749,5,1,2,1978,4
1660,5,3,1,2020,3
2193,4,2,2,1972,3
1720,2,3,3,1962,2
2988,2,1,2,1952,5
1593,2,3,1,2014,3
2424,4,3,3,2016,4
2731,4,1,1,1962,4
2926,5,1,1,1996,5
1856,3,2,1,1975,3
2892,4,3,1,2001,4
1551,4,3,2,2020,3
1042,2,1,3,1991,1
1840,5,2,3,1972,3
2746,3,1,2,2009,4
1178,4,2,1,1995,3
2480,4,2,2,1971,4
1534,4,2,2,1950,2
1606,2,1,2,2011,2
1671,3,3,3,1960,2
2267,3,1,2,2004,3
1926,4,3,1,2017,4
1016,3,1,3,2009,2
2135,2,2,2,2005,2
2638,4,3,2,2011,4
1825,5,1,3,1966,2
1546,3,3,2,1967,3
2053,5,2,2,2002,2
2215,5,2,1,1953,5
1436,4,3,3,1996,3
1615,4,2,1,2000,2
1676,2,1,2,1960,2
2497,4,2,1,1959,5
1633,5,1,2,1958,2
2157,4,2,3,1980,2
1801,3,1,1,1956,2
1311,3,1,1,1993,3
2759,2,2,3,1981,4
1024,2,2,2,1999,1
1370,2,1,2,1966,1
1524,3,3,1,1980,1
2342,4,1,3,1980,2
1229,5,3,3,2011,1
2125,2,2,1,1953,4
2473,4,3,2,2006,2
1377,4,1,1,1960,1
1887,3,2,1,1970,1
2924,3,2,3,1971,4
2226,5,3,1,1977,4
2290,4,2,2,1980,5
1461,2,3,1,2007,3
1364,3,1,2,2005,2
2757,4,2,2,1982,4
1103,3,1,3,1997,2
2134,4,3,1,1969,3
1427,3,3,2,1951,1
1468,2,1,3,2008,3
2014,5,3,1,2016,2
2604,2,3,3,2006,5
1869,3,1,2,2021,2
1769,3,1,3,2012,3
1679,3,2,1,2015,2
1804,2,2,3,1963,2
1885,3,1,3,1975,2
1560,2,2,1,2012,3
2273,3,3,3,1976,4
2505,5,2,1,1979,5
1330,5,2,1,1954,1
1586,4,1,2,2005,3
1453,3,2,3,2007,2
2527,2,3,2,2005,5
2569,4,1,3,1961,4
1825,5,2,1,1960,2
2956,2,1,1,1968,4
1863,2,3,2,2001,3
2851,2,1,2,1995,3
1907,2,3,2,2008,2
2772,5,3,3,1977,5
2567,2,2,3,2020,3
2232,2,1,3,1965,2
2667,5,1,1,1951,3
2641,3,1,2,1981,5
1554,2,1,1,1963,1
2903,5,3,1,2006,3
1106,2,2,1,1965,3
2288,3,2,3,2010,3
1225,5,1,3,1962,2
1486,4,3,3,2018,3
1178,5,3,3,2009,1
2245,3,1,2,1964,2
2393,5,2,3,2000,3
1636,4,1,3,2019,3
1787,5,3,2,1969,4
1166,2,1,3,2018,1
1662,2,1,1,2004,2
2576,3,1,3,2013,4
1299,5,3,1,1957,1
2404,3,2,3,1978,5
1034,5,1,1,2000,1
1406,3,2,3,1956,1
2525,5,2,2,1980,4
1313,2,3,1,1951,1
1815,3,1,3,2020,2
1742,3,1,1,1975,2
1726,4,2,1,2004,1
1825,5,2,3,1999,2
2124,2,2,3,1963,2
1568,2,3,2,2002,2
2238,2,3,3,1971,2
2691,2,3,3,1964,4
1575,3,3,1,1990,2
1061,4,3,3,1969,2
2874,2,1,2,1997,4
1368,4,3,2,1970,3
2391,5,2,3,1980,4
2597,5,1,1,1995,5
1093,4,2,2,1982,1
2492,5,3,3,1989,4
1983,2,2,1,2018,2
2876,2,2,2,1982,4
2049,3,3,1,2009,3
2458,4,2,2,1972,4
2144,4,3,3,1970,2
1049,3,3,3,1988,1
1882,2,3,3,1980,3
1763,4,2,1,2020,4
1035,3,2,2,1969,1
2433,4,2,2,2014,4
2312,4,1,3,1965,3
2402,3,2,2,1986,5
1099,4,3,3,1973,1
2347,5,3,3,1994,4
1328,3,1,3,1983,3
2671,3,1,1,1957,5
1705,5,1,1,2016,1
1220,4,1,1,2007,1
2814,5,2,2,2000,5
2861,4,2,3,1989,4
1566,2,3,1,1968,4
2962,5,2,1,2012,3
1995,5,1,2,2001,4
2021,5,1,1,1953,3
1148,4,1,1,2020,2
1405,2,2,1,1975,1
2697,2,3,3,2000,5
1698,5,2,3,1961,3
2016,3,1,1,1957,3
2433,4,2,3,1961,2
2152,5,2,2,1985,1
2507,2,3,3,1997,4
1107,2,2,1,1982,2
1388,2,1,3,1957,1
1424,4,2,3,1976,2
1446,3,3,2,1979,2
1917,4,3,2,1961,2
2091,3,3,1,1962,4
2967,2,2,3,1974,5
2089,4,1,2,1993,3
1655,3,1,3,1955,4
2999,2,1,2,1989,5
2588,2,3,3,2008,5
2663,4,3,2,1980,4
2527,3,3,2,1950,4
2527,2,1,3,1963,3
1320,2,3,1,1996,1
1718,2,3,2,2004,3
2855,5,2,1,1965,4
1727,3,3,2,2001,3
1579,3,3,1,2002,1
1446,5,1,1,1997,2
2597,2,1,2,1963,4
1209,5,2,2,1990,1
1848,5,1,3,1998,3
2862,5,1,2,2000,4
1369,3,3,1,1961,2
2964,2,2,3,1958,2
2587,2,3,3,2015,5
2651,3,3,3,1954,5
2481,5,1,1,1951,5
2918,5,2,2,2015,4
1576,4,3,1,1970,1
2665,4,2,1,1977,5
1688,3,1,2,2008,4
1789,5,2,3,1994,1
1991,3,3,1,2001,3
2948,5,3,3,1994,5
1162,5,3,2,1979,1
1976,3,3,3,2017,3
2355,3,1,2,1964,4
1349,2,2,2,1950,2
2771,4,2,2,2006,4
1669,3,1,2,2003,3
2491,4,2,3,1971,3
1425,3,2,1,1980,2
1326,3,1,3,1957,2
2129,3,3,3,2012,3
2841,2,3,3,1964,3
1254,4,1,3,1996,1
1357,3,1,1,2005,1
2990,4,3,1,2013,4
1443,4,1,2,1973,1
2053,2,2,2,1980,4
1523,3,1,1,2013,1
1688,5,3,2,1989,2
1990,4,2,3,1988,5
2873,2,3,1,2005,4
1045,4,2,2,1958,3
2194,5,3,1,1951,5
2153,4,1,1,1996,3
1756,3,2,3,2009,3
2376,4,2,1,1963,3
2226,2,2,1,2013,2
2249,3,1,3,1996,4
2103,3,1,1,1951,5
2333,5,3,3,1998,4
2058,3,3,2,1960,3
1563,2,3,1,1971,2
1160,5,2,3,1958,1
2619,3,3,1,1998,5
1839,5,3,3,1994,2
2458,4,2,3,1991,4
1537,3,3,2,1993,3
1224,2,2,1,2013,2
2469,2,2,1,2011,4
2340,3,3,3,2019,3
2689,4,3,2,1984,4
2437,2,1,1,1954,4
2248,5,1,1,1987,5
2802,5,2,2,1985,5
1948,2,2,1,1957,3
1552,5,3,1,1967,2
1644,3,3,3,1999,2
2420,2,1,2,2015,5
2982,2,2,1,1974,4
2233,3,1,3,2014,3
2497,2,3,2,1999,4
1664,5,1,2,2020,2
1683,2,2,1,2008,3
1909,3,3,2,1991,2
1836,3,1,1,1984,2
1570,4,2,3,2010,1
1695,2,3,1,1965,1
2513,3,3,2,2006,4
1179,4,3,1,2002,3
1833,2,3,3,2006,2
2859,3,1,3,1959,5
2547,3,1,2,1996,3
2482,2,3,3,1954,4
2091,2,3,1,2018,3
2962,4,1,1,1995,3
2352,2,1,3,1955,3
1201,2,3,2,2010,3
2498,5,3,2,1954,4
2541,2,1,3,1951,5
2038,3,1,2,1998,4
2065,4,1,1,1977,2
1542,4,1,2,2010,2
1981,4,3,2,1993,1
2716,3,1,3,1953,4
1773,2,3,3,2006,4
2312,3,1,1,1977,5
2948,5,1,3,2001,5
2556,4,2,3,1971,4
1693,2,2,1,1959,1
2719,4,1,2,2002,5
2267,5,2,2,1985,2
2885,5,2,3,2011,3
2684,2,3,3,1958,3
2791,3,2,2,1971,4
1611,4,2,1,1975,2
2590,3,3,1,2015,5
2721,2,1,3,2005,3
2855,4,2,1,1955,5
2197,5,3,2,1974,3
2557,5,2,1,1997,4
2532,2,3,3,1989,5
1243,5,2,1,1983,3
1103,4,2,1,1951,1
1650,4,1,1,1954,4
2326,4,3,3,1964,1
2694,5,3,2,1958,4
2010,4,1,3,1956,4
2767,2,2,2,1974,4
1076,4,2,3,1986,3
2041,5,2,2,1977,3
2557,5,3,2,1994,5
2207,3,3,3,1950,4
2680,4,1,2,2017,4
2573,5,2,2,1987,5
2304,3,3,3,1995,3
2311,2,3,2,1960,5
1697,5,3,3,1951,4
2497,4,1,3,1983,5
1945,3,1,2,1950,2
1266,4,1,2,1984,3
1780,2,2,1,2017,3
1608,2,2,1,2005,1
1945,4,3,2,1976,3
2380,3,2,1,1951,4
2829,2,2,1,1952,3
2024,4,3,3,2003,2
2050,3,1,1,1959,4
1547,5,3,2,1997,5
1936,4,2,3,1978,3
1398,2,1,1,1954,1
1542,3,2,1,1978,3
1126,5,1,1,1962,1
2797,2,1,3,1972,3
2880,4,2,1,1994,4
2008,2,1,2,2019,4
1947,3,1,1,1950,2
1209,5,1,1,1955,2
1149,2,2,1,1992,1
1611,3,3,3,1981,3
1301,3,1,3,2007,2
1962,2,1,3,1983,3
1864,4,2,2,1985,4
2754,5,1,1,2000,3
1764,3,2,3,2017,2
1682,2,2,3,2000,2
1256,5,2,3,1955,2
1939,3,2,1,1994,5
2080,2,3,1,1988,2
2028,2,3,3,1970,2
1846,3,2,3,2018,4
2137,5,2,2,2004,4
1776,5,1,2,1961,4
1684,5,2,2,2018,2
1731,3,1,3,1961,3
2228,3,2,2,1950,4
1492,5,3,2,1978,2
1969,4,3,3,1998,3
2705,2,2,1,1966,5
2083,3,1,2,1953,4
2109,2,3,2,1970,3
1766,2,1,2,1984,1
2022,3,3,1,2004,3
2700,3,1,1,2002,5
1371,3,1,3,2021,2
1678,5,1,3,1953,3
1595,5,3,1,1998,2
2993,2,3,3,2021,4
2625,5,3,2,1991,4
1436,2,3,3,1985,1
1119,5,2,2,1971,1
2996,4,2,3,2001,4
1398,2,3,1,1972,2
1187,2,3,3,1962,1
2075,3,1,2,1983,4
1651,2,3,3,1987,2
2554,4,3,2,1973,3
2503,5,1,3,2014,3
1586,2,2,1,2018,2
2504,3,3,1,2011,5
2153,3,3,1,1977,5
1270,2,2,2,1962,3
2123,2,1,3,2020,3
2092,2,2,1,1999,2
2934,5,1,1,2010,5
2322,2,3,1,2005,4
1969,2,1,2,1971,4
2552,5,1,3,2002,4
2377,3,2,3,1970,4
2651,4,3,3,1965,4
2175,2,1,3,2007,2
1329,5,1,1,1964,2
1115,2,3,1,2002,1
2565,3,3,2,1969,4
1322,5,3,1,2002,1
1562,5,1,3,1972,4
2595,5,2,1,2006,5
1228,2,1,1,1969,2
2794,3,1,2,1980,4
1359,4,3,3,1997,1
2028,5,3,2,1958,2
2789,4,3,2,1963,5
2387,5,1,2,1988,5
2485,2,3,1,1998,3
2254,4,2,3,1959,1
2418,4,1,1,1981,4
2991,5,1,3,2013,4
1868,2,3,3,2019,3
2735,4,1,1,2009,5
2867,3,1,3,1976,5
2294,3,1,3,1951,3
2327,5,3,2,2000,2
2406,5,1,3,2016,2
2581,5,2,3,2010,2
1027,4,2,3,1957,1
2542,5,1,2,1955,4
1743,5,2,1,2006,1
2222,3,1,2,2005,4
2105,3,2,2,1999,4
2111,4,2,1,1985,4
2413,3,1,2,1986,1
2721,2,1,3,2011,4
2778,3,3,2,1978,4
1579,5,2,1,2014,3
2846,2,2,3,1956,4
1450,4,2,1,1958,3
1432,3,2,2,1960,3
1373,3,1,2,2010,2
1434,5,3,1,1953,2
2210,2,2,2,2011,1
2774,5,3,1,2012,5
2413,3,1,2,1989,5
1217,3,1,1,1970,2
2131,2,1,1,1974,4
2842,3,3,2,1991,3
2573,2,3,2,1998,3
2930,4,2,1,1978,4
1947,3,3,1,2010,4
1348,2,3,1,1959,2
1787,2,2,3,1990,3
2545,5,1,2,1995,4
1025,3,1,2,2008,1
2071,5,3,1,2018,2
1858,2,2,1,2007,1
1369,4,3,2,1953,2
2037,4,3,1,1990,1
2635,3,1,1,1966,4
2210,4,2,3,2003,3
1883,3,3,3,1996,3
1278,2,1,1,2004,2
1340,2,1,1,1990,2
2351,5,3,3,1962,5
2702,2,2,1,1999,3
2657,3,1,3,1989,4
2928,2,3,3,2007,4
1606,5,1,3,1982,3
2048,2,1,3,1981,3
1528,4,3,2,1994,2
1425,3,1,2,1960,2
1955,4,3,3,1988,3
1322,5,1,3,1981,2
2876,4,3,1,2009,5
1583,3,3,1,1975,3
2293,4,1,2,1975,2
1761,4,2,1,1968,3
1294,3,2,1,2009,2
1785,4,1,2,1971,4
1222,3,3,1,1963,1
1074,2,2,1,1984,2
1101,2,2,1,1954,1
2555,2,1,2,1983,3
2652,5,3,3,1990,3
2709,2,1,1,1959,3
1884,2,1,3,2004,2
1172,3,2,2,1996,3
2027,5,1,1,1960,4
2502,4,1,3,2021,4
2683,5,2,2,2001,4
1394,3,2,1,1980,2
2649,5,2,1,1974,4
1832,4,2,2,1983,1
2003,5,3,2,1976,3
2937,4,2,1,2014,4
1299,2,3,2,1987,2
1117,5,1,1,2015,2
1511,5,2,2,2014,2
1611,3,1,2,1951,2
2809,3,1,1,1981,5
2198,4,2,3,1988,3
1158,2,2,2,1982,1
2407,5,1,3,1985,4
2250,2,1,2,1970,4
2958,5,2,1,1954,5
2061,4,3,1,1963,1
1462,2,3,2,2003,2
2454,3,1,2,1961,4
2733,4,3,3,1984,5
2671,2,1,1,2016,4
1103,4,2,3,1969,1
1981,5,1,1,2021,4
2216,2,3,1,2008,2
1249,2,3,3,1966,3
2036,2,3,3,2005,2
1566,3,2,1,1981,2
1596,3,2,2,1992,4
1620,3,3,2,1971,3
1554,4,2,1,2015,4
2411,4,2,1,1960,5
1955,2,1,2,1995,4
2803,4,3,3,1958,3
2594,2,3,2,1988,5
1972,5,3,1,2015,4
1437,2,2,2,1998,3
2067,4,2,1,1991,3
2295,3,2,1,1963,3
2925,4,1,3,2013,4
2037,4,1,3,2014,3
2394,3,1,1,1961,3
2135,5,2,2,2020,3
2402,2,2,2,1994,2
1313,5,3,3,1956,2
2438,3,1,1,1972,3
2763,5,2,3,2010,5
1484,3,1,3,2014,1
1887,5,2,3,1985,3
1802,2,1,2,1992,4
1245,2,1,3,1959,3
1265,3,2,1,1962,1
1848,4,2,2,2012,2
2693,5,3,2,1980,5
2323,3,3,3,1992,3
2974,5,3,2,1972,5
2350,2,2,1,1984,3
1529,2,3,2,2008,3
2618,5,2,1,2004,5
1846,5,1,1,1977,3
2003,4,3,2,1968,2
1341,5,3,1,1965,3
2788,5,3,2,1988,4
2702,3,3,1,2016,3
2577,4,3,3,1954,4
2272,5,1,2,1986,5
1759,3,1,2,1975,3
2973,4,1,1,1977,4
2403,3,1,1,2004,3
1797,5,2,3,1975,3
1531,2,3,3,1983,2
2917,2,3,3,2017,3
1863,2,1,2,1956,3
2404,2,1,1,1983,3
1041,5,1,1,1994,1
2368,2,2,2,1993,5
1598,2,2,2,1954,2
2284,5,1,1,1994,5
1305,4,3,1,1989,2
1808,4,2,2,1974,4
1861,4,1,2,1959,1
2263,3,1,3,1985,4
1678,4,1,3,1993,3
2336,5,3,3,1970,4
1730,4,2,3,1970,2
1440,3,3,2,1988,2
1932,3,2,3,1991,1
1902,2,3,1,1987,4
1132,5,2,3,1953,1
1718,4,3,1,1995,3
1050,4,1,3,1994,3
1617,5,3,1,2003,2
1391,5,1,1,1968,2
1695,5,3,3,1967,3
2736,5,1,1,1987,5
1522,5,1,2,1967,2
2789,5,3,2,2004,3
1507,5,3,2,1996,1
2685,3,3,2,1954,4
1866,4,3,1,1972,1
1972,3,1,1,1954,3
2418,3,1,1,1958,5
1955,4,2,3,2020,3
1095,3,2,2,1950,2
1105,5,2,1,1986,1
2678,3,3,3,1976,5
1677,4,3,3,1987,1
1512,2,3,2,2008,4
2581,4,3,1,1991,3
2265,2,1,2,2021,3
1855,5,1,3,1970,2
2962,3,1,3,1962,4
2511,4,2,1,1983,3
1789,4,2,3,1966,1
1514,2,1,1,1998,2
2677,3,1,1,1973,4
1897,4,1,2,2005,2
2084,4,1,1,1994,4
2439,3,1,3,1985,5
2007,5,2,2,1992,3
2317,2,3,3,1982,5
1736,4,3,2,1984,1
1301,3,1,1,1978,2
2193,5,3,3,2017,4
1645,4,1,1,1962,2
2064,5,1,3,1979,4
1230,4,3,2,2015,1
2432,4,3,3,2002,5
1737,5,3,3,1991,3
2674,2,1,3,1976,4
2645,5,2,2,2016,5
1996,3,1,2,1975,4
1296,4,3,2,2010,1
1454,5,1,2,1992,2
2080,5,2,1,1973,3
1941,4,2,2,1960,3
2658,4,1,2,1979,5
1239,5,1,1,1952,2
2621,2,2,2,1957,4
2199,4,3,1,1978,3
2086,5,3,3,1997,2
1550,3,1,3,1986,4
1137,2,3,1,1975,2
1453,3,3,1,1961,2
2776,4,1,1,1968,4
2472,4,3,1,1976,4
2249,2,2,1,2002,5
1442,4,1,2,1970,2
2229,3,2,1,1977,2
2699,5,3,1,2020,4
1026,5,2,3,2007,1
1456,3,2,2,2012,1
1694,3,2,3,1976,3
1709,4,2,2,2019,2
1848,4,2,1,1998,4
1948,2,1,2,2020,4
1106,5,1,2,1993,1
1443,2,2,3,2007,1
2724,3,2,3,1990,5
1596,2,1,3,2017,1
1154,2,1,2,1991,1
2192,5,3,3,2006,4
1795,3,3,2,1962,2
1271,2,1,3,2014,1
2570,5,3,1,1998,5
2443,4,1,1,2020,4
2207,4,2,2,1977,4
2634,5,1,3,2006,4
2260,2,3,3,1992,4
2532,5,2,2,1973,3
2464,2,2,1,2017,4
1980,4,1,1,2002,2
1121,5,2,3,1963,1
2440,4,2,2,1959,4
2558,5,1,3,1969,3
2398,3,2,2,1991,4
2598,2,1,2,2015,5
2349,4,2,3,1985,3
2503,2,3,2,1980,3
1706,4,3,2,1993,2
1994,2,3,1,1983,4
2513,5,2,3,1991,5
2850,3,1,3,1971,5
1152,4,1,3,2020,1
2040,2,3,2,2018,4
1550,4,3,1,2007,2
1844,5,2,2,1990,3
2371,2,1,2,2008,2
2225,4,2,1,2002,4
2446,3,1,2,1951,5
1279,5,3,2,1975,1
1421,5,3,1,2016,2
2623,4,1,2,1997,4
1992,4,3,2,1952,2
2488,3,1,2,2006,4
1803,2,2,3,1993,3
1354,2,1,1,2005,2
2605,3,3,2,1997,4
1377,3,2,1,1966,1
2147,4,3,2,2019,4
1079,5,1,3,2003,2
2580,5,3,2,1964,5
1987,5,1,2,1997,2
1232,3,3,3,2018,2
2503,4,1,1,1983,3
1153,4,2,3,1992,3
1906,4,2,1,1998,2
2715,3,3,1,2019,4
2432,3,3,2,2013,5
2054,4,2,3,1971,4
2620,3,2,1,2010,3
2580,2,1,3,1991,4
1370,5,1,3,2002,2
1322,5,2,3,1998,2
1242,4,1,2,1971,1
2575,5,1,2,1984,4
1429,3,3,1,2019,3
2205,2,1,3,1998,3
1808,4,2,2,1997,3
2496,2,2,2,1960,5
1375,5,2,2,1986,3
1080,4,1,1,1998,1
2573,5,3,3,1965,4
2891,4,1,3,2018,5
1419,5,3,2,1968,3
1466,4,3,3,1979,3
2451,2,2,1,1980,3
2080,4,2,2,1968,3
2345,4,2,3,2020,5
2565,2,1,1,1955,5
2518,4,2,2,1994,3
2289,2,2,3,2011,5
2250,5,1,1,1968,1
1828,5,1,3,1978,3
2982,5,3,1,1997,4
1803,4,3,2,1991,2
2077,3,1,2,2020,4
2632,3,1,3,2015,5
2984,5,3,2,1999,5
1977,2,2,1,2012,5
1003,4,3,1,2011,1
2462,2,2,2,1985,4
2333,4,3,2,1959,3
1602,5,3,1,1992,2
2112,3,2,1,1965,2
1319,2,3,3,1998,2
2627,3,3,3,1964,3
1500,3,1,1,1954,1
2685,3,3,2,2018,5
2257,2,1,1,2017,2
2360,3,3,3,1957,4
1570,2,1,2,2007,2
1184,5,1,1,2003,1
2461,4,1,3,1954,3
1555,3,2,1,1993,1
2203,4,3,2,1956,4
2099,3,2,2,1955,4
2636,3,2,1,1968,4
1892,5,2,1,1987,3
2295,3,1,2,2011,3
2724,3,2,2,1996,3
1862,2,2,1,1959,2
2870,4,1,1,2000,5
1076,5,1,2,1956,1
1295,3,2,2,1965,2
2300,3,1,1,2011,3
2601,4,1,2,1986,5
2671,3,3,3,1963,5
1745,2,3,1,1997,2
2734,3,3,1,1966,4
2289,3,3,2,1957,3
1899,5,1,1,1978,3
1042,3,2,1,2016,3
2384,3,3,3,2021,3
2251,2,3,3,1954,3
1226,3,2,2,2011,1
2086,4,2,1,1985,3
1170,5,1,3,1984,1
1962,4,3,2,1999,3
1761,3,3,2,1954,3
1849,2,2,2,1962,1
1306,3,2,2,1974,2
2773,5,2,1,1958,3
1567,3,2,2,1973,2
2706,5,3,2,1977,5
2943,2,1,1,2003,4
1991,5,2,1,2019,1
1033,3,2,3,1967,1
1826,2,1,2,2002,3
2665,5,3,1,2009,4
1129,5,2,2,2018,3
2417,4,2,2,1982,4
2174,5,3,3,1958,2
1654,3,3,3,2000,1
1629,2,3,2,1996,2
2407,5,3,2,2018,3
2770,3,2,2,1999,2
2040,4,3,1,2010,3
1593,3,2,2,1955,2
2037,2,3,1,1990,3
1080,2,2,1,2011,4
2230,5,1,1,1978,3
1203,2,3,1,2002,1
2402,3,3,3,1983,3
2567,3,2,1,1987,4
1022,4,1,2,1952,1
1613,3,1,1,2002,1
2185,2,2,3,1997,3
2633,2,3,2,1975,4
1143,4,3,3,1975,2
2953,5,3,2,2018,3
1103,2,1,3,1977,2
2405,2,2,2,1969,5
2478,2,3,2,2001,3
2440,4,2,1,1986,3
1323,4,1,3,1990,3
2194,2,3,1,2006,2
1575,5,1,2,1959,3
2606,3,3,1,2009,4
1273,3,3,3,2004,2
1451,5,3,1,1952,2
1880,2,3,3,2013,2
1124,5,1,1,2019,2
2406,3,1,2,1975,4
1316,2,2,1,1966,1
2866,2,3,1,1974,5
1106,3,2,2,2012,1
2683,5,1,1,1976,3
1906,5,2,1,1962,3
2486,4,1,2,1963,4
1429,4,3,1,1969,2
1703,4,2,1,1998,2
2360,5,3,2,1992,5
2761,2,1,2,2002,5
2777,2,2,2,1956,3
2519,4,2,2,1972,3
1971,5,3,2,2012,5
1361,4,3,1,1974,1
1795,5,3,3,1951,2
1431,5,2,2,2010,2
1674,4,1,1,1972,4
2543,2,3,2,1980,5
1858,2,3,3,1962,1
2429,5,1,2,2003,2
2013,3,2,2,1988,2
2400,3,2,3,1960,4
2175,3,1,1,2015,5
2345,4,3,1,1979,3
2630,2,2,1,2014,5
2237,3,3,2,1960,4
1575,3,3,1,2001,3
2088,3,1,2,2007,4
1892,3,2,2,1963,4
1269,4,1,3,2013,3
2560,2,2,3,1958,4
2123,2,3,2,1997,2
2128,2,3,2,1950,4
2154,3,2,2,1989,2
2412,5,2,3,2007,4
2344,4,3,2,2011,4
1437,4,3,1,2019,2
2042,4,1,1,2007,4
1224,2,3,1,1986,1
1989,3,1,1,1968,3
1459,5,1,3,2014,2
1393,2,2,1,2008,1
2249,2,2,3,1951,3
1911,3,1,2,1968,3
2383,3,2,1,1996,2
2453,2,2,2,1976,5
1014,3,2,2,2017,1
1559,3,2,2,1986,2
2003,5,1,2,2018,2
2569,5,2,3,2003,2
2955,3,3,1,1963,5
1413,3,3,2,1993,3
2378,5,2,2,1977,3
2480,5,2,1,1955,4
2745,4,3,3,1964,3
2554,2,1,1,1990,2
1998,5,3,1,2017,4
1114,5,2,3,2014,2
2440,4,1,2,1954,3
2375,5,2,2,1979,5
1975,2,2,3,2014,3
2098,2,3,1,1968,2
2685,2,1,3,1977,3
1241,4,1,2,2021,1
2686,5,2,2,1960,5
1062,2,1,1,1959,2
1665,4,1,3,2002,2
1508,3,2,2,1955,2
1187,2,1,2,2013,2
1734,5,2,1,1964,3
1092,5,2,3,1975,1
2461,3,3,3,2009,2
2189,4,1,3,1980,2
2469,5,2,1,1960,4
1024,5,2,3,1958,1
1507,5,2,2,1956,4
1097,2,1,1,1986,2
2291,2,3,2,1976,4
1661,3,3,1,1953,3
2416,4,2,2,2000,2
2787,4,2,2,2000,3
2308,5,2,1,1956,3
1683,2,2,3,1956,4
2756,2,2,3,1997,3
2132,2,2,1,1956,4
1026,2,3,1,1953,1
2156,4,1,2,1968,4
2075,2,3,3,1961,1
2516,3,2,1,2010,4
2788,2,1,3,1953,4
1780,5,2,3,1997,4
1297,5,2,1,2011,1
2422,5,1,3,1981,3
2614,2,2,2,1993,4
2041,4,2,1,1991,2
1817,5,1,1,1993,2
2793,4,3,2,2014,4
1854,5,2,1,1996,2
2642,5,3,1,1956,5
2932,4,2,2,2012,4
2987,3,2,3,1983,5
1558,5,2,3,1996,3
2269,4,1,2,1974,3
1502,5,3,2,2017,3
2112,2,2,3,1989,3
1202,4,3,2,1959,1
1945,5,2,1,1955,4
1239,3,1,3,1981,1
1489,2,3,2,1980,2
2036,2,3,2,1992,3
1648,3,3,2,1974,3
2338,4,3,3,2020,3
1684,5,2,2,2016,3
2765,4,1,1,1954,4
2221,5,2,2,1993,4
1506,4,1,1,2014,2
2066,4,3,3,2011,4
2353,5,1,3,1993,4
2814,3,2,3,2021,5
2614,3,2,2,1998,4
2452,5,3,2,1967,4
2814,4,2,2,1979,4
2767,3,2,1,1960,3
1612,5,2,3,1964,4
1161,2,2,1,1998,1
1655,5,2,2,1982,4
1958,4,2,1,1999,2
1620,5,1,3,1963,1
2458,2,2,1,1978,3
2951,2,1,2,1967,5
1933,5,2,2,2012,3
2255,4,1,3,1974,1
2975,4,1,3,1963,4
1749,4,3,2,2011,2
1708,3,3,2,1986,2
1272,5,1,1,1981,2
2621,4,2,1,2009,3
1806,5,3,2,2004,2
1559,4,2,3,2008,2
1465,3,1,2,1957,2
2947,4,1,1,1975,5
2100,3,2,3,1953,4
2713,2,3,2,2009,4
1489,5,3,2,1962,1
2792,2,3,2,1974,5
1116,2,3,1,2010,1
2042,2,3,2,2000,3
1993,2,3,2,1965,3
2594,5,1,1,1958,3
1195,3,3,1,1993,2
1618,2,1,1,1980,3
2474,4,3,2,1972,3
1424,3,1,1,1986,2
2307,4,3,2,1952,4
1033,4,1,2,1972,1
1294,4,3,3,1992,2
2006,4,2,2,2020,2
2274,4,2,2,2015,3
2661,2,2,2,2008,5
1338,3,2,1,2013,3
1617,4,3,1,1965,2
2463,4,2,3,1968,5
1179,5,3,2,1987,3
1621,3,2,1,1951,3
2251,3,3,3,1972,2
2656,2,2,3,2002,4
1618,3,2,2,1951,2
1642,4,1,2,2006,1
1022,5,2,1,1982,1
2680,3,3,2,1995,4
2350,5,1,1,1999,4
2177,4,2,2,2011,3
1618,5,2,1,1972,1
2169,3,1,3,1981,3
1251,3,3,3,1995,1
1301,2,1,3,1972,2
2093,4,1,3,1962,4
2566,2,2,2,1961,4
2116,2,3,3,1968,4
2672,4,3,3,1952,5
1162,5,1,1,1953,2
2104,2,2,2,1964,2
2851,3,2,2,1965,5
2611,3,1,1,1976,5
2086,2,1,1,1971,2
1611,2,3,2,2010,2
2071,3,2,3,2010,4
1444,4,1,2,2004,3
2943,4,3,1,1997,5
1825,5,3,1,2014,3
2727,3,3,2,1953,3
1541,5,3,3,2007,2
1156,2,2,3,1998,2
2289,4,2,3,1965,1
1255,4,2,3,1994,3
2062,5,3,1,1996,2
2078,2,3,3,2011,1
2051,5,2,1,1970,2
2937,2,2,1,1972,5
1936,4,3,3,1969,3
1117,3,2,2,2018,1
1369,4,1,2,1981,2
1208,5,1,1,1968,1
1586,3,2,1,1973,2
2600,2,2,1,1960,4
1848,4,2,2,1966,4
2891,2,1,3,1979,5
2635,4,2,1,1995,4
2581,2,3,3,1984,5
1315,4,1,2,1964,3
2416,4,2,3,2020,4
1443,4,1,1,1952,4
2691,4,1,1,1998,4
2775,4,3,1,2000,5
2282,4,3,1,2020,4
2970,2,1,2,1999,5
2671,2,2,2,1950,5
2221,4,2,1,1978,3
2722,5,2,3,1954,5
1627,5,3,1,2016,3
1444,4,2,2,2009,2
1581,4,3,2,2014,2
1604,5,2,3,1966,1
1740,3,3,2,1988,2
1907,5,1,2,2004,3
1648,2,2,1,1953,1
2640,4,3,2,1989,5
1338,5,1,3,2015,3
2135,4,2,3,1961,3
2951,5,2,3,2010,4
1418,4,3,3,1990,4
2997,3,1,3,2010,5
2461,2,3,1,1993,3
2679,4,3,3,1982,5
2547,5,2,1,1979,2
1251,3,1,3,1959,2
2751,4,3,2,1957,4
1125,4,3,2,1972,1
1609,4,1,1,1953,2
2927,5,2,2,2002,5
2428,3,2,2,1982,4
1303,4,2,3,2017,2
2927,4,2,3,1964,4
2051,5,1,3,1961,4
1847,2,3,3,1969,2
2289,5,2,3,2011,4
2075,4,1,3,1984,5
1654,3,1,2,1980,4
1643,3,3,3,2005,1
1857,4,1,2,2020,2
1510,2,3,3,1992,3
1206,5,2,1,2013,3
1573,4,3,2,1981,1
1874,4,2,3,1976,4
1510,4,2,2,1972,3
2667,5,2,2,1993,4
2576,3,1,3,1984,4
1200,5,1,3,1987,2
2634,4,1,2,1998,3
1822,3,2,3,1999,3
2307,2,1,1,1953,3
2380,4,2,2,1961,3
2070,3,1,1,2000,4
2019,3,2,2,1961,2
1136,3,2,1,2012,1
1129,4,3,2,1980,3
2218,2,2,2,1994,3
2017,3,3,3,2020,5
2652,4,3,2,1972,5
2387,3,2,1,1990,3
1431,5,1,2,1982,3
2092,3,1,2,1988,4
1539,3,2,3,2013,3
1334,3,2,1,1993,2
1525,5,2,1,2005,2
1557,5,3,3,1985,2
1908,4,2,1,1966,5
2039,2,1,2,2010,2
2479,2,3,1,1997,3
1509,2,3,1,1957,3
1208,4,1,1,2005,1
2181,4,1,1,1994,3
2360,5,3,3,1968,4
2264,5,1,1,1994,4
1057,4,2,2,1952,1
1815,2,2,3,1965,2
2328,3,3,1,1990,4
2368,3,3,3,1951,3
2665,3,2,3,1987,4
2752,5,3,1,2013,3
2037,2,2,3,1967,3
2382,3,2,3,1952,4
1376,2,3,3,1963,1
1242,4,2,2,1970,1
1992,3,3,3,1993,3
2168,3,1,1,2013,3
1890,3,1,3,1997,4
1414,4,2,2,2017,2
1393,2,2,3,2011,1
2861,3,1,2,1998,5
2638,3,1,1,1983,3
1728,2,2,2,2020,2
1357,5,1,1,2005,2
2599,3,1,3,2018,5
2181,3,1,1,2005,3
1673,5,2,2,1989,2
1017,5,2,3,1953,2
1727,3,2,3,2011,2
2854,2,2,2,1972,4
1560,5,3,3,2017,2
2370,4,2,1,2017,4
2081,2,3,1,1990,4
1154,3,1,3,2020,1
2590,4,2,1,2003,3
2510,5,3,2,1995,5
2876,4,2,1,1998,4
2554,4,1,3,1950,3
1486,4,1,2,1953,2
1150,5,2,3,2013,2
2382,4,3,2,1982,5
1367,5,2,1,1981,3
2643,3,2,1,2002,5
2070,4,1,2,1971,4
2898,3,3,1,1963,4
1449,5,2,3,1974,2
2506,3,2,1,1954,5
2970,4,1,3,2007,3
2875,5,1,1,2018,3
1923,4,1,2,1953,1
2663,3,1,3,1991,4
1696,2,3,1,1961,3
1569,3,1,1,1987,1
1142,3,2,3,1981,1
2423,4,1,2,1986,4
2120,2,3,2,2019,3
2070,4,3,1,1987,2
1190,4,1,2,1971,2
1139,4,1,1,1970,2
1614,5,1,2,2019,1
2254,4,1,3,1994,3
2962,2,2,1,2019,4
1924,4,3,1,2010,3
2514,2,1,2,1972,3
2072,3,1,3,1997,3
2922,4,2,3,2003,4
1623,3,1,3,1961,2
2476,4,2,1,1960,4
2339,4,3,1,1952,5
2345,5,3,3,1950,2
1086,2,1,3,2016,1
2917,2,1,1,1973,5
2497,3,1,3,1987,3
1281,5,2,1,1983,3
2862,4,2,3,1960,4
1763,5,3,2,1957,3
2097,2,2,1,1951,2
1452,4,1,3,1999,1
1046,4,3,1,1958,3
2611,3,1,3,1972,4
2119,5,2,1,2011,4
1937,4,2,3,1961,2
1030,2,1,1,1994,1
1533,3,1,3,2009,3
2235,3,2,1,1998,3
2683,5,2,3,1989,5
1391,5,3,3,1989,1
2006,5,2,2,1990,4
1353,4,3,2,1992,2
1304,5,2,2,1995,2
2622,3,2,2,1984,4
2573,3,3,1,2006,3
2563,3,3,1,1975,3
2612,5,2,2,1999,4
1508,2,2,2,1984,1
1711,2,1,1,1989,2
2418,4,3,3,1979,5
2454,5,2,2,1957,4
1684,3,2,2,2018,2
1785,4,2,2,2015,1
2585,4,3,3,1959,4
1856,5,3,1,2006,3
1176,4,1,1,1998,1
2429,2,3,2,1989,4
1300,4,1,1,1950,1
1444,3,1,1,2021,3
2762,2,1,2,2016,5
2150,2,1,2,1996,3
2372,2,3,1,2018,5
1020,3,1,1,2019,1
2015,5,3,3,2007,3
1710,4,3,2,1974,1
1700,4,3,3,1996,2
2867,2,3,1,1991,5
2443,2,3,3,1992,4
1151,4,2,2,1988,1
2183,3,3,3,1973,2
1858,2,3,1,2014,4
2503,2,1,2,2006,5
2466,3,1,1,1984,5
2375,2,1,3,1989,4
2098,5,1,2,1988,3
1877,3,1,1,1956,2
2617,4,3,2,1965,4
1639,4,3,3,1995,1
2382,5,1,3,2000,3
2156,2,2,2,1960,4
1399,4,2,1,1985,3
2162,3,3,3,1979,3
1245,2,3,3,1975,3
2314,5,2,3,1983,2
1111,5,2,2,1981,2
2738,5,1,2,1956,4
2193,5,2,3,2021,3
2622,3,1,1,2003,2
2654,4,3,2,1986,4
2633,5,3,1,1957,4
2263,4,1,2,2003,2
2360,4,3,2,1959,4
2161,5,3,2,1986,4
2617,2,1,1,1961,4
2259,5,2,1,1953,3
2671,3,3,3,1998,4
1793,2,2,2,1994,3
2026,5,2,2,1983,4
2594,4,3,2,1964,5
1115,4,2,2,1963,2
2495,2,3,2,1984,4
2154,3,3,1,1965,5
1933,4,1,3,1964,3
2921,3,3,1,2016,5
2506,4,1,1,2018,2
2424,2,1,1,1992,2
2224,5,1,2,2019,2
1291,4,1,2,1993,2
1341,2,1,1,1975,1
2014,2,2,3,1989,2
2633,5,1,1,2021,4
2239,5,1,1,1996,3
2659,2,2,1,1980,4
1584,4,1,1,1952,1
2389,3,2,1,1984,4
2913,3,2,1,1999,5
2665,5,1,1,1973,4
2492,4,3,2,1971,3
2441,2,3,1,1985,4
1026,3,1,3,1983,2
2700,3,3,2,1986,2
1454,4,1,2,1984,2
1917,2,1,2,1950,2
1579,5,2,3,2002,2
1013,3,1,3,1953,1
1489,2,2,1,2013,2
1984,4,3,1,1982,3
1960,5,1,1,1976,4
2782,3,2,2,1991,5
1623,5,3,3,2019,3
1206,4,2,3,2007,2
2887,3,1,3,2019,5
2869,2,3,3,1957,4
2256,5,1,2,1991,4
2596,2,2,1,1968,4
1596,2,3,1,1969,1
1694,4,1,1,2015,3
2262,4,2,2,2009,3
1249,4,1,2,1988,3
2606,3,1,2,2007,3
1739,3,3,2,1998,4
2620,4,1,2,2000,3
2931,5,2,1,1956,5
2486,2,2,2,2001,5
2806,4,2,3,2016,5
2936,2,1,3,1979,5
2825,2,2,3,1975,4
2259,2,3,3,1952,3
2314,5,1,3,1992,4
2062,5,3,2,1985,3
1997,3,2,3,1977,4
1717,2,3,3,1990,3
2722,2,1,3,1994,3
1644,4,3,1,1951,4
2411,2,2,1,2006,2
1766,5,1,2,2001,3
2166,4,3,2,1954,4
1614,3,3,3,2001,3
2442,4,3,2,2015,2
2004,5,2,2,1981,3
1073,5,3,2,2012,1
2078,2,3,1,1951,4
1961,5,3,3,2006,3
2771,5,1,1,2006,3
2595,2,2,3,1960,5
1023,5,2,3,2018,1
2045,5,2,2,1999,4
1427,3,2,2,1975,1
2055,2,3,1,1983,2
1862,2,2,2,2007,2
1338,3,2,1,1951,1
2538,3,3,1,1964,1
1511,3,3,1,1965,2
2093,2,3,1,2019,3
1671,3,1,1,2018,3
2111,5,3,3,1950,3
1876,2,2,2,1995,3
1570,3,1,2,2015,2
1763,5,3,1,1951,2
2242,2,1,1,1962,2
1712,3,2,2,1964,3
1588,3,1,3,2021,3
1766,5,2,1,2014,2
2782,4,2,1,1995,3
2293,2,2,1,2000,4
1818,5,2,3,1982,2
2674,3,2,2,1986,3
1077,4,3,3,2021,1
1009,5,1,1,1983,2
2491,5,1,2,2004,5
2359,5,3,1,1978,5
1635,2,2,1,2008,2
2209,4,2,1,1952,4
2569,2,3,2,1993,3
2144,4,2,2,1994,3
1591,2,1,2,2007,3
1717,5,2,2,1989,2
1564,3,2,1,1958,1
2691,5,1,2,2021,5
2297,2,1,1,1992,3
1409,5,3,3,2020,2
1357,4,2,1,1962,2
2670,2,1,3,1981,2
2006,3,1,3,1965,3
1240,3,1,3,1997,1
1556,5,1,1,1997,1
1710,4,3,3,2006,3
2826,4,2,3,2018,3
2971,4,2,1,1972,5
2137,5,2,1,2004,3
2510,3,2,3,1973,2
2812,5,2,2,2019,5
2264,3,2,1,1953,4
1351,3,3,2,1961,1
1043,5,1,1,1991,1
1591,5,1,2,1979,4
2335,5,1,2,1950,2
1137,3,3,2,1968,3
2686,4,1,3,1986,4
1435,5,3,3,1951,2
1753,3,3,3,2015,2
2023,3,1,3,1956,4
2846,2,2,2,1967,3
2322,2,1,2,1950,3
2585,5,3,2,2014,5
1261,3,3,3,1987,3
1511,3,3,1,2016,2
1672,5,1,1,1967,4
1061,2,2,1,1971,1
2590,4,1,2,1957,4
2446,4,3,2,1987,5
2419,2,2,2,1952,3
2907,5,3,3,1966,3
1030,5,2,3,1956,2
2353,4,2,3,1960,5
1948,4,3,1,1997,4
1801,2,1,1,1968,2
2192,2,1,1,1978,2
1265,3,2,3,1977,2
1307,2,3,1,1977,2
1458,2,3,1,2010,3
2208,4,3,1,1985,4
1514,3,2,1,2004,1
1440,4,3,3,1980,4
1672,4,1,1,1957,2
1390,4,1,1,1997,1
2795,2,1,3,1967,3
1934,4,3,2,1989,3
1559,5,2,1,1961,2
1253,2,3,2,2001,1
2609,4,1,3,2000,4
2358,2,1,1,2007,4
2423,4,2,2,1957,4
2189,3,1,2,1968,2
2283,3,1,3,1973,4
2027,3,1,3,1979,3
2911,4,2,2,1981,5
1118,3,1,1,1960,2
1995,2,3,1,1951,3
1469,3,1,1,1977,3
2493,3,1,3,1960,4
1784,3,1,3,1976,3
2516,2,3,3,2021,4
2761,5,3,1,1992,4
2887,3,3,3,1956,4
2523,4,3,2,1974,4
2093,5,3,3,1966,2
1864,5,3,1,1996,2
1775,4,2,2,1969,2
2393,4,3,3,2015,5
2028,3,1,3,1977,3
2220,4,3,1,1963,4
1046,2,2,1,1964,1
2575,2,3,1,2017,4
1633,3,2,2,1968,2
2670,2,1,2,1996,4
2163,2,2,1,1984,2
2885,5,3,1,1955,4
2688,3,1,3,2021,3
2563,5,1,3,1992,4
2450,4,1,2,1973,4
1588,5,3,3,1979,2
2710,5,1,1,1992,5
2584,4,2,2,1965,5
2877,2,3,3,1970,5
1309,5,1,1,2020,2
1273,4,3,1,1960,1
2562,3,3,3,1983,3
1839,2,1,2,1980,3
2413,4,1,1,1976,3
1458,2,1,2,2020,1
1732,4,2,2,1994,3
2657,5,1,3,1961,4
1360,2,2,1,1986,1
2017,5,1,3,2016,2
2092,4,3,2,1994,3
1661,5,1,1,1999,1
1698,4,1,1,1999,3
2454,5,1,2,1982,4
1757,5,3,2,1977,1
2731,3,3,2,1968,4
2055,3,1,1,2017,2
1620,3,1,2,1988,2
2888,2,3,3,1959,5
1181,5,1,2,2003,1
1685,5,1,3,1993,1
1247,2,3,2,1968,1
2905,5,2,1,1955,4
2320,4,2,2,2010,2
2799,4,3,1,1953,3
2951,2,2,3,2003,5
1029,3,3,3,1988,1
2325,2,2,3,1961,3
2499,2,1,2,1992,4
1872,3,3,2,2000,2
1947,3,3,1,2014,3
2375,2,2,2,1958,3
1984,5,1,2,1987,4
2505,4,2,1,2019,4
1316,5,2,3,1987,3
1736,4,2,3,1992,2
2420,5,1,1,2002,3
2112,3,1,1,2003,2
2257,5,2,1,1999,4
1167,2,3,1,1979,1
1742,4,3,2,1984,3
1125,4,3,1,1976,3
1119,3,2,3,1954,2
2451,2,2,3,2019,4
2008,3,1,3,1982,4
2213,2,3,2,2019,2
2656,2,2,2,1979,4
2451,2,3,1,2002,4
1559,5,3,3,1950,2
2225,2,2,2,1970,4
2082,2,2,3,1967,4
1696,2,2,3,1965,3
2515,4,1,3,1958,3
2034,5,3,2,1965,2
1792,5,2,3,1982,3
2535,4,1,1,1955,3
1813,2,2,1,2002,2
1309,4,2,3,2011,3
2011,5,3,1,2012,4
1748,5,2,3,1953,3
2057,2,1,2,2009,5
2018,3,2,3,1951,3
2363,3,3,1,1963,3
2670,4,2,2,1975,3
1573,4,2,2,1985,4
1824,2,2,3,2001,1
2762,4,3,1,1957,4
2116,5,1,2,1999,2
2156,3,3,1,1962,3
1843,4,2,2,2011,2
1988,5,1,3,2017,3
1418,4,3,2,1960,1
2491,5,3,1,1961,3
2467,5,3,1,2013,4
2728,3,1,2,1997,3
2935,5,1,1,1958,5
1029,4,1,1,1986,2
2992,2,1,1,1975,4
1297,3,3,3,1950,3
2084,2,1,2,2017,4
1457,3,1,1,1963,1
2996,3,2,2,1995,3
1303,2,2,3,1981,2
1957,2,1,2,1988,4
1339,5,2,2,1952,1
2884,5,2,3,1986,4
1447,3,2,2,1973,2
2325,3,2,3,2015,3
1880,5,3,3,1980,4
1539,2,3,2,1953,2
1484,4,2,3,1956,3
2656,4,3,1,1977,5
2572,4,3,1,1956,5
1943,4,2,3,2014,3
1658,5,2,1,2008,2
1091,3,3,3,2008,1
2808,5,1,2,2016,3
1465,2,1,2,1990,2
1465,2,2,1,1985,3
2912,4,1,1,1965,4
2063,3,3,1,2011,5
1689,4,2,3,1996,4
2352,2,3,2,1981,4
2308,4,1,1,1974,5
1946,5,3,3,2006,5
1553,5,3,1,1972,1
2820,4,1,1,2019,5
2089,3,2,2,1965,3
2659,4,2,3,1980,5
2680,5,2,2,1994,4
2655,2,2,3,1991,5
1108,2,3,2,1981,3
2438,2,3,1,1986,3
1091,5,1,3,1995,1
2002,5,1,2,1992,4
1367,2,3,3,2018,2
1819,3,1,3,1978,2
1422,3,2,3,2006,3
1571,2,3,3,1976,3
1861,2,1,3,1968,3
2263,4,2,2,1967,4
1434,5,3,2,1992,2
1211,4,1,3,2016,1
2423,4,1,2,1979,2
2633,4,1,1,2005,3
1525,4,2,1,2020,3
2753,2,1,3,1951,5
1467,4,3,2,1972,3
2193,4,2,1,1983,4
2842,4,3,3,1982,4
1791,5,2,2,2004,1
1874,5,1,2,2004,3
1209,5,3,2,1993,2
2706,5,3,2,1968,5
1072,3,1,1,1952,2
1146,5,1,3,1967,2
2363,3,3,2,2018,4
1316,5,2,1,1998,1
1605,5,2,2,1969,4
1574,3,3,3,1963,2
2177,4,3,2,1988,2
2278,5,3,2,1979,5
2374,4,2,3,2013,5
1546,4,1,1,2011,1
1834,5,2,2,1972,1
1311,5,1,2,1965,1
1807,2,1,2,2010,2
1764,3,3,2,2014,3
2692,5,3,1,1980,5
1133,3,1,1,2018,2
1947,5,2,3,1998,3
2152,4,3,1,1992,3
1435,4,1,2,2009,2
2303,5,3,1,1995,4
1357,3,2,3,1964,2
1929,3,3,2,1998,4
1882,4,1,1,2002,4
1134,3,3,1,1956,2
2866,2,2,2,1970,5
1522,4,2,3,1993,1
1803,3,1,1,2014,2
1659,2,3,2,2011,2
1318,5,1,3,1996,3
1079,2,2,2,1978,1
2214,2,3,2,2012,5
2476,2,2,2,1973,5
2367,2,1,2,1997,4
2053,2,3,3,1954,3
1413,2,2,2,1971,1
1367,5,3,2,1977,2
2006,4,2,1,2019,2
2764,4,1,1,1950,4
1992,5,2,1,1986,3
1595,5,2,2,1987,2
2525,4,3,2,1958,3
2685,2,3,1,1983,3
2896,3,2,2,1992,5
2017,2,2,1,2009,2
1700,5,1,2,2002,2
2044,4,3,2,1997,2
1548,4,2,3,1982,2
1245,2,1,1,1994,1
1282,4,3,3,1975,1
1613,5,1,2,1958,3
1930,5,2,3,2009,2
1805,3,3,3,1955,3
1231,5,1,2,1988,3
1315,3,2,3,1968,3
2823,2,1,1,1977,4
2359,4,2,2,1952,3
2999,5,3,2,1963,5
1244,3,3,3,1976,3
1386,5,1,1,1979,1
1688,4,1,3,1958,3
2748,5,2,2,2020,5
2021,5,1,2,2009,2
1613,3,3,3,2011,2
1797,5,2,2,2014,5
2310,4,1,3,1950,3
1275,2,1,1,2017,2
1658,3,2,1,1979,2
1897,2,2,1,1991,4
1551,4,2,3,1959,4
1678,2,1,3,1984,5
1602,2,3,3,1971,4
2095,5,1,1,1968,2
1364,4,1,3,1980,3
2973,5,1,2,1951,4
1794,4,2,1,2010,3
2358,4,1,2,1986,4
1651,4,3,3,2002,3
2774,4,2,3,1982,5
1589,4,1,3,1974,4
1016,2,1,3,1975,1
1740,2,2,3,1970,2
2875,3,2,3,1963,4
1649,4,2,1,1990,2
2233,4,2,3,1999,4
1669,5,1,2,1987,3
2437,3,2,2,1979,3
1664,4,1,3,2005,2
1855,2,3,1,1957,3
1329,3,3,3,1959,2
1894,5,1,1,1975,2
2985,4,1,1,1995,5
2893,3,2,1,1953,5
2375,4,2,2,1953,4
2186,3,3,1,2011,2
2842,2,3,2,1996,5
1100,4,1,3,1969,1
1326,4,3,3,1994,2
2178,2,1,2,2012,4
1352,2,1,2,2006,2
1182,5,1,1,1966,2
2669,3,2,1,1973,4
1005,4,3,2,1953,2
2356,3,3,1,2008,2
2356,3,3,1,1976,3
2281,4,3,3,1958,3
1050,3,2,3,1959,1
2468,5,2,1,1964,4
2682,4,2,3,2006,4
2009,5,2,1,1952,5
1376,4,1,3,1989,1
1639,5,3,3,2020,4
2509,3,2,3,1984,5
1769,2,2,3,1991,2
2074,2,3,2,2021,2
1153,5,1,1,1985,3
1581,4,3,2,1987,2
1787,3,2,3,1979,3
1790,4,1,2,2013,2
2333,2,1,1,1976,3
2422,2,1,1,1955,4
1133,3,3,3,1972,2
1219,5,3,3,1976,2
1162,3,3,3,1974,3
1970,2,2,1,1971,4
1647,3,1,3,1971,2
1568,2,2,2,1995,2
1945,2,1,1,1998,3
1688,2,1,1,2008,2
1114,3,1,2,2000,3
2522,3,1,1,1976,5
2495,3,1,3,1961,3
2172,4,1,3,2019,3
2264,3,3,1,1998,4
1122,4,3,3,2010,2
1803,5,2,1,1996,2
1838,3,1,3,1955,3
2092,3,2,2,1983,3
1825,5,3,2,1966,3
1732,5,2,1,1990,1
2039,2,1,3,1950,3
2413,2,2,1,1974,2
1589,2,2,3,1996,2
2657,5,2,2,2001,5
1947,4,3,2,1964,4
2281,3,1,2,1984,2
1216,2,1,3,1971,1
1478,5,1,3,1997,2
2137,3,1,1,2013,3
2905,2,3,3,1994,4
2996,5,1,2,2015,4
2403,3,2,3,2000,4
2681,2,3,3,1997,3
1976,2,2,1,1994,4
1236,2,3,2,2012,3
2995,2,1,2,1984,5
2954,5,3,2,1950,4
1597,3,1,3,1966,1
2702,2,3,2,1971,5
1128,3,1,2,1951,2
1509,2,3,3,2004,3
1164,5,1,2,2014,1
1276,5,1,2,1978,1
1256,3,3,2,1996,2
2155,2,2,3,2006,4
1991,5,1,1,2000,3
1569,2,3,3,1983,1
2280,2,1,2,1993,3
1140,4,1,3,2020,2
1685,5,2,1,1967,2
1686,3,3,1,1972,2
2232,3,2,3,1993,3
1715,2,1,2,1967,1
2022,2,3,1,1951,2
2542,2,2,3,1994,4
2074,4,3,2,1951,5
2526,2,1,2,2017,3
2282,2,1,3,1971,1
1177,3,2,2,2012,1
1921,4,1,3,1952,4
1542,3,3,1,1953,1
2379,4,1,2,1984,4
2689,5,1,2,1959,5
1962,5,2,1,2009,3
2078,3,2,3,1985,1
2179,5,2,1,1967,4
2067,5,3,2,1967,3
1592,3,2,1,1977,2
2701,4,3,2,1958,4
1321,2,3,2,1999,4
2380,3,2,2,1972,4
2506,4,1,2,1953,4
1617,3,2,1,1965,1
1358,2,1,3,1961,1
2341,5,2,2,1993,4
2098,2,3,1,1992,3
2614,4,3,3,1995,4
1193,3,2,3,1990,1
1362,4,3,2,1999,2
2119,4,1,1,1956,3
2063,2,2,3,1992,4
1767,5,2,1,2015,4
1396,2,2,1,1967,1
1106,3,3,2,1963,2
2040,5,3,1,1953,3
1526,4,1,1,1967,3
2952,3,1,1,2005,5
2010,3,2,3,1983,3
1783,3,1,3,1961,3
2522,3,2,2,1975,3
1524,2,3,1,2015,4
2782,3,3,2,1952,4
2749,2,2,3,1986,3
2686,5,3,2,2004,3
2827,3,3,2,1968,5
2066,2,3,1,1985,3
2969,3,2,1,2005,5
1625,5,1,1,1999,2
2616,5,2,1,1963,5
1349,4,3,3,1999,2
2676,2,3,3,2000,3
2053,5,1,3,2014,1
2464,2,2,1,1952,4
2005,5,1,1,2000,3
1541,3,1,2,1965,3
2478,4,2,3,1982,5
2801,3,1,3,1993,5
2634,2,2,1,2010,5
1961,3,2,3,1999,3
1093,4,1,3,1991,2
2746,4,1,1,1983,5
2318,4,2,2,2005,4
2572,4,3,1,1996,4
1898,4,3,1,1968,2
1088,2,2,1,2015,3
2953,3,3,3,1986,5
1502,5,1,2,1963,3
1766,3,1,1,1958,2
2445,2,3,1,1992,5
1525,2,2,2,1988,2
1191,2,1,3,2003,2
2830,2,3,3,1999,4
1693,3,3,2,1993,3
1641,4,3,2,1995,3
2247,4,3,2,1995,3
1554,2,1,1,1987,2
2716,5,2,2,1974,3
1386,3,1,1,1992,2
1775,5,3,1,1981,2
2497,2,3,3,2005,4
2631,3,2,3,1985,1
2009,4,1,2,1982,4
1446,5,2,3,1999,2
2856,5,3,2,1965,4
2870,2,3,1,2016,3
1899,3,3,2,1991,3
2091,5,2,3,1959,4
2115,3,1,1,1956,2
1777,3,1,1,2007,1
2866,2,3,1,1996,2
1177,4,2,2,2009,3
2686,3,2,2,1969,5
1828,2,2,1,1954,5
1558,2,3,1,2011,2
2026,5,1,2,2018,3
1102,3,2,3,1987,1
2296,2,1,1,1953,4
2557,4,2,1,2005,3
1858,4,1,3,1991,2
2935,2,2,3,2009,5
1463,5,1,1,1975,1
1103,3,2,3,1995,2
1258,5,1,3,1979,3
2331,5,3,1,1954,3
2390,4,2,3,1965,4
1928,3,2,3,2011,4
1809,2,1,1,1989,3
1641,4,1,3,1971,2
1806,3,1,3,1962,3
2022,2,1,2,1951,4
2325,5,3,3,2011,4
1559,3,2,3,2002,2
1026,4,2,3,1962,2
1507,2,2,1,2009,2
1526,2,3,2,1998,2
1774,3,1,2,1988,1
2388,3,3,1,1991,4
1952,5,2,1,2002,3
1297,2,2,1,1952,1
1776,5,1,1,1967,1
1360,5,1,3,1986,2
2669,4,3,1,1985,4
1503,4,2,1,1997,2
2976,3,3,2,1980,4
1587,3,2,2,1950,3
2462,4,1,2,2008,4
2363,5,2,1,1986,3
1125,5,1,1,1963,2
1595,4,2,1,1951,3
2589,3,1,2,1952,5
2389,3,1,1,1999,4
2818,5,3,2,1976,4
2466,2,2,3,1986,2
1262,2,2,3,1962,2
1935,2,2,3,1965,4
1871,3,3,2,2002,4
2245,4,2,1,1950,3
1305,2,3,3,1972,2
2169,3,2,2,2003,4
1527,5,1,3,1966,2
2331,4,3,2,2007,4
1964,4,2,2,2012,3
2971,4,3,2,1964,5
2363,2,3,1,1972,3
2942,3,2,2,1992,5
1351,5,2,3,1958,3
1809,3,1,3,1993,3
1208,2,1,3,2009,2
1957,4,1,3,1976,2
1204,4,1,2,2011,2
1624,4,3,3,1993,1
2713,4,1,3,1995,5
2996,3,2,3,1963,4
1720,2,1,1,1962,2
1635,2,3,3,1970,2
2038,2,3,3,1993,4
1857,3,3,1,1952,4
2451,4,3,3,1955,4
1475,4,2,1,1953,3
1297,2,1,2,2021,3
1556,4,1,1,1965,2
2117,3,1,1,2013,2
1106,5,1,2,1965,2
2442,4,1,3,1968,2
2301,5,1,2,1997,5
1127,5,1,2,1952,2
2993,5,3,1,1962,4
1458,4,3,3,1990,2
1037,5,2,3,1956,1
2632,4,3,1,2007,5
2727,3,1,2,1956,5
1356,5,1,3,1991,1
2579,2,3,3,1977,4
2355,3,1,2,1964,5
1518,2,1,2,2014,2
1193,3,3,2,1968,2
1315,5,1,1,1994,1
2024,3,3,3,1958,2
2085,2,1,2,2021,4
1600,2,3,3,1959,2
2041,5,1,1,1986,2
1619,4,1,2,2012,3
2670,5,3,1,2000,3
2394,3,2,3,1957,3
1821,3,2,1,1955,3
2602,3,2,3,2004,5
2628,3,2,3,2012,4
2673,3,1,3,1969,4
2724,4,2,1,1981,5
2594,5,2,2,2008,5
1234,4,3,3,1986,1
2092,4,1,2,1997,4
1446,3,3,1,1996,1
1609,2,2,2,1965,2
1999,4,1,2,2021,3
1133,2,3,3,2007,1
1384,2,3,2,2003,1
1055,4,1,2,2012,2
1992,3,1,2,1960,4
2383,5,1,2,1980,4
2994,3,2,3,1983,5
2137,3,3,1,1995,4
2111,3,3,3,2006,2
1137,3,3,2,1992,2
2131,2,2,3,2000,3
2523,4,1,1,1977,3
1534,5,3,2,1981,2
1868,5,3,3,1970,3
1655,5,2,1,1988,3
1619,2,1,2,1956,1
2886,5,3,3,1973,5
2029,5,2,2,1993,3
1541,4,3,3,2012,2
1446,2,2,3,1983,2
2408,2,2,2,2005,5
2330,5,3,3,1979,5
1873,5,2,1,1969,2
2880,3,2,3,2003,5
1638,5,1,3,1972,4
2325,5,1,2,1974,3
2656,4,1,1,1968,3
2428,5,2,2,1976,3
1610,3,3,2,2010,1
2701,3,3,1,1962,5
1836,2,1,2,1989,2
2854,3,2,2,1971,5
2776,2,1,3,1956,5
2585,5,1,3,1998,5
1779,3,2,1,1965,4
1836,4,1,1,2002,2
1509,4,2,2,2021,1
2096,3,1,1,1964,3
1563,2,1,2,2005,1
1264,2,3,1,1984,1
2250,3,1,2,1974,1
2216,5,1,1,1959,2
2397,5,3,2,1971,4
2774,5,1,3,1993,5
1009,2,2,3,1992,2
1301,3,3,1,1985,1
2382,4,2,1,2012,4
2763,5,2,2,2001,5
2977,5,3,3,1986,4
2075,5,2,2,1979,3
2775,3,1,2,2011,5
1098,5,2,1,1999,1
1592,2,3,2,2002,2
2036,3,3,1,1991,2
2413,2,2,1,1979,4
1356,5,2,1,1951,3
2663,3,1,1,1955,5
2839,3,2,3,2013,5
1927,5,2,2,1957,2
1010,4,2,2,1988,2
1080,4,3,1,2004,1
2284,5,3,3,2006,3
2481,5,2,1,1961,4
1372,2,3,1,1999,2
1480,3,3,2,1954,1
1221,3,3,3,1953,3
2940,5,3,3,1961,5
2833,2,3,3,1988,3
2104,2,2,1,1968,2
2946,3,2,3,2008,5
1514,4,3,3,2006,1
2083,5,3,3,2011,2
1220,5,2,3,2008,2
2985,2,2,2,1996,5
1348,3,3,2,2016,2
2584,2,1,3,1996,5
1227,4,3,2,1972,1
1289,3,1,1,1962,1
1809,3,1,1,1995,3
2216,3,1,1,1988,5
1955,5,3,3,2003,3
2497,4,2,3,2010,3
2280,2,2,2,1990,4
2978,4,2,2,1958,4
2529,4,2,3,1996,4
1387,4,3,3,2007,1
1614,3,1,1,1975,2
2421,4,2,1,2012,3
1657,3,3,3,1951,2
2792,2,2,2,2011,5
2332,4,2,1,2003,4
2301,3,2,1,1981,2
2487,5,3,2,1955,4
1188,3,3,2,2005,2
1917,2,1,2,1996,2
2201,5,1,1,1971,4
2551,3,3,2,1972,4
1923,4,1,1,1956,2
1987,3,3,3,1966,2
1374,5,2,3,2007,2
2621,4,3,2,2008,5
1759,5,2,2,1965,4
2477,2,2,1,1981,3
1216,2,3,3,1988,2
2065,3,3,3,2007,4
1193,3,2,2,1994,1
2350,2,1,1,1979,2
2396,5,3,1,2018,3
2488,5,2,2,1977,4
1162,4,1,1,1982,1
1363,4,2,2,1968,2
2665,2,3,2,2012,5
1774,2,1,2,2009,3
1479,2,1,3,1981,1
1688,3,1,2,1973,4
1459,5,2,3,1962,1
2288,2,1,3,1968,3
1538,4,1,2,1951,2
1973,4,2,1,1966,4
2409,2,1,1,1981,4
1084,2,2,3,1987,1
2731,5,1,1,1995,5
1242,5,2,2,1995,1
2492,2,3,3,1994,4
1879,5,3,3,1996,4
2365,3,2,1,1975,4
2200,2,2,3,2000,3
2153,4,1,1,1989,4
1656,4,1,3,1992,2
2106,5,3,2,1972,4
2383,2,1,2,1987,5
1087,4,2,1,1962,1
2555,5,2,1,1966,5
1741,5,2,3,1958,4
2995,2,1,1,1994,5
1984,4,1,1,2000,3
2661,4,2,3,1980,4
1470,4,1,3,1961,2
2377,2,2,2,2013,5
1415,3,2,3,2000,3
2074,5,3,1,1987,2
2623,3,1,2,1983,4
1681,3,2,2,1992,3
2086,4,2,1,1961,4
2112,4,2,3,2012,3
2724,5,1,3,2010,4
2213,5,1,2,1985,5
1898,2,3,3,2001,3
1600,4,3,2,2009,2
2371,3,2,2,2015,4
2867,5,3,1,1994,5
2561,5,1,2,1996,5
2199,3,2,1,1987,5
2387,2,1,3,1989,3
1775,4,3,2,2010,2
1900,4,2,1,1980,3
2577,2,2,1,1964,3
1482,3,1,1,1958,2
2142,4,1,1,1979,5
1168,3,3,3,2019,2
2643,3,1,2,1959,4
1146,4,3,3,1971,1
2711,4,2,2,1997,4
2460,4,1,2,1994,4
1438,3,1,1,1953,3
1887,3,1,3,1959,2
2212,3,1,2,2003,2
1159,2,1,2,1968,1
1813,5,2,1,1980,5
2955,5,2,1,1961,5
1401,4,2,2,1957,3
1585,5,3,2,1970,2
1863,2,3,3,2002,3
2041,4,3,2,1998,3
1139,5,3,3,1995,4
2138,5,3,1,1982,4
1327,5,2,1,2013,3
1557,4,2,1,1994,3
1438,3,2,3,2000,2
2573,4,1,2,1972,5
2741,5,3,1,1966,4
1385,5,3,3,1979,2
1520,2,2,2,2003,2
2276,5,2,2,2014,4
1619,3,1,2,1962,2
2924,3,1,2,1959,5
2121,5,2,1,1986,3
1786,3,2,1,2014,3
2094,5,2,2,1963,3
1550,2,1,3,1963,1
2833,2,3,3,2009,3
2936,5,1,2,1959,5
1446,2,1,1,1987,2
2113,5,1,2,2020,2
2453,3,2,3,2012,5
2242,5,1,1,1951,3
2499,4,1,1,1966,2
1915,5,3,1,2020,2
2477,5,3,1,2003,4
1903,5,2,1,2008,3
2938,4,2,1,2019,4
1543,5,3,2,2012,2
2149,5,2,3,2021,3
2170,3,3,2,1959,5
1279,3,2,2,1953,2
1023,2,2,2,2011,2
1951,2,3,2,1957,2
1119,4,1,2,2005,1
2675,4,1,3,2017,2
2320,5,1,1,1972,5
1854,2,3,2,2018,4
2015,2,2,2,2004,3
1943,2,1,1,1961,3
2105,3,3,2,1950,2
1447,4,3,2,1955,3
2935,2,2,2,1973,4
2743,2,1,2,2010,4
1995,2,1,3,1962,3
2942,4,3,1,1961,5
2493,4,3,3,2009,4
2446,3,1,2,1987,4
2568,3,2,3,1977,4
2047,3,3,1,1992,4
2084,3,3,2,2006,4
2846,2,2,1,1957,4
2724,5,2,1,2016,4
1224,5,3,3,1990,2
1185,2,3,1,1993,2
1374,4,3,2,1954,2
1073,5,1,2,1975,1
2920,2,2,3,2013,5
2364,4,2,3,1995,4
1152,3,2,3,1985,2
1095,3,3,1,1976,2
2588,4,3,2,2014,5
1444,4,2,2,2011,2
2709,3,1,1,2008,5
2133,2,3,2,1997,2
2481,2,1,3,1953,3
1827,4,1,2,2010,2
2074,2,3,2,1997,4
1376,2,2,2,2013,2
1764,5,1,3,2017,2
2096,3,2,3,1953,3
2455,3,1,2,2013,4
1723,5,3,1,2018,2
2786,2,3,2,1980,2
2191,2,1,3,1962,2
1774,5,1,1,1986,3
1330,3,2,1,1989,1
1750,2,3,1,1998,3
2810,2,2,3,1996,4
2517,3,3,2,1967,3
2166,2,2,3,2007,3
2468,4,2,3,2018,4
1823,2,1,3,2019,2
1393,2,3,1,1955,2
1511,3,3,2,1994,1
1685,4,2,3,1952,3
2871,2,1,3,1999,4
1620,2,1,1,2006,3
2738,4,2,1,1994,4
2720,2,1,3,2021,3
2826,3,1,3,1977,3
1603,4,3,1,2010,1
2282,5,2,2,1991,4
2857,2,2,3,1987,3
2460,4,2,3,1962,3
1717,4,1,3,1980,1
2587,4,3,3,2013,3
1348,5,1,1,1982,4
2716,2,1,3,1967,4
2973,4,1,2,2017,4
1514,4,2,2,1995,1
2472,3,2,2,2001,5
1398,4,3,3,2005,3
2619,4,2,3,1992,5
1213,5,3,1,1991,2
2569,4,1,1,1968,3
1561,3,2,2,1978,1
2312,4,3,3,1964,3
2282,3,3,3,2010,3
1257,3,3,1,1990,2
2411,5,2,1,2004,4
2807,2,1,1,1950,5
1693,2,2,3,2002,1
2568,3,2,3,2019,3
2288,5,3,1,1956,2
2336,5,1,2,2002,2
2063,2,3,1,2006,3
1997,3,2,3,1965,2
1819,2,1,3,1990,4
1209,2,2,3,1973,1
1271,5,1,1,2007,2
2159,5,1,3,1986,4
1598,4,3,1,2012,3
2083,5,3,3,1959,5
2699,2,2,1,1972,5
2538,5,1,2,1951,5
2038,5,3,3,1958,4
2637,2,3,3,1986,4
2022,5,3,3,2017,5
1254,5,3,1,1980,2
1721,3,1,2,2005,3
1534,4,2,3,1964,2
2258,5,3,2,1969,4
2154,2,1,3,1975,3
2708,3,2,1,1973,5
2023,2,3,1,1963,3
1016,5,2,3,2015,2
1881,4,3,3,2001,2
1953,3,1,3,1952,2
1825,4,1,2,1971,4
1991,2,3,2,1960,3
1877,5,3,2,2012,2
1184,3,1,1,1966,1
2414,2,1,3,1957,5
2869,4,2,2,2014,5
2465,2,2,2,1963,4
2719,4,2,1,2002,3
2678,2,2,1,1953,5
2579,4,3,1,1995,4
2035,4,3,2,1952,4
2543,5,1,1,1990,4
1079,3,3,1,1994,1
1808,3,3,3,2002,2
2697,5,3,2,1975,5
1301,2,2,3,1980,4
2239,2,3,1,1992,3
2271,3,3,1,1991,3
2564,4,1,3,1989,2
2295,4,2,1,2002,4
1132,3,1,2,2021,1
2028,3,1,2,1996,5
1755,5,2,1,1977,3
2565,2,2,2,1963,3
1628,4,2,2,1972,4
2713,5,1,1,1970,4
2009,3,1,1,2008,3
1772,5,2,2,1993,1
2770,5,1,1,2000,5
1140,4,3,3,2010,2
1482,5,1,1,2004,1
2328,4,2,1,2012,2
1344,3,1,3,1959,2
2585,4,1,1,1994,5
2293,2,2,2,1969,2
2131,3,3,2,1968,2
2581,4,2,2,1953,2
1473,3,1,1,1954,2
2105,5,3,2,1953,2
2661,3,3,1,2013,4
2107,4,1,2,1955,4
2313,5,2,2,1960,3
2094,2,3,2,2002,3
1174,3,2,3,2015,1
2851,4,1,1,1994,5
1841,3,2,1,1958,3
2486,3,2,1,1958,3
2872,4,2,2,1976,5
2418,2,3,2,1990,4
1865,4,1,3,1973,4
2114,3,3,2,1975,4
1468,2,3,2,1994,1
2886,2,1,2,1997,4
2457,2,3,1,2014,3
2272,2,3,2,2014,1
1643,3,2,2,1994,1
1680,4,3,1,1974,3
1954,4,1,2,1985,2
2904,5,3,3,1989,5
1848,5,3,2,2021,4
1701,2,3,2,1996,2
2519,4,2,3,2006,4
1339,2,2,2,1964,2
1792,4,3,1,1953,2
1743,5,3,1,1981,2
2494,4,1,2,1960,4
1800,4,1,1,1955,2
2298,4,2,2,1958,3
2848,4,2,2,1965,4
2064,3,1,1,2019,1
2988,5,1,3,1989,5
1207,3,1,1,1956,2
2083,3,2,1,2002,2
2263,3,2,1,2019,3
1607,2,2,2,1980,2
2813,2,3,1,1985,5
2962,3,3,2,2010,4
1396,4,3,3,2018,3
2957,4,3,1,1961,5
1793,5,2,3,2020,3
1499,5,2,3,1963,3
1208,5,1,2,1953,1
2156,4,1,2,1989,3
2404,3,3,2,2004,3
1432,3,3,1,1982,1
1608,5,2,1,1964,2
2754,5,1,3,1980,5
1388,2,1,1,1966,3
1996,5,2,1,1996,3
1582,4,2,1,2018,3
1431,4,2,3,1987,2
2297,5,1,2,2017,4
1350,5,2,3,2016,3
1133,2,3,1,1991,1
2089,2,1,3,1956,3
1638,2,2,3,2012,3
2228,4,3,2,2003,2
2321,2,1,2,1983,5
1116,3,2,2,2015,1
2971,3,3,1,1972,2
2290,3,2,3,2005,4
2817,2,3,1,1980,5
1148,4,1,2,1961,2
2217,4,1,1,1996,2
2909,5,1,3,1955,4
1178,2,3,1,1977,1
1464,3,3,2,1989,3
1975,5,3,1,1991,4
1568,3,3,3,1975,2
2028,4,2,1,2006,4
1525,5,3,3,1977,1
1279,2,3,3,1995,3
1498,3,1,1,1998,2
1835,3,2,3,2000,2
1435,3,1,1,1971,1
1815,2,3,1,1985,2
2239,2,3,3,2020,4
1686,3,2,1,2010,3
1827,2,3,2,1959,2
1968,5,2,2,1974,3
2910,5,3,2,1968,4
2160,2,1,3,1950,5
1611,4,3,2,1981,2
1594,3,1,3,1980,4
2303,3,1,1,1982,3
1131,4,3,2,1998,1
1392,5,1,1,1964,2
1480,3,2,3,1961,2
2536,3,1,2,1969,4
1627,3,2,1,2014,3
1418,2,1,3,1956,1
2225,5,1,2,2011,3
1651,2,1,1,1996,2
1657,4,3,1,1995,2
1461,4,3,3,1996,3
2801,2,3,3,1983,5
2225,3,3,1,1958,3
2937,2,2,1,2017,4
1151,5,1,1,1962,1
1078,5,3,1,1989,1
2223,4,2,3,1970,3
1098,5,2,3,1968,3
1911,5,3,3,1962,4
1212,4,1,3,1954,3
1701,2,3,1,1964,2
2412,3,2,1,1977,4
2836,4,2,1,1963,4
2397,3,1,2,1971,3
2075,3,3,2,1954,3
1966,5,1,2,1956,3
2647,5,1,1,1961,5
1410,2,2,2,2020,1
2493,3,1,2,1976,3
2135,3,1,2,1959,3
2548,3,1,1,1991,4
1784,2,3,1,1966,2
2768,3,1,2,2014,4
2067,2,2,1,2010,2
2420,4,2,3,2011,4
2608,4,3,1,2002,3
1260,3,3,2,1989,3
1742,2,3,1,1953,3
1544,4,3,2,2008,1
1387,2,2,1,1982,1
2499,2,3,1,2003,4
2433,4,1,3,2007,3
2603,3,2,2,1952,3
1661,4,3,1,2014,1
2827,5,1,3,2015,4
2209,5,2,2,2002,3
1950,3,1,1,2005,1
1930,2,1,2,1951,3
1024,4,3,3,1998,2
2095,3,1,1,1961,2
2616,3,1,1,1996,3
1017,4,2,2,2005,3
2777,4,2,2,2008,4
1569,5,1,2,1997,4
2016,4,1,1,2004,3
2355,5,2,3,1979,4
2912,2,1,3,1954,4
2592,2,1,3,1971,1
2120,2,2,1,2003,4
2750,3,1,2,2002,5
1830,3,1,2,2016,3
2035,3,2,2,2014,1
2034,4,3,3,2015,3
2932,4,1,2,1964,5
1162,5,1,1,1965,1
2306,3,1,3,1994,4
2752,4,3,1,1982,4
1871,2,2,1,1993,3
1834,2,2,3,1956,3
2264,4,2,2,2010,4
1856,2,2,3,1950,1
2068,2,1,3,2010,3
1969,5,3,3,2012,5
1592,2,3,3,1985,4
1254,3,2,3,1982,1
1066,4,2,3,1970,1
1917,4,1,1,2010,4
1613,3,2,2,2005,2
1973,2,2,2,1992,3
1602,5,2,1,1964,3
2065,5,2,3,1984,3
2811,3,3,2,2005,4
2809,3,2,1,1964,4
1383,5,1,3,1985,3
2612,2,2,2,1961,5
2257,3,2,2,2002,4
1965,3,1,2,2003,1
2737,2,1,2,1995,4
1484,5,2,3,1994,2
2756,2,1,3,1983,5
2797,5,1,2,1960,5
1038,4,2,1,1964,1
1010,5,3,3,1952,2
1623,5,1,2,1976,1
2117,3,3,2,1965,3
1083,4,2,1,1975,1
1057,4,3,2,1969,2
2316,2,2,2,2008,3
2039,5,2,3,2003,2
1990,4,1,1,1953,4
2500,3,2,3,2014,3
1837,4,1,2,1951,3
1604,4,1,3,1954,3
1164,4,1,1,1978,2
1436,3,2,2,1968,3
1726,4,3,1,1951,2
2679,5,2,2,2013,4
2809,4,3,3,2007,5
2963,5,1,2,2018,4
2409,4,1,3,1967,4
2977,3,2,2,1998,5
2161,5,3,3,2020,3
1715,4,2,3,2005,4
1813,4,2,1,1965,2
1721,4,3,3,2012,3
1530,5,1,2,1953,4
2829,2,1,1,1950,5
1292,4,1,3,1964,1
2498,3,3,1,1962,3
2022,2,1,1,2013,2
2903,4,1,2,1950,5
1461,3,1,2,1958,1
2836,4,3,2,1993,4
2396,3,3,3,1985,5
2185,4,1,3,2014,3
1641,3,2,2,1984,3
1043,3,2,3,1986,2
2888,2,1,2,1982,4
2106,2,3,3,1964,4
1891,5,1,1,2017,2
1635,3,1,1,1959,3
1538,3,2,2,1991,2
2839,2,2,2,1964,5
1861,5,1,2,2003,3
1518,3,1,2,1994,2
2434,4,3,3,1984,4
2364,4,2,3,1959,4
1710,5,1,3,1963,2
2647,3,2,2,1985,4
1088,3,2,3,1966,1
2663,2,1,1,1971,3
2253,2,2,1,1958,3
2041,3,1,2,1998,3
2824,4,1,3,1999,5
1672,2,3,3,2004,3
1863,4,2,3,1959,2
1889,4,3,1,1966,1
2304,4,2,1,2016,4
2933,4,3,1,1994,5
2701,5,2,3,1963,3
2795,2,3,2,1967,4
1875,3,1,2,1960,2
1701,5,1,3,1994,3
1337,3,2,3,1951,1
1265,2,2,2,1974,3
1802,4,3,2,1956,4
2378,3,1,3,1963,4
2013,3,2,2,2006,3
2814,5,1,1,1981,3
1216,3,3,2,2021,1
1320,5,1,1,1962,3
1849,4,1,1,2016,3
1718,3,1,2,2007,3
2688,2,3,1,1977,5
1991,3,2,1,1979,2
2235,3,1,1,1962,4
1952,4,3,2,2007,4
2226,3,3,1,2013,2
1716,4,3,2,1998,2
1984,4,1,2,1980,3
1895,5,2,3,1958,3
2176,3,1,1,1978,2
2705,3,1,3,1969,4
2452,2,3,3,2002,4
2776,4,2,3,2013,4
1286,5,2,1,2009,2
1756,5,1,2,2021,3
2344,2,1,1,2014,4
2459,3,1,2,2003,3
2615,3,3,3,1981,4
1495,5,2,1,2002,1
2627,5,2,1,2014,4
2172,2,1,1,1991,4
1541,5,3,2,1977,3
1634,5,2,3,1979,2
2922,2,1,2,1961,4
2505,4,1,2,1976,4
2349,5,1,1,1959,3
1938,3,2,2,2014,4
2052,4,3,1,1958,3
2282,5,3,1,2006,3
1697,4,1,2,1996,2
2952,5,3,1,1973,5
2580,5,1,1,1955,4
2604,3,2,2,1979,4
1497,5,3,1,1964,3
2439,5,2,2,1958,4
2902,4,3,2,1967,4
1721,2,1,2,2002,1
2774,3,2,1,1999,3
2363,4,2,3,1989,5
1307,2,3,2,1983,2
1703,4,2,1,2021,3
1883,3,3,3,1978,2
2638,2,2,2,1972,4
2264,2,3,1,1972,5
1252,2,3,3,2015,2
1935,3,1,1,2008,3
2243,3,1,2,2013,4
1985,5,3,2,2009,3
2359,5,3,1,1969,5
2752,5,1,2,2006,4
2737,5,1,2,1951,5
2052,4,2,2,1985,1
1493,3,3,2,1997,1
1958,4,2,3,2006,3
2525,3,3,3,1987,4
2177,3,2,2,1986,4
1991,5,2,3,1979,3
2254,4,3,1,2002,4
1101,5,2,1,1954,1
1826,3,2,2,1969,3
1176,5,1,1,1985,1
2716,2,1,1,1978,3
1983,3,2,2,1958,4
1926,2,2,1,2020,1
1231,3,3,1,2010,2
2209,3,3,3,2019,2
1760,3,3,1,1967,1
1265,4,2,2,2005,1
2158,4,3,1,1985,4
1756,3,3,1,1982,2
2054,4,2,2,1998,3
2882,5,3,3,2017,3
1455,4,2,2,1995,2
1258,2,1,3,2004,1
2127,3,1,2,2009,2
1430,5,2,1,1966,2
2405,5,3,1,1951,5
1468,2,1,2,1954,2
2536,4,2,3,1960,4
2964,3,2,2,1983,3
2973,2,3,1,2019,5
2230,5,3,2,2010,4
1646,5,1,2,1966,3
1446,2,1,1,2020,3
1782,5,1,1,2019,3
2112,3,2,3,1985,2
1194,5,2,2,1987,3
2437,2,2,3,2009,5
2145,2,1,2,2014,2
1461,5,2,2,1980,2
2139,2,2,2,1971,2
1195,4,1,1,1989,2
1644,2,2,2,2014,2
2304,2,3,1,2001,2
2502,2,1,1,2002,3
2034,5,2,1,1983,2
2991,2,2,1,1971,4
2753,3,3,3,1998,4
1321,5,3,1,1954,2
2691,4,2,3,1959,3
1239,3,3,1,2006,2
2016,3,3,1,2004,3
2083,3,3,2,1970,3
1649,3,3,2,2015,2
1561,2,2,3,1996,3
2702,2,3,3,1985,3
1164,3,3,2,1982,2
1830,5,1,1,1966,1
1188,3,3,2,1961,2
1091,3,1,1,1995,1
2911,4,1,1,1989,4
1288,5,1,2,1997,1
2098,4,2,3,1987,3
2580,3,3,3,1998,5
2451,5,1,3,1989,5
2408,5,1,1,2001,5
2076,4,1,1,1981,3
1174,5,2,3,1962,2
2696,4,2,3,2014,3
2602,5,2,2,1985,4
1473,2,2,1,1991,1
2934,4,3,1,1961,5
2384,3,3,2,2017,4
1269,4,1,1,2016,2
1406,5,3,3,1951,3
2147,5,1,3,2017,4
1693,5,1,1,2017,5
1375,3,2,1,1957,2
2415,3,2,1,2004,4
1181,5,3,2,1982,3
1035,2,3,3,1971,1
2235,4,3,2,2005,4
2919,5,1,2,2007,5
2971,2,1,2,1977,4
1864,5,3,2,1997,4
1923,4,2,2,2013,4
1689,4,3,2,1986,4
2701,3,3,3,1962,4
2949,5,2,1,2019,5
1490,5,1,3,2016,1
2872,5,3,2,1952,3
1840,2,2,1,2013,2
1987,2,3,1,2008,4
2461,5,1,3,1996,3
1838,4,2,2,1951,2
2069,2,1,1,2010,3
1667,4,3,2,2004,2
2424,2,1,2,1966,4
2511,3,3,2,2007,3
2019,3,3,1,1992,4
1431,3,3,2,2013,1
2451,4,2,2,1995,5
1747,4,1,3,2018,1
1827,5,1,2,2010,2
2595,5,2,1,1989,4
1516,3,2,3,1954,1
2988,3,1,3,1982,4
1461,2,3,3,2011,3
1965,3,1,3,1975,2
2926,3,3,2,1976,5
1180,3,3,3,2012,1
1144,4,1,2,1951,2
2850,4,2,1,1995,5
2288,3,2,2,1969,4
1734,2,3,3,1986,2
1405,2,1,2,1988,3
1812,5,1,1,1993,3
1968,3,2,1,1964,3
1954,4,1,3,1980,3
2871,3,2,3,1999,4
1483,2,3,2,1956,1
1481,4,1,2,1988,3
2260,4,1,1,1950,5
2548,4,2,3,1956,4
1338,5,3,2,2020,2
1267,3,3,1,1958,1
2955,3,2,1,2008,5
1527,2,1,1,2001,1
2115,4,1,1,1987,3
2271,4,2,2,1967,5
2042,2,3,3,1965,4
1871,5,3,2,1995,2
2413,2,1,3,1954,4
2411,4,2,3,1995,4
1925,5,2,3,2018,2
2638,5,1,3,1992,3
2118,4,1,2,2005,2
1429,2,3,2,2017,1
1794,3,2,2,2020,4
1940,3,1,1,2019,3
2748,3,2,1,1993,5
2060,2,2,2,1966,4
2416,4,3,3,1963,4
2596,2,1,3,2015,2
2314,3,3,2,2009,4
2897,3,1,2,2015,5
1302,3,1,1,1952,1
2779,2,2,1,1989,5
2940,2,1,2,1989,3
1400,3,2,1,1954,3
1822,5,1,1,1992,2
1862,4,2,2,1965,2
1517,2,3,3,1974,2
2400,5,2,3,2010,3
2954,5,1,2,1958,4
2841,4,3,2,2018,5
2036,3,3,2,1957,4
1024,3,3,3,1977,1
2759,4,1,2,2001,5
2146,2,1,3,1970,1
1128,2,3,2,1967,1
1816,4,3,3,1959,1
2657,2,1,1,2019,4
2570,4,1,1,2007,3
1594,5,1,3,2002,1
2332,5,2,3,2003,4
2611,2,1,2,1984,2
1615,4,3,3,2012,2
1743,2,2,3,1957,4
2838,5,1,3,1984,3
1403,5,2,3,1975,3
1604,3,2,1,1983,2
1655,4,1,2,1962,2
2789,5,2,1,1987,5
1262,5,2,1,2015,1
1069,5,3,1,1992,2
1660,3,1,1,2017,2
2315,2,1,1,1962,4
2237,5,1,3,1988,3
1871,4,1,1,1965,3
1821,4,2,1,1991,4
1146,5,3,1,1997,3
1024,5,3,3,1975,1
2132,5,3,3,1970,3
1692,4,1,1,2007,3
1250,3,3,2,1965,3
1481,5,3,2,2000,3
1714,2,3,3,1962,1
1815,3,1,2,2004,1
1681,4,1,3,1985,2
1174,5,2,2,1955,2
2370,5,2,3,1988,4
2193,5,3,2,1955,3
1001,5,1,3,1954,2
2669,2,1,2,1991,4
1638,5,2,1,1963,2
1705,2,1,2,1992,2
2744,3,2,1,1957,5
2319,3,3,1,2004,5
1569,5,3,3,1987,1
1589,3,1,2,1960,2
1201,2,1,1,2019,1
2004,2,2,3,1983,3
2312,3,1,1,1992,3
2085,3,3,3,1965,2
2525,2,1,2,1953,3
2803,4,1,3,2002,5
1125,3,1,1,1989,1
1991,2,3,2,1987,2
2623,2,1,2,1978,4
1845,5,3,3,1987,3
2796,3,3,3,2000,4
1178,3,1,3,2005,2
2604,4,1,3,1966,4
2902,4,3,1,1960,3
2951,4,2,3,2012,3
1492,4,2,3,1957,4
2456,3,3,3,1952,4
1571,3,2,3,1993,2
1301,4,2,2,1964,3
1963,4,3,2,1983,4
2784,3,2,1,1975,4
1989,5,3,2,2011,4
2192,2,2,1,1966,5
1976,4,1,1,1998,4
2986,2,1,2,1956,5
1268,5,3,1,1975,1
2387,5,3,1,1991,4
1623,5,2,3,1964,4
1099,3,3,3,1984,1
1214,5,3,3,2011,1
1624,4,3,1,1987,2
1818,4,1,2,1972,5
1629,4,1,3,2003,3
1547,5,2,1,1972,1
1336,4,3,2,1983,2
1358,4,3,3,1950,1
2313,3,1,3,1957,4
2419,2,1,2,1957,4
1815,3,2,1,1984,3
1359,3,3,1,2012,2
2014,2,2,3,1966,4
1346,2,1,1,1986,3
2147,5,1,1,1952,4
2676,2,1,3,2010,5
1653,3,3,1,1958,2
2930,4,1,2,2017,5
1335,4,2,1,1950,2
2526,3,1,1,1963,4
1056,3,1,1,2004,1
2685,3,3,2,1988,5
2016,5,1,2,1958,3
2902,4,1,3,2021,4
1911,4,3,1,1970,3
1716,3,2,2,1992,1
2099,4,3,2,2008,2
2489,3,1,2,2020,4
1284,3,1,2,1965,2
1721,4,2,2,1981,4
1385,2,2,1,1999,1
1949,3,3,3,1984,3
1769,3,3,3,1972,1
2282,4,2,3,1950,2
2500,4,3,2,1980,2
2719,4,3,1,2020,5
1839,3,1,1,1997,3
1010,2,2,1,1976,2
1971,2,3,1,1951,3
1671,2,2,2,1971,2
1259,3,2,1,1972,1
1392,4,1,3,1999,1
1599,2,2,3,2007,3
2392,2,2,1,1993,3
2207,2,2,3,1959,1
2039,3,2,1,1972,3
1755,4,2,3,2012,3
2529,5,1,3,2004,4
2109,4,2,2,2007,2
1710,4,1,1,1962,2
2033,4,1,2,1962,2
1476,2,2,1,1978,2
2187,4,1,1,1951,1
1023,2,3,3,2001,3
2599,3,1,2,2003,4
2261,3,3,1,1977,1
1461,3,1,3,2013,1
2485,5,2,1,1985,3
2880,4,3,1,1952,4
2261,4,2,2,2018,2
1021,2,2,2,1985,1
1179,4,2,1,2018,1
2841,5,3,2,1975,4
1790,4,3,1,2016,1
2759,2,2,1,1968,4
1729,3,3,3,1978,2
2498,2,1,2,1995,5
1748,3,2,3,2005,3
1715,2,3,1,1959,1
1338,2,2,2,2016,3
1691,5,3,3,2014,5
1161,4,2,3,1981,1
2820,5,3,1,1963,5
2084,3,2,3,1953,3
2108,4,3,2,2017,4
2570,4,2,3,2005,3
1489,2,1,2,1950,1
1004,5,1,2,1953,1
1075,2,2,1,1964,2
1006,2,1,2,1989,1
1680,3,1,2,2006,1
2665,3,1,3,1956,5
1472,4,2,2,2017,4
2161,3,1,2,2018,2
2381,5,2,2,1959,4
1811,4,3,2,2000,5
1837,5,2,2,1983,3
1602,3,2,3,2005,3
2186,2,2,3,2004,4
1317,5,1,3,1974,2
2276,3,3,1,1953,4
2224,5,2,1,1981,4
2555,5,3,1,1981,3
2764,2,2,3,1971,4
2698,4,3,3,2007,5
2188,3,3,3,1996,3
1231,2,1,2,1977,2
1327,2,3,3,1996,1
1237,4,2,1,2004,2
2143,4,3,3,1966,5
1949,3,3,1,1991,3
1894,3,1,1,1969,3
2904,2,2,2,1989,4
1618,5,3,2,1977,1
1249,4,2,1,1976,3
2359,3,2,1,1951,4
2307,3,3,2,2004,3
1197,2,1,1,1953,1
1415,3,1,3,1991,1
2418,5,1,3,2015,4
1937,2,1,3,1987,3
2174,4,3,1,1992,3
2821,2,1,3,2000,2
2288,5,3,3,1963,4
2243,5,1,3,1998,5
2239,4,3,2,1950,3
2338,2,2,3,1972,4
2691,4,2,1,1987,5
1215,5,3,1,1963,2
2358,2,1,2,1958,4
2382,3,3,1,1971,4
2649,5,1,1,1983,5
2184,5,1,2,1991,4
1814,4,2,3,2003,3
1609,5,2,2,1994,4
1510,4,1,1,1963,1
1917,2,3,2,1962,2
1156,3,3,1,2000,1
1041,4,3,3,1998,1
2203,3,2,1,1952,2
1302,3,1,1,2013,2
2353,5,3,2,1965,4
2586,5,1,3,1977,5
2013,2,1,3,2017,2
1763,5,2,3,2016,4
2452,5,3,3,2004,5
2373,5,1,2,1965,3
2098,3,3,2,2011,3
1673,3,3,2,2019,1
1660,3,3,1,1998,2
1122,5,3,1,1996,2
1652,3,1,2,1971,1
2205,2,3,2,1973,3
1920,2,1,3,1958,2
2013,5,1,3,2004,3
2913,3,3,3,1963,5
1788,2,2,2,1990,2
1256,4,2,3,1990,1
2977,5,2,1,1965,3
2860,2,1,1,2004,4
1756,2,1,3,1971,3
1597,2,2,3,1998,2
2606,4,3,1,1975,3
2292,4,1,3,1983,3
2516,4,3,2,1989,5
2203,2,1,1,1996,4
1790,4,2,1,1975,1
2172,5,2,2,1982,4
2541,4,3,1,1968,5
2171,5,3,3,1964,4
2867,2,1,1,1969,5
1679,3,1,2,1954,1
2032,5,1,3,1994,3
2201,5,1,3,2013,3
1795,5,3,2,1973,2
2418,2,2,1,1984,5
2651,5,3,3,1980,5
1330,5,2,3,1988,5
2879,2,3,1,1999,5
2230,2,1,2,1957,3
1104,2,3,2,1952,2
1546,3,3,2,1991,3
2744,2,3,3,1958,3
1792,2,3,2,2012,2
2378,2,1,1,1960,4
2682,5,1,1,1956,5
1488,3,2,2,1969,2
2822,2,3,2,1996,2
2616,3,3,1,1961,5
2526,3,1,2,1998,3
2073,4,2,2,1985,3
2726,2,1,1,1968,3
1302,5,1,2,2003,3
2024,5,3,2,1995,3
2404,4,3,3,1976,4
1649,2,1,1,2003,2
1647,2,1,1,1963,2
2385,4,3,3,2021,3
1380,2,3,1,2007,1
1161,2,2,3,1956,1
1018,4,1,1,1971,3
1973,4,2,3,1991,3
2863,3,2,1,2017,4
1128,3,1,1,1962,2
2199,2,3,1,1990,4
1408,2,3,1,1982,1
1791,3,1,2,1952,3
1942,3,2,3,1955,4
2107,3,1,1,2013,2
1221,2,2,2,2001,1
2348,3,1,2,1989,3
2439,5,1,2,2013,5
2680,5,2,3,1953,5
1444,3,2,2,1987,4
1617,4,1,1,1987,2
2348,5,3,3,1956,4
1522,4,3,3,1973,2
1165,5,2,2,1985,2
1707,5,3,2,1994,1
1742,2,1,2,1973,2
2682,4,2,3,2003,3
2894,5,1,3,1985,4
2261,4,1,2,1968,4
2008,3,2,3,1972,4
1912,3,1,2,1970,3
2036,4,3,2,1971,4
2754,5,1,3,1996,5
2280,3,1,1,1960,4
2537,3,3,3,2002,4
2233,5,2,1,2019,2
1364,3,3,1,1951,1
1995,4,3,3,1975,3
1193,4,2,2,2006,1
2219,5,2,1,1955,4
2423,5,1,1,2018,3
2795,4,3,2,2007,4
2992,4,2,3,1996,5
2648,4,2,2,2004,3
1212,2,1,2,2018,1
2302,3,1,1,2003,3
2779,5,2,2,1981,5
2403,2,3,2,1960,3
2921,5,1,1,1999,4
2474,3,3,1,1950,2
1598,4,1,3,2021,2
2916,4,3,1,1951,4
2390,5,2,3,1981,4
2798,3,1,3,2011,5
1811,4,1,2,1996,3
1928,5,2,2,2014,2
2136,5,2,1,2017,4
2983,4,3,2,1978,4
2187,3,2,1,2003,3
2653,2,1,1,1953,4
1920,3,2,2,1968,3
1744,3,3,1,1991,2
1601,2,3,1,1961,4
1987,3,1,1,1997,3
2790,2,3,1,2008,2
2115,4,3,2,2009,5
1468,2,1,1,2002,2
1969,3,2,2,2002,5
2178,4,2,1,1969,4
2842,3,1,2,1986,3
1206,4,1,1,1960,2
2013,5,2,2,1971,3
1614,4,2,1,2006,1
1482,5,2,2,2001,1
2988,3,1,1,1984,4
1591,2,3,3,1979,1
2430,4,2,2,1950,5
2126,5,3,2,1953,2
2263,4,3,3,1976,2
2288,4,1,3,1996,3
1032,2,3,2,1966,1
1034,3,2,3,2003,1
2272,5,3,3,1992,3
1999,3,1,3,1996,3
2073,5,2,1,1962,4
2777,5,2,3,1976,5
1151,5,2,2,1991,2
2682,3,1,1,1981,3
2574,5,2,1,1992,5
1700,2,1,2,1959,3
2560,3,1,2,1986,5
2779,3,3,1,1956,3
1734,2,1,3,1960,4
2018,2,3,2,2006,3
2253,3,2,2,1950,4
1664,3,2,3,1966,3
1922,3,1,2,2015,3
2311,4,3,2,1978,5
2418,5,2,1,2011,4
1452,2,3,3,2007,1
1619,4,2,3,1997,2
2056,4,3,1,2012,4
2938,4,1,2,1950,5
2134,4,1,3,1988,4
2144,3,1,1,1990,1
1015,2,3,1,2018,1
1738,5,1,2,1992,5
2546,5,1,2,1996,5
1714,3,1,1,1966,4
1713,2,1,1,1966,4
1115,5,3,1,1960,3
1964,2,1,2,2003,3
2494,5,2,1,1969,4
2462,2,1,3,1989,5
2304,2,1,3,1955,5
1348,2,2,3,1952,2
1231,3,2,3,1955,2
2134,4,3,3,1998,5
2375,3,3,1,1971,4
2953,4,2,3,1951,5
2035,3,1,3,1970,3
1983,3,1,2,1958,1
2511,3,1,2,2011,3
2556,2,1,2,1966,5
1638,5,1,3,2001,3
1284,2,2,1,1952,2
2970,2,3,1,1984,4
2656,2,2,2,2009,5
1635,3,2,3,1968,2
2942,3,1,2,2018,4
1544,4,2,2,1973,3
1391,5,1,2,1980,2
2193,2,2,2,1995,4
1076,2,1,2,1997,1
2988,2,3,1,1972,5
1296,5,1,3,1972,3
1329,5,1,3,1958,5
2086,5,3,3,1974,4
1269,2,1,2,1978,1
1215,5,1,1,1996,1
2213,2,3,1,1963,3
2098,2,1,1,2017,2
1509,3,1,3,1954,3
1578,2,2,3,1950,3
2116,2,3,2,1979,4
2076,3,2,3,1976,4
1495,5,3,1,2003,1
1947,4,1,3,1970,2
1093,3,1,2,1976,2
1624,5,3,1,1988,2
1249,3,2,1,2009,2
2414,2,2,1,2001,4
1720,3,2,1,1991,2
1979,4,1,1,1994,3
1181,2,2,1,2014,1
1266,5,3,2,1986,1
2003,3,2,1,1987,4
1280,3,3,3,1976,2
2978,3,3,2,2017,3
1961,2,1,2,2015,3
2106,3,2,2,1994,4
2209,2,2,2,1979,3
2884,2,1,1,2009,4
2674,4,2,2,1982,5
2590,5,3,2,1970,5
1530,4,2,3,2001,1
2371,3,3,3,1954,4
1422,2,2,1,1963,2
1980,3,2,2,1951,4
1453,2,3,2,2020,2
1506,3,1,2,2010,2
2165,5,3,2,1960,3
1315,2,3,1,1952,2
2699,3,2,2,1967,4
1763,2,2,2,1995,3
2255,3,1,2,1998,4
2320,3,1,2,1954,4
1897,4,1,3,2015,3
1952,4,2,1,1978,4
1874,5,1,2,1976,2
2595,2,2,2,2002,5
1915,5,2,2,2012,2
1383,5,3,1,1988,3
2149,3,1,3,2006,2
1102,5,1,3,2016,2
1899,5,2,2,1963,2
2975,3,2,2,1960,5
1732,3,3,2,2004,2
1109,5,2,2,1969,2
2593,3,3,2,1998,3
2495,5,3,2,1989,3
2088,2,3,2,1974,4
2495,4,3,3,1981,3
2593,3,1,2,2009,4
1669,3,1,3,2019,1
2099,5,1,1,1999,2
2042,3,1,2,1987,2
1189,4,3,1,2014,1
1761,4,2,1,1950,3
1359,3,1,1,1953,3
1874,2,3,1,1991,1
1885,4,3,1,1953,3
2475,4,2,3,1975,3
1595,4,2,1,2011,3
2195,5,3,2,1996,4
2235,2,1,3,2012,4
1885,4,1,3,1998,3
2014,2,2,1,1955,2
2468,3,2,3,1972,5
1148,4,2,2,1953,1
1009,4,1,1,2010,2
2565,5,3,2,1975,4
1791,5,1,1,1976,3
2967,4,1,1,2021,5
2078,2,1,3,1971,2
1871,4,1,2,1987,3
2662,5,2,3,1957,5
1179,5,2,3,2012,1
1743,4,3,1,1972,5
1380,2,1,2,1961,1
1450,4,3,2,1969,3
2116,2,1,3,1982,4
2436,2,3,2,2020,5
2782,4,3,1,1969,5
1393,3,3,2,1955,1
1964,2,3,2,1970,3
2354,4,1,1,1999,3
2731,3,3,1,1983,4
1432,5,3,2,1977,4
1953,3,2,1,2002,2
2186,2,2,2,1961,4
1945,2,3,3,2007,4
2063,2,3,3,2003,4
1765,5,2,1,2014,3
1907,2,3,1,2000,1
1084,2,2,1,1963,2
1783,4,2,1,1986,3
2613,4,2,2,1977,5
2748,5,1,2,2019,4
1815,2,2,2,1956,2
2790,4,3,1,1980,3
2114,2,3,3,1953,2
2507,2,2,2,1976,5
2408,3,1,3,1988,1
2216,2,3,2,1973,3
2276,3,2,2,1983,3
2813,4,3,1,1950,5
2678,2,2,1,2005,5
2267,3,3,3,1989,4
2747,3,1,3,2009,4
1706,4,1,1,2010,2
1269,3,1,1,1973,1
1840,2,1,3,1973,3
2042,2,3,1,2006,3
2063,3,3,2,2000,3
1515,2,3,1,1956,2
2056,5,2,1,2013,3
2834,3,1,3,2004,4
1449,4,2,1,1997,1
2562,2,2,2,2018,3
2872,2,1,1,2021,5
1624,2,2,2,1958,3
2969,3,1,1,1960,5
1884,4,3,3,1957,3
2915,5,3,1,1979,5
2630,5,3,3,1993,4
1318,2,1,2,1976,2
2768,5,1,2,1951,4
2669,4,2,2,1973,3
2147,2,2,1,1980,4
2395,3,1,2,2002,4
2374,5,3,1,2008,2
2346,3,1,3,1967,4
1487,4,2,1,2020,4
1450,2,3,1,1966,2
1352,3,2,1,2000,2
2139,2,3,2,1994,3
1954,5,1,1,2010,5
2036,2,2,1,1950,4
1319,2,2,3,1977,2
2188,2,1,3,1979,4
2743,5,2,1,1985,4
1084,4,2,3,1972,2
1247,3,3,3,1997,2
2455,2,3,1,1997,3
1567,2,1,3,2001,4
1683,3,3,3,1983,2
2676,4,3,2,1981,4
1643,3,2,2,2013,5
1478,2,1,1,1986,2
1712,2,1,2,2004,2
1367,4,3,1,1954,2
2824,5,2,3,1953,5
2956,4,1,3,1995,4
2844,3,1,2,1979,2
1356,4,2,2,1959,3
1407,3,3,3,2007,2
1178,5,3,3,1956,3
2564,2,2,3,2007,4
2466,3,1,1,1970,3
2959,3,2,3,2012,4
2842,4,3,2,1965,4
2329,5,1,3,1967,4
1366,4,2,2,1999,2
2059,2,2,1,1963,2
1462,2,1,2,2011,1
2644,2,3,1,1971,4
1827,3,3,1,1961,2
2169,4,2,1,1997,5
2811,3,1,3,2006,5
2924,2,2,3,2009,4
1145,5,1,3,1968,2
1379,4,2,3,1974,2
1167,3,3,1,2016,2
2792,4,1,3,1978,4
2298,3,3,1,1995,5
1086,5,3,2,2015,3
1153,5,1,3,1984,2
1496,2,1,2,1977,2
2820,5,2,1,2013,3
1314,3,1,3,1972,4
2854,3,2,3,1996,3
2633,2,1,2,1981,4
1722,2,3,1,2018,4
2583,5,1,1,1960,5
2853,3,2,2,2008,4
2297,3,2,2,2006,4
2729,3,3,1,1991,4
1763,2,1,3,2011,3
2818,2,2,3,1971,3
1261,2,1,1,1966,2
1486,4,3,2,1960,2
1453,4,2,1,1952,2
1442,2,3,2,2007,4
2285,5,2,1,2018,2
1542,4,1,1,2014,2
2128,5,2,1,1995,4
1349,4,3,3,1955,4
1823,3,2,3,1962,2
1437,3,1,2,1959,3
1168,3,1,2,1966,1
2809,4,3,3,2021,4
2366,4,2,3,1964,1
2253,5,1,3,1975,3
1987,5,2,3,1970,2
1675,3,2,2,2021,2
1280,2,3,3,1966,2
2542,4,3,1,1970,4
1721,5,2,1,2014,4
1252,5,2,1,2009,2
1403,3,2,1,1952,2
1132,5,1,2,2003,2
2297,3,3,2,1982,2
1617,3,3,3,1977,2
1231,4,1,3,1991,1
1544,3,3,2,1978,2
1078,3,2,1,2011,1
2058,5,1,1,2005,4
1494,5,2,2,1952,2
2133,3,3,2,1973,4
2344,3,1,1,1975,3
1327,2,2,2,1963,3
1966,3,2,1,2017,3
1689,5,1,1,2016,2
1383,4,1,2,2008,2
2387,4,1,3,1961,3
2255,4,2,3,1950,5
2317,4,1,1,1984,4
1546,5,1,1,1994,3
2729,5,1,2,1986,5
2197,3,1,1,2001,3
1391,3,3,3,1978,2
2125,4,2,3,1970,3
2859,3,3,2,1976,3
2316,2,2,2,1970,5
2108,2,2,2,2007,2
1908,5,3,3,1971,3
2224,3,2,1,1983,3
1684,4,2,3,1951,2
1540,4,2,3,1951,2
1296,2,2,2,1979,2
2039,3,3,3,1964,2
2675,4,1,3,1952,4
1065,2,1,1,1982,2
1957,3,1,1,1960,4
2682,4,3,1,2004,5
2693,3,1,3,1970,5
2935,4,3,3,1988,5
2495,5,1,2,2013,5
2932,5,3,1,1988,4
2604,3,2,3,1998,4
2046,2,1,1,2004,5
1701,3,2,1,1999,3
1759,5,1,2,1996,2
1485,2,3,2,1991,3
2438,5,2,1,1952,3
1820,5,2,2,1995,2
1887,2,2,3,1990,3
2680,2,1,1,1986,5
2919,5,1,3,2011,5
2328,4,1,3,1977,3
1176,2,2,3,1956,1
1194,5,3,3,1991,3
2945,2,2,2,2001,5
2036,2,2,1,1962,3
1875,5,3,1,1970,3
2173,3,2,2,1951,5
2364,5,2,2,2000,5
1556,5,2,3,1967,2
2197,4,2,1,1955,2
1166,3,3,2,1993,4
1708,3,1,3,1956,3
1717,2,2,2,1980,4
2617,2,2,2,1955,4
2603,3,1,3,2003,4
1096,5,3,3,1991,1
1678,3,1,1,1965,1
2100,4,1,1,1968,2
2260,4,3,3,2000,3
2731,3,2,3,1984,5
1290,2,1,1,1956,2
1135,4,2,3,2017,2
2843,4,3,3,1977,5
2831,3,1,1,2005,3
1888,4,3,3,2010,2
1880,3,2,1,2013,3
1366,2,2,3,2000,2
1547,4,3,1,1976,2
1901,4,2,1,2002,2
1247,4,3,2,2008,2
1765,3,3,1,1989,3
2237,3,3,2,2017,1
2787,5,2,2,1969,4
1745,5,2,2,2021,3
1995,5,3,1,1961,3
1328,5,2,1,1969,2
2039,3,1,3,1991,2
2510,4,3,3,1964,4
2197,4,1,2,2000,3
1698,3,1,1,1966,1
1805,5,3,3,2021,2
2760,2,1,2,2012,4
1523,5,3,2,1973,1
2845,3,1,3,1999,5
1218,4,3,3,2013,2
2023,4,3,1,1985,4
2966,4,1,3,1990,4
1512,5,3,2,1993,5
2422,3,1,3,2000,3
2134,5,3,2,2002,4
1463,3,3,1,1953,3
2812,2,3,3,1992,5
2116,2,2,3,2015,5
1450,4,1,2,1954,3
2419,2,3,2,2006,4
2915,5,1,2,1986,4
1923,4,3,1,1984,2
1932,5,2,1,1958,3
1478,3,1,1,1971,3
1315,4,1,3,2018,2
1670,2,2,3,1973,1
1697,2,1,2,1963,3
1992,4,3,2,1955,3
2376,3,3,1,1997,4
1767,4,1,1,1988,2
2262,5,2,1,1969,4
2127,3,3,3,1971,2
1906,5,3,1,2007,2
1877,4,3,2,1983,3
2052,3,3,1,1981,3
1088,4,2,1,2017,1
2420,3,2,1,1967,3
2586,3,2,1,1990,4
1363,4,2,2,1970,3
1146,3,3,1,1972,2
1313,2,2,2,2007,1
1547,2,3,3,1966,4
1795,2,3,2,2010,4
2475,2,3,1,2009,2
1898,5,2,2,1958,3
2529,4,2,3,1993,5
2509,3,3,2,1981,3
1100,4,3,1,1990,1
1856,4,1,3,1950,2
1936,4,2,3,1974,3
2372,3,1,2,1990,4
1616,4,3,3,1980,3
2756,4,2,2,2014,3
1587,4,3,2,1955,3
2250,5,1,2,2018,4
1595,2,3,1,2005,1
1976,5,2,1,2018,3
2611,4,2,1,1960,5
2784,5,2,2,1978,5
2790,3,2,2,1956,4
2073,3,1,1,1977,3
1867,3,3,1,1969,3
1969,2,3,1,2006,4
1721,3,1,2,1963,3
1157,2,3,3,1991,2
1327,3,1,2,1981,1
2100,5,1,2,1977,3
1734,5,2,2,1995,3
1632,2,1,1,1974,4
2477,3,1,3,2008,5
2333,4,2,2,1995,4
1326,5,1,2,1971,3
1507,3,1,3,1980,3
1869,3,1,1,1982,3
2130,4,3,1,1981,3
1240,5,1,3,1968,3
1434,2,2,2,1952,2
2051,2,1,3,1975,2
1703,4,1,1,1989,1
2272,4,2,2,1998,2
2387,2,2,3,2004,3
2748,2,3,3,1991,5
2556,5,3,1,1996,4
2495,2,3,3,1982,4
2562,2,2,2,1997,1
1588,4,3,1,1983,1
2841,2,3,2,2001,4
1412,2,2,1,1964,1
2958,5,1,2,2008,5
1568,3,1,2,2005,1
2654,4,1,3,1961,4
2188,4,1,2,2013,4
1988,5,1,1,1994,3
2599,2,2,1,1960,3
2071,3,3,3,2003,3
2685,5,3,3,1984,5
1483,3,3,3,1983,2
2181,2,1,3,2000,3
1667,3,2,2,1978,2
1150,5,1,3,1986,2
1224,2,2,3,1998,3
2283,4,2,2,1969,4
2410,3,1,1,1993,2
1255,2,2,1,1997,1
1060,2,1,1,1986,1
2887,5,3,3,2009,5
2795,2,2,2,2014,5
2856,5,2,1,1959,4
1395,4,3,2,1950,1
2420,3,3,3,2003,2
2185,4,2,1,1977,2
1379,5,3,3,1992,1
2466,4,3,3,2014,4
1348,3,2,3,1956,1
2992,4,1,3,1959,5
1070,3,2,2,1962,1
1396,4,1,1,1976,3
2461,3,3,1,1972,3
1928,2,3,2,1963,4
1561,5,3,3,1961,2
2158,4,1,3,2014,2
1178,4,1,1,1972,2
1263,5,1,1,1997,1
2334,2,1,1,1986,2
1203,2,2,2,1986,1
2834,5,2,1,2009,5
1698,2,1,1,1968,2
2053,4,2,2,1974,3
1058,3,2,1,1993,1
2032,4,3,1,2018,4
1987,5,3,3,1982,2
2347,4,1,3,1960,5
1166,4,1,2,2010,4
2360,5,3,2,1986,4
1906,3,3,3,1963,3
2402,2,3,2,2018,4
1897,5,2,3,1973,4
1790,2,3,2,2016,2
2726,2,1,3,2005,3
1241,5,3,1,1952,1
2813,3,3,2,1967,4
2980,5,3,1,1967,5
2689,5,1,1,1999,5
1907,4,1,3,1968,3
2183,4,1,2,1951,3
1776,5,1,2,2009,1
2258,4,3,1,1955,4
2476,3,1,2,1994,4
2056,2,1,3,2019,2
1407,3,1,1,2011,3
2112,2,2,3,1969,3
2092,4,3,2,1975,2
2317,2,2,1,1988,4
2260,2,1,3,1984,3
2930,5,3,2,1974,5
2183,4,3,3,1996,3
2855,4,2,1,1952,5
1839,3,3,3,1968,1
1787,2,2,2,1963,5
2313,4,2,3,2011,5
2902,2,2,1,1962,4
1553,2,1,3,2011,2
2927,2,2,2,1985,5
1577,2,1,3,1994,1
1532,3,3,3,1956,2
1334,4,1,3,1973,3
2020,2,3,3,1973,3
2605,4,2,1,2008,4
2525,5,1,3,2013,3
1245,4,1,3,2021,1
2346,3,2,2,1993,4
2770,3,2,1,1982,5
2962,5,1,2,1951,4
2807,2,2,3,1988,5
1610,5,2,1,1963,1
1328,2,1,1,1996,1
1546,5,2,2,1999,1
1338,5,3,2,1978,1
2194,3,1,3,1964,2
2133,4,2,3,1980,3
1993,4,3,1,1989,3
1806,5,1,1,1999,3
2033,3,3,1,1985,3
2225,2,2,2,1984,3
2939,5,3,2,1980,4
2280,2,3,3,1954,2
2285,2,1,1,2020,2
1692,3,1,1,1986,1
1429,3,3,3,1969,1
2530,4,3,1,2007,4
2089,3,3,2,1955,3
1805,5,2,1,2008,3
2696,5,2,2,1987,5
2602,2,2,2,2005,4
1611,4,1,3,1963,1
2612,2,1,2,1955,5
1556,2,3,2,2009,1
2685,4,1,2,1978,4
1490,2,1,3,2008,2
2603,2,3,3,2016,4
1253,4,3,1,2018,2
1016,5,2,1,1958,3
2748,2,3,1,1985,4
2279,4,3,2,1964,4
1727,4,2,1,1956,2
2886,5,3,1,1968,4
2447,4,2,3,1975,3
1500,3,1,2,1970,2
2015,2,3,1,1970,3
2961,5,2,1,1975,3
1006,2,1,3,2013,1
2520,5,3,2,1967,4
2915,4,1,1,1999,5
2626,5,1,2,1959,5
1658,2,2,1,1965,2
1936,2,3,3,2010,2
2441,4,2,1,1982,5
2685,5,3,2,1991,4
1242,4,1,1,1951,2
2242,5,1,3,1992,4
1517,5,2,2,2013,1
1969,5,2,2,1999,4
1108,5,1,3,1992,1
2374,3,1,3,1975,2
1920,4,2,1,2020,3
1065,4,2,2,1977,2
2033,5,1,3,2009,3
1201,4,3,2,1986,1
2817,3,3,3,1992,3
1900,5,3,2,1972,2
1213,2,3,1,2002,1
1067,3,1,3,2018,3
1758,2,2,2,1963,2
1865,4,3,1,1984,4
1326,4,1,1,2017,2
2073,4,3,2,1996,5
1522,3,1,1,1967,3
2844,3,2,2,1981,5
2329,5,2,3,1981,5
2415,5,1,3,1975,5
1987,4,2,3,1968,3
2147,3,2,1,1986,3
2003,4,3,1,1961,4
1503,3,2,1,1985,3
2248,5,2,2,1987,2
1755,4,2,3,2020,3
2341,3,3,3,1950,4
1472,5,2,2,1964,5
2867,2,2,3,1952,4
2914,4,3,2,2005,4
1857,3,3,2,2000,2
1540,3,1,3,1975,3
2381,4,1,3,1960,3
2506,3,2,3,2010,2
1877,2,1,1,2016,3
1939,3,1,3,2016,2
1876,4,3,3,1967,3
2452,3,2,1,1963,4
1796,3,2,2,1997,4
2520,2,3,3,2002,4
1471,5,2,3,2018,4
2594,5,3,3,1956,4
2678,3,2,3,2021,4
1837,4,1,2,1990,2
2887,2,3,3,1951,4
2323,5,2,3,2019,3
2699,4,3,1,2000,4
1083,2,2,2,1953,2
1376,5,1,1,2016,4
2336,5,2,3,2013,3
2652,5,1,1,1969,3
2343,4,2,3,1976,4
1203,4,1,3,1996,1
2378,4,1,3,2014,4
2008,3,2,3,1980,3
2317,2,2,2,1995,3
1503,3,3,3,1952,3
2168,2,1,3,1966,3
1538,4,3,1,1991,4
1574,4,3,2,1990,3
2802,3,1,2,1992,5
1575,4,1,2,2008,1
2014,4,3,3,1961,2
2062,4,1,1,2018,5
1129,5,3,3,1972,1
2473,2,3,2,1956,5
1949,3,2,3,2001,2
2948,2,1,1,1956,3
2068,4,1,3,1967,3
1215,5,1,2,2013,2
2623,4,3,2,1950,4
1847,4,1,2,1995,2
2438,3,2,1,1951,5
1688,4,2,1,1963,3
2002,4,1,3,2013,4
2946,2,1,2,1952,5
2463,2,3,2,1970,4
1616,2,3,1,1983,4
2404,3,3,1,2001,5
2869,3,1,3,2004,4
1984,5,2,1,1987,3
2194,4,1,1,1997,4
2643,4,2,2,1964,5
1405,3,3,3,2005,2
2378,3,1,3,1958,2
1160,5,2,3,1962,1
2575,4,3,2,1969,5
1025,4,3,2,1970,1
1082,2,2,3,1976,1
1998,2,1,2,1964,5
2708,4,1,3,1957,5
1793,3,2,2,2009,3
2093,5,1,2,1986,4
1005,4,2,1,2001,1
1795,2,2,2,1959,4
2218,3,2,2,1968,2
1524,5,3,3,1959,3
1062,3,1,2,1971,1
2036,3,1,3,1997,4
1760,5,3,1,1974,3
1204,4,3,3,1973,3
1896,4,3,1,1975,2
2788,2,3,3,1964,5
2188,4,3,3,2013,5
2054,4,1,3,1956,3
2552,2,2,1,2003,4
2672,5,1,3,2009,4
1876,4,1,1,1954,4
2855,3,1,1,1953,5
1824,4,3,2,1960,5
1908,4,1,1,1978,2
2700,5,1,2,1957,4
1397,3,1,1,1998,2
2482,2,3,3,1992,4
2816,4,1,1,1967,4
2246,4,3,3,2006,4
1633,4,2,2,1998,2
2101,4,1,2,1967,4
1838,5,2,2,1984,5
1599,5,1,2,2011,2
1624,4,2,3,1994,2
2635,2,1,3,1978,5
2961,3,1,3,2014,5
1937,3,2,1,1966,3
2838,2,2,2,2013,3
1883,4,3,3,2004,4
1424,4,2,1,1986,2
1386,2,3,3,2005,3
2262,3,1,2,1971,4
2003,5,1,3,2006,3
1857,4,2,1,2011,3
1622,2,2,2,1951,2
1089,2,2,3,1982,1
1384,4,1,2,1994,1
2998,2,2,2,1980,5
2162,4,2,2,2008,4
1996,4,3,1,1961,4
1646,4,2,2,1966,3
2547,3,3,1,2015,2
2267,2,2,3,1982,2
2528,5,2,2,1964,4
1421,3,3,1,1961,2
2205,4,1,1,1993,3
2218,2,1,3,2001,2
1873,5,1,3,1954,2
2657,4,3,2,2015,5
1052,2,2,1,1994,1
1985,4,3,1,2002,2
2013,5,1,1,1977,3
2951,2,3,3,1970,4
2891,5,3,2,1963,5
1684,4,1,1,1950,3
1178,4,2,2,1971,1
1292,5,2,1,1953,1
2082,3,2,1,2015,3
2077,2,1,3,1965,5
2937,2,2,1,1965,4
2792,3,1,3,1993,4
2268,5,3,2,1985,4
2172,4,3,1,1998,4
1795,4,3,3,2008,3
2391,2,1,2,1961,4
1015,2,3,3,2013,1
1175,4,3,2,1993,1
2563,3,2,1,1975,3
2429,2,3,3,2008,5
2490,4,1,1,1956,3
2903,2,1,1,2009,3
1128,3,3,1,2021,1
2246,5,2,2,1980,5
1883,2,3,2,2021,4
2267,4,1,1,1986,4
1425,3,3,1,2011,4
1749,3,3,3,2015,3
1743,5,1,3,2018,2
2349,5,1,2,1952,4
2627,4,2,2,1996,4
2026,5,2,3,1979,4
1478,2,2,2,1998,2
1975,3,1,2,2013,4
2104,3,3,3,1994,4
1043,3,2,2,1997,3
1154,5,2,3,1981,2
1946,5,3,1,1966,2
2939,5,2,1,1965,4
1927,3,3,2,2018,5
1098,2,2,1,2002,3
2420,2,2,3,1981,5
1170,4,3,3,1975,1
1147,5,2,2,2008,3
1122,5,3,1,1970,1
2022,4,3,2,2015,4
2011,5,3,3,2015,3
2153,4,1,3,1953,1
1067,3,1,3,1976,1
2882,3,2,1,2010,4
1827,4,1,1,2016,3
2752,3,3,2,1985,3
2923,3,2,3,1974,5
1891,2,2,3,1999,2
2631,4,1,2,1990,3
2920,5,1,2,1982,5
2568,2,2,2,2018,5
2309,3,2,3,1999,3
2028,3,1,3,1953,4
2141,2,2,2,1985,4
2675,2,2,3,1988,4
1229,3,2,1,1973,2
1159,4,2,2,1978,2
2317,2,2,3,1969,2
2784,4,3,1,1992,4
2808,5,2,1,1960,5
1185,3,1,3,1984,1
2013,4,2,3,1960,5
1876,4,2,2,1955,2
1551,3,1,1,1988,2
2247,3,3,2,1983,4
2175,5,1,2,1960,4
2163,3,1,1,1972,4
2390,4,1,1,2018,2
2151,2,2,3,1955,2
2374,3,2,2,2018,4
1146,3,2,1,1988,1
2308,2,1,1,1998,4
2492,3,2,1,2006,4
2241,3,3,3,1965,3
1435,2,2,3,1975,2
1731,4,2,1,1998,2
2168,5,1,1,1987,2
2864,5,3,1,1981,4
2300,5,3,2,1962,4
2777,4,3,3,2014,5
1059,5,2,3,2009,1
2633,4,3,1,2009,3
1842,3,1,2,2005,1
2398,5,3,2,1964,5
1403,2,2,3,1959,3
1880,4,3,2,2013,3
2716,5,3,3,1951,4
2137,2,1,1,2019,1
2518,5,3,2,1994,3
1614,4,2,1,2009,4
1335,4,2,1,1964,2
1830,3,3,1,2021,2
2592,4,1,3,2007,5
1284,5,1,1,2008,4
1128,4,2,3,1985,3
2915,2,1,1,1983,4
1314,3,3,1,2019,2
1959,3,1,3,1974,3
2621,4,1,2,2004,4
2735,5,2,3,2009,5
1070,3,3,2,1973,1
1344,5,2,2,1953,2
2121,5,1,3,1970,4
2323,2,2,2,1970,3
2768,4,2,1,1954,5
1883,5,1,3,1968,2
2098,3,2,3,1992,2
1930,5,3,2,1979,1
2046,4,2,2,1997,4
1180,3,1,1,1984,2
2068,3,1,3,2006,3
2492,4,3,2,1952,5
2292,5,2,2,1993,2
1033,5,3,1,1960,3
1677,5,2,1,2010,2
2605,4,2,3,2001,4
2387,2,1,3,2003,3
2731,4,1,2,1952,3
2156,4,2,2,1991,2
1758,5,1,3,1988,3
1381,3,2,3,1984,3
2703,4,1,1,1966,3
1965,5,2,2,1958,4
2300,3,1,2,2009,2
2179,4,3,1,2021,1
1386,2,2,2,1965,2
1534,2,1,2,1981,2
1199,5,3,2,2016,2
1274,3,2,1,1967,2
1458,5,3,2,2008,3
1049,5,3,2,1951,2
1969,3,3,2,2016,3
1987,2,2,2,1988,2
1531,4,2,2,2005,3
2003,4,1,1,2018,3
1627,3,3,1,2021,2
2115,2,1,2,2014,2
2479,2,1,1,1988,5
1338,2,1,3,1988,3
2076,3,2,3,1956,1
2519,2,3,2,2004,4
2658,3,2,3,1955,3
2876,4,1,3,1960,4
2873,5,1,2,1956,5
2800,2,2,1,1959,2
1003,5,2,1,1985,2
2704,5,2,3,2020,2
1280,3,2,1,1957,2
2313,2,2,2,1980,2
1072,2,3,2,1984,1
2160,4,3,3,1991,4
2873,5,2,2,1967,4
1767,5,3,2,2011,4
1970,3,3,2,1970,3
2676,2,1,2,1970,5
1997,2,3,3,1976,2
2416,5,3,2,1959,4
1207,4,1,1,1984,1
1259,5,2,2,1978,2
1929,2,3,3,2014,4
1262,3,1,3,1986,1
1504,3,3,2,1971,3
2573,2,3,3,2014,3
2370,2,2,2,1989,4
1051,4,2,3,1988,1
2616,3,3,1,1963,5
2379,4,1,2,1973,4
2746,4,2,3,2003,4
2542,2,2,1,1998,3
1362,2,2,1,1984,1
1826,2,3,1,1974,2
2401,4,2,2,1966,5
1788,2,1,3,1972,2
2435,3,3,3,2002,4
1770,5,3,3,1999,4
1141,5,1,1,1987,1
2281,2,3,3,2004,4
1796,5,3,3,2015,4
1036,5,3,1,1993,3
1044,4,2,3,1953,1
1919,3,1,3,2015,3
2655,5,2,1,2013,4
2069,5,2,3,1997,2
2675,5,2,1,1952,4
1564,3,1,3,1981,3
1287,2,1,2,1993,1
1785,3,2,1,2007,2
1268,4,3,1,2012,2
2923,2,3,2,1975,4
1790,3,1,2,1951,2
2085,3,3,3,2003,1
2589,4,2,2,1992,3
2993,3,2,2,2004,5
2974,2,3,3,1951,5
1580,2,3,2,1990,1
2265,3,2,1,1975,4
1935,3,1,3,2015,2
2805,4,1,2,1964,4
2787,4,3,1,2014,5
1353,5,3,1,1981,1
1967,5,3,1,1968,3
2886,5,3,3,2010,3
1070,5,2,2,2012,2
1834,2,1,2,2003,1
1412,4,3,1,1997,2
1611,3,3,1,2021,3
2084,4,3,3,1961,3
1614,4,3,2,1964,1
2475,4,3,3,1999,4
2416,4,3,3,2009,3
2654,4,2,2,1993,4
1528,4,2,2,1983,2
2328,2,2,2,1955,4
1190,4,2,1,1976,2
2747,3,3,3,2006,4
2581,5,3,1,2010,2
2628,5,2,2,1987,5
1888,4,2,2,2001,2
2548,5,2,2,1997,4
2763,5,1,3,1986,3
2324,4,3,2,2006,4
1948,5,2,1,1994,3
1814,4,3,1,1980,3
2597,3,1,2,2009,3
1433,3,2,1,1953,2
2066,2,1,3,1999,1
2091,2,2,2,1982,5
2403,5,2,1,1950,4
1211,3,3,1,1965,4
1725,4,2,1,2001,2
1108,3,3,3,1955,2
1967,5,2,3,1998,4
1283,3,3,3,1961,2
1940,5,2,3,2021,3
2960,4,3,2,2004,4
2629,2,2,2,1990,4
2248,3,3,1,1950,3
1736,5,3,3,1950,3
2774,2,1,3,2013,5
2141,4,3,3,1992,3
1931,2,1,1,1955,2
1602,4,3,1,1951,1
2363,5,3,2,1952,2
2824,4,3,1,1993,4
2304,2,3,3,1967,4
1490,5,1,2,2012,3
2198,3,3,3,1970,3
2492,5,3,3,1973,5
2641,5,3,2,2011,5
1800,5,3,2,2019,4
1759,3,3,2,1966,3
2858,4,2,2,2013,4
2165,2,1,1,1986,2
2486,5,1,3,2015,5
1928,2,3,3,2009,4
1297,2,2,2,1964,2
2493,5,2,3,2020,4
1704,2,1,1,1985,1
1814,2,2,1,1997,3
1802,2,1,1,2005,5
1372,3,1,1,2018,2
2491,4,1,1,1999,3
1927,2,3,3,1995,1
1950,5,1,1,1979,3
2461,2,1,3,1979,3
1843,5,2,2,1956,2
1946,4,2,2,1999,2
2743,4,1,3,2000,4
1442,3,1,1,1966,2
2271,5,1,1,2013,4
1141,4,3,3,1958,3
1401,5,1,1,2008,2
2919,5,2,3,2014,4
1822,2,3,3,1968,2
1221,3,1,2,1982,1
1736,2,2,2,1999,4
2889,4,2,2,2008,5
2207,5,2,2,1967,5
2387,5,2,3,2021,5
2840,4,3,2,1951,4
1993,5,1,1,2019,5
2211,4,1,3,1987,1
2204,5,1,2,1953,3
2222,2,2,3,1995,2
2925,2,3,1,2009,5
2093,3,2,1,1956,1
1597,4,3,2,1993,1
1903,5,1,3,2014,3
1484,5,2,3,2004,2
2422,2,2,1,1966,5
2945,4,1,1,1991,4
1550,4,3,1,2008,3
2666,5,3,3,1989,4
2033,2,2,1,2010,2
1002,4,2,1,1993,1
2501,5,2,1,1957,3
2837,5,3,2,2002,5
1661,2,2,3,1987,1
1066,2,3,1,1992,1
1704,5,1,2,1969,3
2120,3,2,1,1981,3
2554,2,2,3,1966,5
2341,5,1,2,2000,5
2080,5,3,3,2000,4
2130,3,2,2,1970,2
1087,4,1,3,1972,1
1971,5,1,1,1975,3
1652,3,2,1,1962,1
1655,4,3,2,2016,4
1911,2,2,1,2014,2
1370,3,2,1,1999,1
1374,2,1,3,1969,1
2747,4,2,3,2014,5
1040,5,1,1,1988,2
1815,4,3,2,1972,3
1090,5,1,1,1974,2
1038,4,3,2,1994,2
2036,4,2,2,1989,3
1899,3,1,2,1991,2
1620,2,3,3,1986,3
1742,4,2,1,1984,4
1042,2,2,3,1981,2
1208,3,2,2,2006,3
1599,4,3,1,2006,4
1604,3,1,2,1951,2
2709,3,1,1,1973,5
1475,5,2,2,1983,5
2661,2,1,2,1978,4
1108,5,2,1,2011,1
2582,2,1,1,1980,3
1213,3,1,2,2011,1
2716,3,1,2,2007,3
1408,4,3,3,1992,3
2576,2,1,2,1955,5
1770,3,3,1,1967,1
1632,3,3,1,1994,2
1076,2,3,1,1956,3
1094,3,1,3,2005,2
1268,4,2,3,1978,1
1360,3,2,2,1953,1
1529,3,3,1,1978,2
1682,2,1,2,2009,4
1161,4,2,1,2012,1
1464,3,3,1,1965,3
1822,5,2,1,1999,3
2587,4,2,3,1954,4
1547,5,1,2,1967,3
2973,3,3,2,2014,4
2210,3,1,3,1991,4
2905,2,2,3,1992,3
2783,4,2,2,2019,5
1051,5,3,3,2017,4
1487,3,3,3,1953,2
2554,3,1,1,1950,3
2419,2,1,2,1952,2
1091,2,1,1,2009,2
2839,4,3,1,2001,4
1356,4,3,2,1956,2
2771,4,1,3,2006,5
1718,2,3,1,2015,1
2167,2,3,3,1950,4
1198,4,1,1,1951,1
1814,3,2,3,1981,3
2346,3,1,3,1965,4
2355,3,1,1,1986,4
2287,2,1,1,1979,4
1216,4,1,1,1950,1
2724,2,2,2,1978,3
1555,5,3,3,1995,2
2457,3,1,1,1967,3
1802,3,2,1,1987,3
1700,5,2,3,1967,2
1502,2,3,1,1975,2
1468,5,3,1,2002,4
2729,5,2,1,1972,3
2805,2,1,2,1984,3
1365,5,2,3,1959,3
2795,5,3,2,2007,5
2262,2,3,2,1995,4
1623,2,3,3,2006,2
2604,3,3,3,2007,5
1919,3,3,3,1967,3
1560,5,3,3,1981,1
1822,3,1,1,1956,3
1966,4,3,1,1993,2
1662,2,2,3,1982,2
1750,4,2,1,1963,3
2872,2,1,2,1951,4
2419,5,3,2,2002,4
2418,2,3,3,1976,3
2650,3,3,2,2020,4
2098,5,3,2,2019,5
2121,2,3,2,1952,3
1382,5,3,3,1995,2
2646,5,1,2,1983,2
2892,5,1,3,1989,4
2393,4,2,1,2003,3
2308,3,2,2,2008,5
2279,5,2,2,2001,3
2853,3,3,1,1999,3
1308,2,1,1,1985,1
1175,3,3,2,1993,1
1346,4,1,2,2016,2
2641,2,2,1,1993,4
2365,4,2,2,1977,4
2919,5,2,1,1977,5
2985,3,2,1,1975,4
2262,5,2,1,1965,4
2020,5,1,2,1981,5
2711,4,3,1,1975,4
1349,4,1,2,1956,2
2978,3,1,2,1995,4
1454,2,3,1,1984,1
1440,2,2,1,1994,1
1760,3,2,1,1983,4
2611,5,3,2,1977,4
1514,2,1,2,2008,2
2104,4,3,1,2018,4
2384,3,1,3,1966,4
1287,3,3,2,1974,1
1007,5,3,2,1962,2
1997,2,2,3,1955,3
1285,5,1,1,1973,2
2422,3,1,3,2004,4
1073,3,2,2,1964,1
2462,3,2,3,1981,5
2146,3,2,1,2013,4
2400,4,1,2,2002,4
1805,4,3,1,1994,3
2166,3,2,1,1982,4
1157,3,3,1,1975,1
2433,5,1,3,1960,4
2394,2,3,2,1985,4
2132,4,1,3,1977,4
1845,3,2,1,1963,4
2730,3,2,2,1980,3
1035,3,1,1,2003,2
2113,3,3,2,2015,3
2020,5,1,2,1993,3
1973,4,1,3,1966,5
2438,2,2,1,1950,4
2997,3,2,2,2014,5
2017,5,2,1,2013,3
2319,5,1,3,1955,4
2865,3,1,3,2003,5
1712,3,3,1,1971,1
2069,2,1,2,2014,2
1487,4,1,3,1953,2
1618,2,3,3,1965,2
1169,4,2,2,1996,3
1145,5,2,2,1977,3
1867,5,3,3,1969,3
2713,2,1,3,1983,2
2959,2,3,3,1958,5
2026,5,1,1,1953,2
2617,5,2,2,1987,4
2286,3,1,1,1993,3
1798,3,3,2,2006,2
1320,4,3,2,1972,2
2630,5,3,1,2018,5
2599,5,3,2,1973,5
1245,5,3,1,1974,2
2612,5,3,1,1972,5
1476,5,1,3,1960,1
2282,4,2,3,2005,5
2116,3,2,1,1984,2
2826,3,2,1,2004,4
1782,2,1,1,2004,2
1532,5,1,3,1952,4
2597,5,3,3,2004,3
2362,3,2,2,1959,2
2947,5,1,2,1959,5
2283,5,1,1,1950,3
1236,5,2,3,1976,2
2164,3,1,2,1980,5
1974,2,3,1,1956,4
2970,3,2,2,1988,4
2967,5,3,1,1952,3
1678,3,1,1,1983,3
1578,5,1,3,1953,3
2373,3,2,2,1988,4
2593,3,1,2,1982,3
2747,2,2,3,1995,5
1129,5,1,2,1971,2
2560,4,3,2,1973,4
1010,4,3,3,1996,2
1256,5,2,3,1957,3
1815,3,1,3,2010,2
1368,4,2,1,2000,1
1943,5,1,3,2012,3
2417,4,2,1,1988,5
2442,2,1,2,1971,4
1881,5,2,1,1977,3
2460,4,3,2,2005,4
1504,4,1,2,1951,3
2057,3,1,1,2019,3
2311,4,3,1,1979,4
2867,2,1,1,1962,4
2002,3,2,2,1987,4
1254,2,1,3,1999,3
1637,2,2,2,2002,3
2744,2,1,1,1979,5
1396,5,1,2,2005,2
2510,5,3,3,1986,4
2621,3,1,2,1985,2
2610,2,2,1,1956,3
1646,4,1,1,1989,3
2836,3,2,2,1992,4
1684,5,3,1,1978,2
2236,4,2,2,1997,4
2856,3,1,1,1986,4
2373,4,2,2,2019,4
1018,2,2,1,2005,1
2010,4,2,2,1974,3
1118,2,1,2,2002,1
2838,3,1,1,2001,2
1301,2,2,2,1973,2
2308,4,2,1,1992,5
1226,2,2,1,1984,1
2530,2,3,3,1989,3
2524,3,1,2,1979,5
2235,2,1,2,1997,3
1355,5,1,1,1983,2
1700,3,1,2,1996,2
1486,4,3,2,1974,1
2344,3,1,2,2010,3
1222,4,1,1,2020,1
2663,2,2,1,1980,4
2783,3,1,1,1983,5
2586,4,3,3,1962,5
2214,5,3,3,1974,3
1994,2,3,3,1981,3
1499,2,3,3,1974,3
2518,4,3,3,1996,5
2260,5,1,1,2001,4
2045,2,2,3,2007,2
2645,3,2,3,1972,4
2350,4,1,2,1983,5
2568,5,2,3,1997,3
2150,4,2,1,1951,3
1364,2,2,3,1977,2
2891,5,1,2,2008,5
2067,4,1,1,1957,4
1518,4,2,1,1986,1
2151,4,1,2,1954,2
2626,3,3,1,1978,4
2153,3,3,1,1967,3
1528,3,2,1,1999,2
2344,3,3,2,2008,4
1185,2,3,3,2002,2
2645,4,1,2,1968,3
1797,3,3,1,2002,3
1981,2,2,2,2016,2
2504,2,3,3,1955,5
1921,5,3,2,1957,4
2698,3,1,3,1959,3
2982,3,1,3,1986,5
2610,4,1,1,1958,5
2734,3,3,3,1998,4
2947,3,1,2,2010,5
1920,2,1,2,2011,4
1956,4,1,3,1963,3
1360,4,2,3,1983,2
2310,5,2,2,2009,3
2474,3,3,1,1997,5
1562,3,2,3,1954,3
1313,5,3,1,2020,2
2569,3,3,1,2014,3
1954,4,1,1,1965,2
1020,5,2,3,1975,1
2719,3,2,3,1978,3
1804,5,3,2,1976,5
1575,4,1,3,1991,4
2520,4,3,1,1995,5
1402,2,1,2,1956,2
2147,3,2,3,1969,2
1612,5,3,3,1993,1
2142,2,1,2,2003,2
2613,2,1,1,1951,5
1969,2,3,3,2015,1
1692,2,3,1,2009,3
2500,4,2,3,1981,4
1958,4,1,2,2000,2
1871,4,1,3,2010,3
2725,5,1,3,2020,5
1839,3,1,1,1971,2
1102,4,2,3,1964,1
2901,2,2,1,2007,5
2482,4,3,3,1995,5
2153,5,1,3,1950,2
1752,4,3,1,1992,3
1133,5,1,1,1979,2
2180,4,2,2,1994,3
1424,2,3,3,1958,2
2458,5,3,2,2004,3
2412,2,2,3,1973,4
1936,4,2,3,1990,3
2341,2,2,3,1957,4
2693,3,1,3,1960,5
1504,3,1,3,1978,1
1870,5,3,2,1975,2
1189,3,3,1,2020,1
1611,3,2,2,1989,2
2434,4,1,2,1959,5
2969,4,2,2,2017,5
1051,3,2,2,1984,1
2584,5,1,3,2003,4
2469,3,3,1,1973,5
1611,4,3,3,2009,2
2467,2,3,3,2007,3
2405,5,3,1,1975,4
1373,3,1,2,1976,4
2999,2,1,3,2008,4
2589,5,2,2,1979,4
1374,5,3,1,1981,2
1388,4,3,2,2008,1
2672,3,1,3,1975,5
1673,3,2,3,1991,3
2889,5,1,2,1973,5
1803,2,1,1,1983,3
2502,2,3,3,1950,5
1403,2,1,1,1999,1
1592,2,1,3,1971,1
2491,3,3,3,1974,2
1731,4,3,1,1978,4
2620,2,3,1,2020,3
1504,2,3,1,2013,2
1082,4,1,3,2000,3
1318,3,1,3,1975,1
2090,4,3,3,1998,4
1413,4,1,2,1985,2
1452,2,1,3,2019,2
1745,4,2,2,1988,3
1197,4,2,3,1990,1
1258,3,2,2,1953,3
2712,2,1,3,1963,3
1297,2,3,2,1995,3
2303,5,1,2,1974,4
1299,2,2,3,2002,1
1128,3,1,1,1980,1
1497,3,2,3,1954,1
2906,3,3,1,1990,5
2715,5,3,2,1977,3
2315,3,3,1,1994,5
1206,2,2,3,1997,1
1293,5,2,2,2012,3
2963,2,2,2,1980,4
2873,5,1,2,2013,5
2710,4,2,3,2015,4
1178,4,2,2,1958,1
2493,4,1,1,1984,5
2215,2,1,1,1975,3
1343,2,1,2,1951,4
2772,3,1,3,1997,5
1815,2,2,3,1997,1
2996,3,2,1,2018,3
1736,4,3,1,1973,4
1625,3,3,1,1999,2
1277,5,1,1,2002,2
2378,4,2,3,2007,3
1528,4,3,3,1994,2
1085,3,2,3,1973,2
1316,5,2,3,1975,1
2880,2,2,1,1969,4
2925,4,1,3,1962,5
1692,2,3,1,1970,5
2360,4,2,3,2017,2
1862,4,2,1,1957,3
2168,4,2,3,2006,1
1224,3,1,2,2020,2
2446,5,1,2,1952,5
2077,4,2,2,2017,4
2967,2,1,1,1961,5
2956,3,3,3,2001,5
2839,5,2,3,1983,4
1067,4,3,3,1970,1
2642,3,1,3,1965,4
2357,2,2,3,1977,3
2020,5,2,2,2011,4
2100,4,3,1,1978,2
2562,5,3,1,1986,5
1855,2,3,2,2019,3
2178,3,2,1,2008,4
2095,3,1,1,1976,3
2524,2,1,3,1971,4
2470,4,1,3,1951,3
2582,5,3,3,1955,5
2777,2,1,2,1972,4
2382,2,2,3,1963,3
2300,4,1,1,2008,4
1882,2,3,3,2017,2
2336,3,3,1,1970,3
2128,4,3,1,1974,4
1970,4,3,3,1989,3
2118,3,1,3,2011,3
2242,2,1,2,1971,3
2705,4,2,1,1977,3
2967,4,1,2,1966,4
2818,2,3,1,1983,4
2151,4,3,3,1954,1
1199,2,3,1,1956,1
1331,3,3,1,2020,1
1546,2,3,2,2021,1
2889,2,1,3,1999,5
2679,3,3,3,1983,4
2315,2,2,3,1953,3
2995,5,3,2,1973,5
1730,4,2,3,2007,1
1567,3,2,3,1980,2
1656,3,2,2,1961,2
1403,4,2,2,2006,3
2748,4,1,3,2001,5
2629,2,3,2,2008,4
1617,2,1,2,1954,1
1595,2,1,2,1982,2
1647,4,1,1,2004,3
1145,4,2,2,1994,1
1760,4,2,1,2018,2
2553,2,2,3,1956,5
2425,4,3,1,2021,5
1124,4,3,1,1985,2
2537,5,3,3,1963,3
2355,3,2,1,1953,2
1479,3,2,3,1973,1
2001,4,2,1,1985,3
1711,2,1,2,2010,1
2673,5,2,1,1982,5
1714,3,1,2,2011,3
2421,5,2,1,1972,4
2817,5,2,3,1965,5
1814,5,1,3,1967,4
2053,4,2,1,1990,2
1055,3,3,3,1969,2
2654,3,3,1,1956,5
2961,2,1,3,1950,5
1131,4,2,2,1990,3
1230,5,2,2,1990,2
2175,5,1,1,1984,5
2525,5,2,2,1954,3
1981,2,3,3,1965,2
1962,2,3,1,1992,4
1932,2,3,2,1977,4
2529,5,1,3,1951,5
2409,5,3,1,1963,3
1907,4,3,2,1977,3
1532,3,1,1,2002,3
1964,5,2,1,2013,1
1447,4,2,1,1988,2
2603,5,3,3,1994,4
1125,5,2,1,2002,4
1554,2,3,1,1963,1
1693,2,2,3,1988,1
1488,2,3,3,1975,1
1890,2,3,2,1979,3
1445,5,1,1,2005,1
2493,2,1,1,1993,3
2372,5,1,1,2004,3
1507,5,2,3,1985,2
1456,3,2,3,1962,2
1985,3,2,3,1991,2
2775,5,1,1,2002,4
1384,3,3,3,1951,2
1711,4,3,3,1975,4
1928,3,1,3,1977,2
2471,2,1,1,2008,3
2651,4,2,2,1994,4
2138,4,2,1,2014,4
1451,5,3,3,2002,3
1653,5,1,1,2002,2
2142,5,2,2,2020,1
2116,5,2,1,1952,3
1520,2,2,3,2016,2
2608,2,3,3,1990,3
1537,5,2,1,1964,1
2456,3,1,3,1984,4
2774,3,2,3,2012,4
2897,3,3,3,1964,4
1144,2,1,3,1951,4
2091,5,2,2,1995,4
1699,3,3,3,2010,1
1130,5,3,1,1993,2
1732,3,3,2,1954,3
2304,2,3,1,2005,3
2812,4,2,2,2003,5
2675,2,2,2,1973,5
2589,5,3,2,1997,4
1512,5,3,3,1971,2
1639,2,3,1,1968,2
1000,4,3,3,1963,2
2708,5,3,2,1971,4
1431,2,3,3,1991,2
1390,4,3,1,1983,4
2289,4,2,1,2002,3
1398,4,1,1,1950,1
1807,5,1,3,1963,3
2279,4,2,2,2007,4
1394,2,3,2,1960,1
1951,5,2,2,1999,2
1173,4,3,2,1952,2
2068,3,1,3,1961,2
1854,4,2,1,1990,2
2164,4,1,1,2019,3
1538,5,2,2,1955,2
1744,2,2,1,1964,3
1720,3,1,3,1960,2
1049,5,1,2,1959,3
2084,4,1,3,1996,3
1242,5,3,3,2017,2
2292,5,1,2,1971,5
2163,3,1,2,1977,4
2180,4,1,3,1972,4
1596,5,2,3,1982,4
2619,2,3,1,1957,4
1275,3,2,2,1985,1
2054,5,3,2,2015,2
2815,5,2,1,1978,5
1714,5,2,1,1954,2
2958,5,3,3,2018,4
1809,2,1,2,1986,4
2678,2,1,1,1987,3
2475,5,1,1,2002,3
2472,2,2,1,1985,3
1927,3,1,2,2012,4
2930,2,1,2,2019,4
1861,3,1,1,1999,2
1036,4,2,3,2011,1
2682,4,3,3,2011,4
2970,2,2,3,1978,4
2763,2,1,3,1973,4
1033,3,3,3,1985,1
1454,5,2,2,1959,2
1443,3,1,2,1956,2
2260,4,2,3,1987,3
1211,5,2,2,1998,2
2844,3,1,3,1954,5
2163,2,1,1,1998,2
1701,4,3,3,1999,2
1607,4,3,2,1996,2
1981,3,1,3,1952,3
1360,2,2,1,1957,1
1303,3,3,3,2007,3
1295,4,1,3,1969,1
1151,2,3,2,1965,2
2969,4,1,1,1961,5
2246,4,2,1,1951,4
2219,5,1,1,2003,3
1599,2,3,3,2016,1
2322,4,1,1,1974,3
2552,3,2,3,1958,3
2511,2,3,2,1995,4
1210,3,3,2,1980,2
1869,3,1,2,2020,2
1694,2,2,1,1992,3
2697,3,2,3,1986,5
1366,2,2,1,1979,3
2605,3,3,2,1983,5
1571,2,2,1,1953,3
2202,3,1,2,1955,3
2507,4,3,2,1989,4
2612,3,1,1,1968,2
2518,4,2,2,1959,5
2992,4,2,2,1983,5
2570,3,1,1,1965,2
1929,3,1,1,2016,3
2039,4,2,3,1965,2
1465,5,1,1,1980,2
2425,2,2,3,1972,4
1293,3,1,1,1987,2
2055,2,1,1,1974,3
2238,2,1,3,2001,4
1557,4,1,1,2015,4
1188,3,3,1,2015,3
1785,5,2,3,2017,2
1582,2,3,2,1983,2
2001,3,1,1,2021,2
2831,2,2,3,2015,4
1599,2,2,1,1964,3
1845,3,1,1,2021,3
2969,3,3,2,2013,5
2284,3,2,2,1982,4
2205,4,3,3,1950,4
2528,3,2,1,1997,3
1341,2,1,2,2017,2
1953,3,2,1,1951,2
1021,4,1,3,1954,1
2097,4,1,3,2019,4
2625,3,1,3,2006,3
2870,2,2,2,1976,4
1233,2,3,2,1981,1
2398,5,2,2,1966,2
2456,4,3,2,1985,4
1640,5,3,2,1966,3
2357,4,3,3,2011,2
2827,2,1,2,1964,5
1606,5,2,3,1963,5
1539,2,2,2,2010,2
2889,4,1,1,2015,5
2058,2,2,2,1977,1
2467,5,1,1,2009,3
2254,3,3,3,1955,4
1317,3,1,1,1991,2
1342,4,1,3,1953,1
2453,3,3,3,1958,4
2899,4,2,1,1967,4
1978,2,3,1,1953,3
1636,2,1,2,1954,2
2489,5,2,3,2012,4
1892,3,2,1,2017,2
1572,2,3,2,1989,2
1448,5,2,3,2005,2
2752,3,3,2,2003,4
1281,4,2,2,2017,2
1674,5,1,2,1981,4
1056,5,2,3,2015,4
1643,3,3,1,2007,3
2486,5,2,1,2021,5
1041,2,1,2,1973,2
2509,2,2,2,1989,4
2196,2,2,3,2018,2
1678,5,1,2,1963,1
2273,3,3,3,1990,3
2533,2,2,2,1974,5
1501,4,2,1,2002,2
2216,5,2,3,1997,2
1789,3,3,2,1974,4
1749,3,1,3,1995,1
1741,3,1,1,2010,2
1164,5,2,2,2017,2
1754,4,3,3,1968,1
1089,4,1,3,1969,2
2714,5,2,2,1976,5
1986,2,2,2,1972,4
2081,2,2,1,1988,3
2286,2,3,1,1993,3
1647,5,3,3,1996,2
1749,5,2,2,1988,2
1818,4,2,2,2011,3
1242,2,2,1,1991,2
1662,2,2,2,1997,3
1857,3,2,1,2007,3
2899,5,3,2,1975,5
2782,5,3,2,1956,3
1218,5,1,2,2014,2
1429,4,3,2,2004,1
2829,4,3,3,2012,3
2902,5,1,1,1967,5
1012,5,1,2,2003,2
1906,5,1,2,2005,2
1969,5,3,3,1975,3
2248,4,1,3,1985,3
2766,2,3,1,1956,5
1689,5,3,3,1980,1
2782,3,3,2,1971,3
2090,4,2,2,2012,5
2832,3,2,3,1992,2
2692,2,3,2,1989,4
1676,4,1,2,1951,1
2526,2,2,2,2002,5
1183,5,2,2,1981,2
2004,4,2,2,1950,3
1527,2,1,3,1987,1
2323,2,1,2,1994,3
1817,3,2,3,1953,3
2002,4,2,1,1990,4
2264,2,1,3,1997,4
2998,5,1,3,2010,5
2765,5,3,3,2019,4
1901,2,1,1,1957,2
2553,4,2,2,1968,4
1243,2,2,3,1974,1
2586,3,3,1,1958,4
1770,3,1,2,1996,1
1237,2,3,3,2015,2
2269,3,3,1,1993,4
2507,3,3,3,1974,5
1309,5,2,2,1961,2
2307,3,3,2,1961,5
1037,4,2,2,2020,1
2819,5,2,1,1988,4
1031,3,3,3,2004,2
2266,2,1,2,1988,1
2576,5,2,2,2001,3
1291,2,3,2,1978,1
2638,3,1,2,1991,4
1291,3,1,1,1961,4
2642,3,2,2,1980,5
1757,2,1,1,1987,5
2405,5,2,2,1984,4
2622,3,1,3,2010,3
1577,4,2,1,2004,2
2161,3,3,3,1964,3
2861,5,1,3,1965,3
2223,5,2,3,1968,4
2358,4,1,1,2007,4
1446,5,1,3,1979,2
2371,5,3,2,2005,2
1277,5,1,2,2002,1
1993,2,1,2,1974,3
1531,5,3,2,2021,1
2824,5,3,1,1963,4
2422,2,2,2,1967,5
2414,3,2,2,1957,4
1983,4,3,1,1981,3
1601,2,1,1,2004,2
1561,2,3,2,1964,1
2033,2,2,1,1967,2
1590,5,2,2,1961,2
2572,3,1,2,1963,4
1058,3,2,3,2007,2
2111,3,1,3,1968,4
1458,4,3,3,1987,2
1103,3,1,2,2013,2
1830,4,2,1,1996,2
1788,5,2,2,2017,3
1103,3,2,3,1977,3
2277,4,2,2,1970,5
1741,5,1,1,1985,1
2358,5,1,1,1951,5
2486,4,1,2,1966,3
2572,5,1,1,2014,2
1300,5,3,1,1976,2
1653,3,1,3,1991,3
1554,4,1,3,1956,1
1627,5,1,2,2015,4
2364,2,2,2,2014,3
2515,2,1,1,1993,3
2107,5,3,1,1967,4
1928,3,1,1,1980,3
2282,2,3,2,2003,4
1359,3,2,3,1991,1
1086,5,2,1,2015,2
1427,4,1,2,1959,2
1366,5,3,2,1957,1
1342,5,2,2,2020,1
1346,2,3,2,1954,2
2826,4,2,2,1959,4
2944,3,2,3,1974,5
1095,3,3,1,1957,2
2278,4,3,1,2004,4
2159,2,2,2,2000,4
2271,5,3,3,1979,5
2522,3,1,2,1959,5
1883,2,3,2,1993,4
2981,3,2,3,1960,5
1485,2,3,3,1995,1
2425,3,1,3,1994,4
1603,3,3,1,1988,2
1411,4,3,1,2000,3
2994,4,3,3,2015,5
2931,2,3,2,2012,5
1447,4,1,1,1972,2
1246,5,2,3,1954,2
1698,2,2,1,1981,3
2283,5,3,2,1958,4
2192,2,2,1,2004,4
1940,2,2,3,1961,4
1876,5,2,2,2012,3
2134,5,1,2,1956,4
2313,2,3,1,1978,3
2622,3,3,1,1992,5
1012,3,2,1,1957,1
2286,2,1,2,2017,3
1799,4,1,2,2013,3
2046,2,3,1,2004,3
1944,2,3,1,1978,4
1199,4,1,3,1997,3
2265,5,1,1,1988,3
2262,2,1,1,1998,1
1302,3,3,1,1961,3
2188,5,3,2,2017,5
1737,5,3,1,2004,3
1175,2,2,1,1999,1
2052,3,1,1,1969,4
1676,4,2,1,1955,2
1534,4,1,3,2000,3
2317,4,1,2,1986,3
1476,3,2,3,1981,4
1382,5,3,1,2020,1
1555,5,2,3,2009,1
2796,2,1,1,1990,5
2715,5,3,3,1979,5
2319,5,2,3,1968,4
2674,4,3,1,1971,4
1333,4,2,2,2009,1
2264,5,3,1,1991,4
2129,2,3,2,2003,2
1897,5,3,1,1999,2
1930,2,3,3,1967,3
1684,5,2,3,1957,3
1560,3,3,3,1956,1
1122,5,2,1,2006,1
2058,3,3,3,1986,4
1617,2,2,1,1983,3
1987,5,2,2,1989,4
1839,5,2,1,1984,3
1415,2,3,2,1954,2
1707,4,1,1,2020,3
2644,4,1,1,1956,4
1636,3,3,2,1961,3
2350,5,1,1,1989,4
2318,4,1,3,2012,5
2455,2,3,2,1991,4
1036,5,3,3,1955,1
2723,3,1,2,1957,5
1511,2,2,1,1958,1
1848,5,2,3,1950,3
2993,3,2,1,2005,5
2923,4,2,2,1988,5
1534,5,2,3,1982,1
1909,3,2,2,2020,3
1772,2,3,1,2011,3
2729,4,3,3,1963,4
2901,2,1,3,1966,5
1663,2,2,1,2000,2
2041,4,2,1,1955,3
1026,5,1,2,1964,1
1535,5,3,3,2013,1
2052,5,2,2,1980,5
2674,2,3,2,1988,5
2007,2,3,2,1997,2
1657,5,3,2,1954,2
1639,4,2,2,1978,5
2903,2,3,1,1957,4
2155,5,1,3,1980,3
2312,5,1,3,1979,5
2741,2,1,3,1981,4
2259,5,3,1,2013,4
2183,2,3,2,1950,4
2787,5,2,3,1999,4
2714,4,1,3,1969,5
2148,3,3,1,1991,4
2283,2,2,2,2004,4
2299,4,3,1,1964,5
1212,2,3,3,1952,1
2986,2,2,1,1953,4
2496,2,2,2,1967,4
1701,4,3,2,1962,4
2593,3,1,2,1968,4
2454,2,3,2,2000,5
2738,5,3,1,1984,5
1079,3,1,2,2007,2
1954,5,1,1,2016,3
2251,2,3,3,1953,4
1901,5,2,2,1959,3
2118,3,3,1,1995,3
1423,4,1,3,1979,1
1918,3,3,2,2020,3
1515,2,2,2,1994,2
1164,4,2,3,1991,1
2449,2,1,3,1999,4
1996,3,2,2,2019,3
1992,4,2,3,1991,2
1892,3,1,2,1972,5
2015,3,1,1,2006,2
2065,2,1,1,1994,1
2820,3,1,3,2006,5
1740,5,2,3,1990,2
2426,2,3,3,1976,3
1754,5,3,1,1967,2
2747,4,3,2,2000,5
1415,5,3,2,1980,1
2323,3,1,1,2018,4
2078,4,3,1,2013,3
2453,2,3,2,2012,4
1971,5,3,3,2015,5
1684,3,3,2,1965,2
2357,2,2,2,1999,2
1740,4,2,1,1976,2
2429,5,1,2,1993,3
2558,5,1,2,1989,5
2540,4,1,1,1993,4
1574,5,2,2,1961,2
1826,5,3,3,1984,2
1593,5,1,3,1970,3
2517,3,2,3,1985,3
1753,5,3,2,1996,1
2276,4,2,3,1956,5
2587,4,3,1,2001,2
2344,4,3,1,1975,4
2062,3,2,3,1992,5
2020,5,2,3,2013,3
2488,5,1,3,1961,3
2794,4,1,1,2011,4
2862,4,3,3,1973,5
2434,4,3,2,1965,4
2435,4,3,2,1973,5
1491,3,1,1,2006,2
1437,2,1,3,1955,1
1478,2,2,3,1974,2
1782,5,1,2,1968,3
1948,4,3,1,1976,1
2007,2,1,3,1988,5
1071,2,3,3,1955,1
1581,5,2,1,1967,3
1219,3,2,1,2014,1
2027,5,1,2,2004,5
2002,4,2,3,2009,4
2936,3,3,2,2015,4
1289,5,1,1,2021,2
2925,2,3,1,2019,5
1803,5,1,2,1977,3
2378,4,1,3,2019,4
1742,4,3,3,2017,1
2958,5,2,1,1974,4
1079,3,3,1,2006,1
1065,4,3,2,1967,3
1135,2,1,3,1964,2
1346,3,3,3,1986,2
2871,4,1,2,1972,5
2984,4,2,3,1993,4
1058,2,3,3,2002,1
1777,5,1,3,1989,2
1518,3,2,1,1991,3
2903,3,1,2,2005,4
1713,3,2,2,1979,2
2867,3,2,2,1997,4
1976,2,3,3,1994,2
2260,2,1,2,1992,2
2803,2,2,2,2011,3
1078,4,3,3,1961,2
2581,2,1,1,1956,3
2778,2,3,3,1992,5
1114,5,2,3,2001,1
1985,5,3,1,2010,1
2485,2,1,3,2017,4
2649,2,1,2,2000,3
1125,4,1,3,1964,1
1964,5,2,1,1991,3
1499,4,2,1,1999,2
1828,2,1,1,1968,3
2125,3,1,3,1994,1
1625,5,3,1,1970,2
2197,5,2,3,2005,3
1451,3,3,3,2005,3
2115,3,2,3,1999,3
2718,3,1,1,1987,4
1362,4,1,3,1981,1
2730,4,1,2,2004,4
2840,3,3,1,1993,4
1497,2,1,3,1983,2
1536,5,1,2,1970,2
2257,3,2,2,1969,3
1980,3,2,3,1999,2
2164,4,2,1,2005,2
2971,4,1,1,1972,5
1619,5,1,2,2012,2
2443,2,3,1,2007,3
2479,3,2,1,1956,5
1299,3,2,1,1978,1
1302,5,1,2,1985,1
2915,3,3,1,1979,5
1591,4,1,2,1983,2
1075,2,1,2,2002,1
2811,4,3,1,1998,4
1913,3,2,3,1977,4
2973,5,1,1,1952,5
1779,4,1,3,1973,2
2647,2,2,2,1969,5
1920,5,2,3,1957,2
2339,3,3,3,1967,3
2523,3,2,2,1998,4
2098,5,1,1,1966,3
2749,4,2,1,2013,4
1365,4,3,2,1953,1
2569,5,1,1,1972,4
2005,2,3,3,1983,2
2701,5,3,3,1999,4
1395,2,3,2,1950,3
2254,5,3,3,1984,4
1803,2,2,2,1970,3
2051,3,3,1,1984,2
2498,3,3,2,1972,4
2318,4,3,2,2008,3
1844,5,1,2,2014,2
2450,3,3,2,1980,2
1871,5,1,3,1976,3
2114,5,2,3,1981,3
1114,2,3,2,1977,2
2182,3,3,2,1971,5
1372,4,2,3,1952,1
1849,4,1,3,2011,2
1089,5,3,1,2000,2
1756,4,2,3,1997,1
2321,5,2,1,2016,5
1030,3,3,1,1972,1
2852,5,1,1,2008,4
1357,4,1,3,1956,2
2847,3,2,3,2000,4
1469,4,2,3,1960,3
2874,5,1,1,1990,4
2151,4,2,3,1996,3
2805,3,1,3,2006,4
1269,5,3,3,1991,2
2521,2,1,2,1977,5
2436,2,1,2,1995,3
1208,2,1,1,2018,1
1689,2,3,2,1964,3
2329,4,3,3,1997,4
2214,5,3,3,2010,4
2380,3,2,3,1999,5
1456,2,3,2,1995,2
1067,3,1,2,1976,1
2862,4,2,2,2014,4
2802,5,2,2,2003,5
2805,2,1,3,1977,5
1873,3,1,2,1953,3
2383,4,2,1,2009,3
2410,4,3,3,2008,4
1127,5,3,2,2012,1
2799,3,3,3,1993,5
1732,2,3,2,1961,3
2777,2,3,3,1994,5
2508,3,1,1,1961,4
2267,3,3,2,1981,3
2962,5,2,1,2002,5
2042,2,3,1,1980,2
2419,4,2,3,1967,3
2690,4,2,3,1955,4
2252,2,1,1,1952,3
1367,3,1,3,1962,2
2304,4,1,3,2019,4
1556,3,3,3,1961,3
2125,5,2,2,1956,4
1047,3,2,2,2003,2
1561,3,1,1,1953,2
1592,3,2,2,1961,1
1811,4,3,3,2010,1
1058,3,3,3,2020,1
1160,2,1,3,1992,1
1102,4,2,3,1979,1
1845,3,2,2,2000,5
1411,3,3,3,1968,3
1785,5,3,3,1978,1
1182,3,1,3,1994,1
1416,4,1,3,1970,2
2139,3,1,1,2016,4
2897,4,1,2,1972,4
1398,2,3,1,2012,1
1956,3,1,3,2010,1
1778,4,3,3,2010,3
2699,2,2,3,1967,5
1654,4,1,3,1994,2
1436,3,3,1,1975,1
1317,4,2,3,1966,1
2839,3,1,1,1968,3
1605,4,1,2,1966,1
2273,2,3,3,1961,2
1910,3,3,2,1990,2
2470,2,3,2,1956,4
1496,3,1,3,2015,4
2366,4,2,2,1952,3
1426,2,1,1,2002,2
1817,3,1,3,1985,2
2851,2,3,3,2003,4
2022,5,2,1,1989,3
1239,2,1,3,2018,2
2082,3,3,3,1972,3
2550,4,1,1,1955,4
1796,5,3,3,1990,2
1202,5,1,2,1984,2
2489,2,1,3,1971,4
2319,3,3,1,1953,3
1286,2,1,2,1985,1
1072,5,2,2,2008,2
1725,5,2,1,1986,3
2546,5,3,2,2007,3
1336,2,2,2,1981,1
2760,5,2,3,1964,4
2341,4,1,3,2009,4
1202,3,2,2,1969,2
1230,5,2,3,1972,2
1903,3,2,3,1971,1
2080,5,3,2,1958,3
1643,4,2,2,2016,1
1914,4,2,2,1968,4
1279,4,1,2,1962,2
2328,3,1,3,1977,2
1465,2,2,1,1984,2
1736,4,2,1,2005,1
2197,4,1,3,2008,4
1803,3,3,3,1974,3
1265,2,1,1,2013,1
2670,2,2,3,1993,4
2675,4,3,2,2002,5
1853,4,3,3,1956,3
1252,2,2,1,1964,1
1474,4,3,3,1992,3
2444,2,3,3,1990,3
1970,3,1,3,1977,2
2955,4,1,3,1965,5
2595,4,2,1,1972,5
2484,2,2,3,2002,5
2887,3,2,2,1973,5
1253,3,1,3,2001,4
2543,4,3,2,2000,5
1902,5,1,1,1950,3
1106,2,3,1,2019,1
2194,4,1,3,1957,4
1057,4,2,3,1979,1
2360,5,2,2,1987,3
2365,5,1,3,2021,3
1941,3,3,3,1989,3
2313,3,1,2,2011,3
1083,3,2,3,1970,1
2140,3,2,2,1954,3
1711,2,2,1,2014,3
2242,4,1,2,1952,2
2761,3,3,1,2011,4
2940,4,1,2,1955,4
2806,2,1,3,1982,5
1900,3,2,2,2012,4
2125,2,2,1,1983,4
1656,3,3,3,2007,3
1455,4,2,3,1977,2
1658,2,1,3,1955,3
1772,3,2,1,2021,4
1790,4,1,3,1961,1
1850,4,3,1,1985,4
1525,4,2,1,1954,1
1265,3,2,2,2015,1
2310,4,1,1,1982,4
1140,4,2,2,2016,2
1894,3,3,3,1959,3
1405,2,3,2,1964,2
1292,4,2,1,2019,2
2958,3,1,2,1996,4
2929,2,3,3,1971,3
2054,4,2,2,1987,4
2194,3,2,3,1966,3
1354,5,3,1,1973,3
1204,3,1,3,2011,1
2501,4,2,2,1996,4
1993,2,2,2,1997,3
2955,2,1,2,2011,5
1290,2,1,1,2000,1
1110,4,2,2,2008,3
2091,4,1,1,1980,5
2718,2,1,1,1999,5
1195,2,2,1,1982,2
1125,2,1,3,1951,1
2710,3,3,3,2011,5
1261,4,3,1,1954,3
1886,5,1,3,1963,2
1923,2,3,3,2007,2
1154,5,1,2,1981,3
2604,5,3,3,2002,5
1107,2,2,3,1959,2
2446,2,1,3,1970,2
1034,3,1,3,2004,1
2894,2,3,3,1957,5
2067,5,3,1,1983,5
1654,2,1,1,2000,1
1722,3,3,2,1974,4
1997,3,2,3,2005,2
1415,3,2,2,1967,2
1999,3,2,3,1969,2
2470,2,3,2,2001,5
1517,4,3,3,1987,2
2753,3,1,2,1960,4
1226,2,3,3,1979,1
2819,3,1,3,1954,5
2448,4,3,1,2020,2
2591,5,1,3,1988,4
2391,4,1,2,1989,4
2333,5,1,3,1984,3
1847,5,1,2,1952,4
2128,4,1,2,1986,3
1017,5,1,2,2017,1
2228,4,3,1,2007,2
1042,5,2,3,1960,2
1088,3,1,2,1953,1
1585,3,3,3,2017,3
1156,3,3,2,1993,1
2289,4,3,2,1999,4
1133,4,3,2,2001,2
1463,2,1,3,1976,2
2624,4,3,1,1958,5
1740,3,2,3,1987,2
2057,4,2,3,1985,2
1928,2,2,1,1990,3
2155,2,1,3,1959,4
1865,2,1,3,1960,4
2822,4,2,3,1992,3
2359,5,2,2,1959,4
1961,2,1,3,1954,3
1496,3,3,2,1981,2
1441,4,1,2,1990,2
1827,2,2,2,2021,2
2281,2,1,2,2000,3
2315,2,2,2,1960,4
2989,4,1,2,1951,4
2148,4,2,3,1995,4
2979,4,1,1,2011,5
2686,2,2,1,1966,3
1870,3,3,1,1959,2
2782,5,3,3,1961,3
2198,3,3,2,1992,5
2907,4,3,1,1999,4
2515,4,1,1,1986,3
1868,4,1,3,1985,3
1079,3,1,2,1995,1
2642,4,1,1,1985,4
1811,5,2,1,1991,3
1914,5,1,2,1970,2
2328,2,3,3,1954,2
2367,5,1,2,1997,4
1569,4,1,2,2003,2
2114,3,2,3,1964,4
2670,2,1,3,1980,3
1861,2,3,3,1968,3
2357,4,2,2,1960,4
2657,5,2,2,1973,4
2011,3,1,3,2017,3
1398,3,1,2,1997,1
1587,2,2,3,1999,2
1820,3,2,1,1973,3
2012,4,3,1,2015,3
2558,2,1,2,1982,5
1844,4,1,1,2005,3
1584,4,3,3,2000,1
2111,2,3,1,2016,3
1614,4,1,3,1985,1
1960,3,1,2,1953,3
1777,3,3,1,1956,2
2276,3,1,3,1990,4
1357,5,1,3,2019,2
2081,3,3,3,2021,4
2966,3,3,3,1960,4
2422,3,1,1,1954,4
1520,2,1,3,1980,2
1524,3,2,3,1964,2
2942,5,1,1,2014,3
2440,5,1,1,2002,3
1392,5,3,3,1983,2
2666,4,1,3,1955,4
2245,2,1,1,2008,2
2395,3,1,3,2019,4
2534,4,1,2,1993,4
1152,2,3,2,1967,1
1892,4,2,2,1999,2
2902,5,1,2,1993,4
1983,4,2,1,2007,2
1479,2,1,2,1966,3
1582,4,1,3,2004,2
1856,4,1,1,1985,2
1019,2,2,2,1998,2
1592,3,2,2,2005,2
1227,2,2,3,2009,1
2369,4,3,1,1952,3
1018,4,2,1,1995,1
1443,5,2,3,2009,2
2700,3,1,2,1982,5
1367,3,2,2,1975,2
1898,3,3,3,1962,3
1888,5,3,2,2017,3
2883,2,3,2,2021,4
1725,2,3,1,2009,1
2774,2,3,3,1957,3
1146,2,2,3,2017,1
2716,4,2,2,1983,5
2527,4,1,3,2007,4
1429,4,3,3,1982,2
1847,2,1,1,1989,4
2463,3,3,3,1999,3
1197,4,3,3,1999,2
2310,4,2,2,1964,3
1564,2,3,2,1953,2
1368,2,3,2,2019,4
2263,2,1,2,1977,4
1801,4,3,1,1990,1
2310,3,1,2,1954,4
1699,2,2,3,2019,3
2418,5,2,3,1964,5
1995,2,3,1,1982,4
1517,3,3,2,2018,2
2818,3,1,3,1987,4
1774,3,1,1,1965,1
1560,2,2,1,2014,2
2887,5,3,2,2020,4
2735,5,3,1,2017,4
2016,4,2,3,2002,3
1302,5,2,2,1995,3
2267,4,3,3,1953,3
2707,4,1,2,1960,4
2230,5,2,2,1966,4
2398,4,1,1,1958,4
1282,4,2,2,1964,2
1477,2,3,3,1954,2
2045,4,2,3,2020,2
1558,5,2,1,2004,2
1348,2,1,2,1980,2
2512,5,2,2,2017,3
2967,2,1,3,1991,4
1669,5,3,2,1981,4
1257,3,3,2,1951,2
1654,2,2,2,1994,3
2070,2,3,2,1956,1
2050,2,1,3,1967,3
2990,5,1,3,1951,4
2050,3,2,3,1986,3
2420,2,3,3,1986,3
2974,3,1,1,1961,4
1144,4,1,2,1956,2
1586,2,1,2,1961,3
2722,4,1,1,1973,5
1521,2,1,2,2001,2
2144,3,3,3,1995,3
1800,4,2,2,2019,2
2700,2,1,1,2014,5
1381,2,3,1,1987,2
1775,3,3,3,1989,3
1672,5,1,1,1952,3
2926,2,3,2,1999,5
2441,4,2,2,1985,4
1326,5,1,3,1999,1
2414,5,1,3,2019,3
2320,3,2,3,2011,4
1629,4,2,1,1953,1
2798,2,3,1,1976,5
1083,2,2,2,1975,1
1145,5,3,1,1976,2
2194,5,2,3,1997,2
2357,3,3,2,2005,5
1423,5,3,2,1981,2
2332,3,1,2,1994,5
2549,3,1,1,1969,5
1660,4,2,1,2004,1
2904,4,2,2,1962,5
1762,5,2,3,1984,3
1568,5,3,3,1988,2
1346,4,1,3,2000,1
2325,5,1,2,2008,3
2945,4,2,3,1954,4
1346,2,3,2,1958,2
1407,5,2,3,1955,2
1132,3,1,2,1990,3
2705,2,1,2,1972,3
1613,2,1,3,1975,3
1987,5,1,2,1971,2
1105,4,2,1,2019,1
1639,4,2,2,1967,4
2273,5,3,3,2012,2
2567,4,1,2,1995,5
2751,5,2,3,1988,5
1261,5,2,3,1967,2
1493,5,2,2,2019,2
2267,3,3,3,1986,4
2474,2,1,3,1993,4
1902,4,2,2,2017,4
2286,4,1,2,1983,4
2868,4,1,1,2012,5
2337,4,3,1,1958,4
1084,4,1,1,2020,3
2438,5,1,1,2018,5
2352,4,3,1,1988,4
1814,3,1,1,1989,2
1332,2,3,1,2007,1
1464,3,3,1,1989,2
2224,3,2,3,1984,2
1328,5,1,1,1981,4
2703,5,2,2,1997,4
1239,2,1,3,2007,3
1797,4,2,3,2008,3
1701,2,3,1,1963,4
1582,2,2,2,1970,2
1656,2,2,2,2005,2
2924,3,3,3,2008,4
1720,5,2,1,1995,3
1359,2,2,3,2000,2
2401,3,2,2,1995,3
1384,2,3,1,1951,2
2488,3,2,3,1987,2
2245,3,2,2,1977,4
1798,2,2,1,1975,2
2698,2,1,3,2020,5
1364,5,1,2,1969,4
1071,5,3,2,1983,1
2263,5,2,2,1994,5
1503,4,1,2,2001,2
2437,2,3,1,1966,4
1126,5,1,1,1965,2
2510,2,2,2,1996,4
2620,4,1,1,1951,2
2550,5,1,1,1980,5
2271,5,1,2,1989,3
1481,2,2,2,1973,2
2335,2,1,2,2017,5
2467,3,2,2,1981,4
1282,3,3,1,1959,1
2025,5,2,2,1971,1
2087,5,2,3,1978,4
1772,2,2,2,1969,3
1346,3,2,1,1960,3
1323,5,1,2,1992,2
1238,2,3,2,2011,2
2420,5,2,3,1986,4
1336,4,2,3,2018,2
1340,3,3,3,1967,1
2302,4,2,1,1966,4
2376,2,1,2,2002,2
1945,5,3,1,1966,4
1891,5,1,2,1963,3
2486,2,3,1,1984,2
1461,4,1,1,1982,1
2736,5,3,2,1976,4
2316,4,3,2,1956,5
1797,4,1,3,1974,3
1732,4,1,1,2020,3
2430,3,2,2,1997,1
1161,4,3,1,1973,2
2526,3,3,2,1968,5
2718,4,1,2,2010,4
2478,3,1,1,2021,5
2908,5,3,3,2001,5
1264,5,2,1,2004,2
2009,2,3,3,2009,2
1131,2,3,1,1983,3
2857,5,3,3,2019,5
1119,2,2,3,1981,2
2915,5,3,1,2013,4
2242,2,1,3,1996,3
2440,5,2,2,1981,4
1671,3,2,2,2003,4
1504,2,1,3,1957,2
2323,3,2,2,1970,3
2261,3,2,2,2021,3
1292,3,3,3,1975,2
1987,3,1,2,1980,3
2602,4,1,3,1992,3
1827,3,1,3,1960,2
1186,2,2,1,2009,1
2059,3,3,2,1970,2
2584,2,3,1,1980,5
1255,3,2,3,1953,2
2458,2,3,3,2014,5
2031,5,1,2,2004,3
1747,4,2,3,1964,1
2201,2,2,2,1990,3
2265,2,2,2,2010,3
1040,3,2,3,1997,2
2380,2,1,1,1987,3
1756,3,2,2,2016,3
1112,4,1,2,1976,1
2900,5,3,3,2009,5
1767,5,3,1,1954,2
2189,4,2,2,1968,1
2527,3,1,2,2013,3
1853,3,1,2,1970,1
1077,4,3,1,1985,1
1718,2,2,2,2000,4
2846,2,2,1,1966,5
1877,2,3,2,1972,2
2219,4,2,3,2012,4
1401,5,3,3,2013,4
1063,5,1,3,1988,1
1651,3,3,2,2015,1
1885,4,3,2,1975,4
2448,2,3,1,1966,4
2065,5,3,2,1984,2
1372,5,2,1,2016,2
2979,5,1,3,2021,5
1305,3,1,3,1971,3
1208,3,2,3,1952,2
1466,2,2,2,1955,2
1931,5,2,3,2000,3
2327,5,2,1,2014,5
2608,3,1,1,1963,3
2415,2,1,3,1978,4
2176,4,1,3,2009,2
1646,3,2,3,1959,3
1361,5,3,3,1988,3
2287,2,3,3,1970,3
2239,2,2,2,1982,4
1720,4,2,1,1998,2
1715,5,1,1,1962,1
1542,3,1,2,1985,1
2547,3,3,3,1962,3
2662,5,1,3,1951,5
2848,5,3,3,1951,5
1193,5,1,1,1979,1
1651,3,1,3,1983,2
2050,5,2,2,1985,3
2069,5,1,3,1988,2
1646,5,3,2,1975,3
2852,4,1,3,2005,5
1953,4,1,3,2012,3
2081,5,2,1,1981,3
2036,5,3,2,2001,4
1948,3,2,2,1977,3
2635,2,1,2,1961,5
1960,5,3,1,1965,2
1802,3,1,1,2015,3
2117,2,3,2,1965,4
1606,3,2,1,1951,2
2680,2,2,2,1988,5
2607,5,2,1,1963,3
2474,4,1,2,1969,3
2402,2,3,3,1980,4
1673,5,2,2,2008,2
1515,3,1,3,1999,1
1223,2,3,2,1966,1
2404,2,2,2,2006,4
2564,3,1,2,1977,4
2325,4,1,2,1983,3
1202,2,2,2,1957,1
1941,2,3,1,1995,2
1588,3,2,1,1959,3
1570,5,1,1,1971,2
1956,4,1,1,1993,2
1195,5,1,1,2013,2
2345,5,2,1,1975,5
1417,3,3,2,1988,2
2642,2,2,3,1975,5
2365,3,2,3,1973,5
2412,5,2,3,1999,3
1008,3,2,3,1989,1
1531,4,1,2,1994,2
1148,5,3,2,2001,2
1382,5,1,1,1989,1
2552,4,1,1,1979,4
2035,3,3,2,2001,2
1475,3,2,2,1965,1
2617,3,2,1,2005,3
1578,2,2,3,1990,2
2979,4,2,3,1956,4
2076,5,3,1,1984,5
2459,2,2,3,2019,3
1205,5,3,1,1989,1
2967,4,1,3,1960,4
1985,4,3,3,1980,4
1914,5,3,1,2007,3
1744,2,1,3,1979,2
1912,5,3,2,1979,2
1053,2,3,2,1959,1
2001,3,2,2,1951,4
2603,4,3,2,1966,4
2513,5,3,2,2009,5
2826,4,2,3,1950,5
1343,4,1,1,2007,2
2192,5,1,2,1994,2
2932,3,3,2,2008,4
2184,4,1,1,1981,3
2550,4,2,3,1987,4
2310,3,3,1,2017,5
2898,5,1,3,2008,4
2545,3,1,3,1986,4
1568,5,1,3,1978,4
1198,2,1,3,2006,1
2184,4,2,3,2021,3
1774,4,2,3,1996,3
1388,5,1,2,1979,3
1473,3,2,3,1994,2
2404,4,1,1,1990,4
1764,4,3,3,2017,3
2654,2,2,2,1965,4
2147,2,1,2,1995,4
2095,5,2,2,1995,3
1981,3,3,2,1962,4
1993,2,1,2,1984,2
1167,5,2,3,2015,1
1283,3,1,3,1959,1
2517,5,2,2,1965,4
2059,4,2,2,1954,2
1823,4,2,1,1981,4
2198,3,2,2,1987,4
2222,5,1,1,1983,5
2139,3,1,3,1979,4
2959,3,1,1,1976,5
2338,3,3,3,2010,4
2962,4,1,1,1994,5
2243,3,2,1,1965,3
1890,4,2,3,2014,4
2601,4,3,3,1951,5
2800,5,2,2,1967,3
1133,3,3,2,1963,1
2654,5,1,2,2002,4
1832,3,2,3,1998,3
2922,4,3,3,1967,5
2021,3,2,1,2003,3
2993,3,1,1,2008,5
2444,2,3,1,1981,4
1894,5,1,2,1995,3
2515,2,2,1,2018,5
2672,4,2,2,1967,4
2076,3,2,1,1971,3
2228,3,2,1,1954,4
2371,3,1,2,2018,3
2074,2,1,2,1998,5
1838,5,1,1,1982,4
1911,5,3,2,1957,3
1249,4,3,1,1980,3
1178,5,2,2,2000,2
2574,2,1,2,2011,4
1182,4,3,3,1970,1
2759,3,2,2,1975,4
2187,3,2,3,1962,3
2769,5,3,2,2016,5
2400,5,3,1,1993,3
1704,4,1,3,1952,1
1496,2,2,2,1969,3
1596,4,2,2,1955,2
1460,4,1,2,1953,2
2778,3,3,2,1972,5
1473,2,2,3,1954,2
1684,3,1,3,1961,1
2928,3,2,1,2009,3
2060,4,2,3,1975,3
2622,3,3,3,2008,4
2664,5,2,1,1962,4
2729,5,3,1,1958,3
1318,3,2,2,1992,1
2578,3,2,1,1972,4
2435,2,2,3,1971,5
1355,5,1,2,1991,3
2694,2,3,2,1998,5
1616,3,1,3,1981,2
2988,5,2,3,1957,5
1228,4,3,2,1970,3
1728,4,1,2,2014,1
2287,3,1,3,1976,4
2953,2,3,2,1967,5
2510,4,3,2,1994,5
1560,4,1,3,1998,2
2375,5,3,1,1998,4
2465,2,2,2,1954,4
1634,2,1,3,2014,2
1458,4,3,3,1997,1
2838,3,3,3,2007,5
2154,2,2,2,1992,3
2964,5,1,1,1997,5
1369,2,2,2,1961,1
2459,5,3,3,1982,4
2247,5,1,3,2021,3
2011,5,3,3,1957,3
1610,2,1,3,1960,3
2375,2,3,1,1967,5
2508,4,2,3,1983,4
2220,2,1,3,1964,3
1108,5,2,2,2009,1
2883,2,1,2,2017,4
2243,2,3,3,1997,4
2799,4,2,2,2005,4
2946,2,3,1,2011,5
1719,5,2,2,1981,3
2342,4,3,2,1993,4
2105,3,2,1,1954,2
2560,5,2,1,2008,4
2721,5,3,3,1986,4
1431,2,2,1,1975,4
2920,3,1,2,1969,4
2031,4,3,2,1997,2
1635,3,1,1,1967,1
2172,2,1,3,1986,2
2121,3,3,2,2019,4
2751,5,1,2,1963,5
2124,5,1,3,2021,4
2753,3,1,3,1963,5
1366,3,1,3,1975,3
2485,5,1,3,1971,3
1924,3,3,1,1989,2
1413,5,3,1,1950,2
2282,3,1,1,1964,5
1355,4,1,1,1978,2
1010,2,1,3,1956,1
2439,5,3,2,1952,2
2594,4,3,3,1964,5
2273,5,1,3,1951,2
2145,4,1,1,2020,3
2943,5,1,3,1994,4
1064,2,2,3,1997,2
2681,2,1,1,1981,5
2325,4,1,3,2006,4
1124,3,3,2,1990,2
1311,2,1,3,1980,2
2214,3,1,2,1951,4
1774,2,1,2,1960,3
2001,4,2,2,2015,2
1872,3,3,2,2021,2
2473,5,1,2,2010,5
2831,2,1,1,2011,4
1693,4,3,1,1952,3
2182,5,2,3,1977,5
2376,3,2,2,1975,4
2843,4,2,3,2010,5
1989,5,2,2,2007,2
1798,4,1,2,1986,2
1673,3,1,2,1992,1
2286,5,1,1,1962,3
2752,2,2,1,1969,3
1911,2,1,2,1980,2
1405,4,3,3,1999,2
1995,2,3,2,2001,2
2716,3,3,3,2002,4
2626,3,2,1,1999,5
2040,5,1,1,2015,4
1636,5,1,2,2011,2
2980,4,3,2,1997,5
1889,4,2,3,1999,2
1488,3,2,1,1950,3
1238,5,1,2,2015,3
1179,4,3,1,1977,2
2442,5,1,2,1976,3
2166,5,3,2,2021,2
2707,3,1,3,2019,3
2812,4,2,2,2010,3
2612,4,2,2,1984,4
2326,3,2,1,1962,4
1330,4,1,1,2021,2
1560,5,1,2,1984,2
1948,5,1,3,2007,3
1247,5,2,1,2011,3
1282,2,2,3,1991,1
1939,5,3,3,1955,2
1031,3,1,1,1965,3
2523,5,3,2,2008,5
1529,4,2,2,1988,4
1380,3,3,3,1989,1
1062,2,1,3,1981,1
1127,3,2,2,1952,1
2551,5,3,1,1955,4
1162,2,2,2,1953,2
1957,2,1,3,1969,1
2274,2,1,2,1954,3
2672,2,3,1,1991,3
2853,2,3,3,1963,5
1294,4,1,3,1952,2
1178,5,3,2,1968,2
1228,2,1,2,2015,1
1882,5,2,3,2015,4
1393,4,3,1,1964,3
1691,4,2,2,2021,4
2419,4,1,2,1979,4
1071,3,3,3,1998,2
1317,3,2,1,2004,1
2922,2,3,3,2006,3
1594,4,2,1,1982,3
1378,3,1,3,2017,2
1906,4,2,3,1959,2
1135,3,1,1,1950,1
1729,4,3,3,1975,1
2644,3,3,2,1988,4
2401,5,3,2,2000,5
2942,2,3,2,1977,5
2142,2,1,2,2008,2
1905,5,3,1,2010,3
1529,2,1,3,1958,3
2867,4,2,1,1991,5
1934,2,2,2,2019,3
1665,2,3,3,1968,3
1522,3,1,3,1979,1
2673,3,2,1,2012,4
1386,5,1,1,1956,3
1573,3,2,1,1981,3
1582,5,3,2,1958,2
1572,2,2,3,2003,3
1643,3,3,1,2014,4
1572,3,3,1,1952,1
2927,2,2,1,1971,4
1869,3,3,2,2018,2
2292,4,1,2,2020,3
2547,3,1,3,1983,5
1546,4,1,2,1995,3
2509,5,2,2,1997,5
1437,3,2,1,1970,3
2586,3,2,3,1990,2
1554,4,1,3,1963,1
2763,2,1,1,1979,4
1110,5,2,3,1972,2
2345,5,3,1,1953,4
1526,4,3,3,1973,2
1673,3,3,1,1953,3
2574,2,3,3,1981,4
2561,2,2,2,1990,2
1623,4,2,1,1961,1
2988,2,2,2,1954,5
1943,2,2,1,1976,2
1472,4,3,2,1960,3
1993,2,2,3,1966,4
1878,5,2,1,1956,4
2121,4,1,1,1957,4
2434,4,3,1,1975,4
2398,2,2,2,2016,3
1169,5,2,1,1967,2
2013,5,2,3,1999,2
1055,3,1,2,1994,2
2756,4,2,2,1956,5
1324,5,1,2,2018,3
1657,5,2,1,1986,3
1956,5,2,2,1957,3
1259,4,1,1,1950,2
1640,2,2,1,1989,2
1561,3,1,3,1966,1
1339,3,3,1,1979,2
2861,2,1,2,1970,5
1403,4,3,3,2003,3
1531,5,2,3,1961,4
2197,2,1,1,2015,2
1794,3,3,1,2017,3
2561,4,2,1,1952,2
2183,5,1,1,1978,4
2033,3,2,1,1962,3
1593,3,3,3,1967,1
2279,3,1,1,1971,2
1616,5,2,1,2012,3
1651,3,2,3,2013,1
1713,4,3,2,1980,2
1343,4,1,2,2005,1
2559,5,1,2,1973,4
2396,4,2,1,1954,4
2458,2,3,3,1957,5
2957,4,2,2,1993,4
1045,3,2,2,1963,1
1903,4,2,1,1962,4
1054,4,1,2,1952,2
2101,5,1,2,1959,3
2514,5,1,1,1975,5
2694,2,2,3,2008,5
1855,4,1,1,1977,3
2295,2,1,1,1995,4
1659,4,1,2,1991,2
2573,2,3,3,1960,4
1110,4,3,1,1969,1
2038,4,1,3,1973,1
1077,4,2,1,1971,2
1500,2,2,2,1958,3
1587,3,3,2,2002,2
1417,5,3,1,1999,2
2863,5,2,3,1971,4
1274,2,1,1,1980,2
2517,4,3,3,1969,2
2220,3,1,2,1998,4
2399,2,3,3,2010,2
2754,2,2,2,2001,5
2384,5,3,1,1986,4
1972,3,3,2,1986,4
2567,4,1,3,2010,4
1990,3,2,2,1959,3
2768,5,3,1,2006,5
2133,4,1,2,2014,2
2700,3,2,3,2013,4
2542,2,2,3,2005,4
2967,2,1,3,2006,3
2674,4,2,2,1981,3
2482,4,1,1,1983,3
1854,5,3,3,1956,4
1798,3,2,1,1952,3
1300,4,3,1,1969,2
1967,3,3,2,1967,3
1567,5,2,2,2017,1
1671,4,1,3,1982,3
2519,3,3,3,2015,3
1148,4,3,1,1965,3
2822,4,2,1,2003,5
1768,5,3,2,2021,1
2484,2,1,2,1986,4
1138,4,3,3,2002,1
1860,5,3,2,1956,2
1291,3,3,3,1992,2
1334,2,3,1,1957,1
1698,3,1,1,1968,1
2858,2,2,1,1977,5
2207,4,2,2,1962,4
1306,2,2,1,1986,2
1924,4,2,3,2016,4
1980,3,2,3,1997,3
1897,2,2,1,1991,4
2285,5,2,3,1963,5
1926,3,3,1,1960,3
2333,3,1,2,1975,4
2447,3,3,1,1981,3
1656,3,3,1,1985,1
2796,5,1,2,1976,5
2537,5,2,3,1961,2
1260,3,3,3,1952,1
2385,2,2,3,1968,3
2979,2,2,2,1967,4
1659,3,3,2,1985,3
1199,3,3,3,2007,1
2408,2,3,3,2017,4
2335,3,2,2,1950,4
1581,2,3,2,1995,2
2335,3,1,3,2017,2
1565,3,1,2,2014,3
1394,2,1,1,1968,3
2794,5,1,2,1992,4
1350,3,3,3,1972,1
1027,2,1,2,1982,2
2902,2,2,1,1966,3
2898,3,2,3,2008,5
1631,3,2,1,1982,3
2156,2,3,3,1987,4
2625,2,3,1,2020,4
1527,4,3,3,1970,2
2310,3,1,3,1974,2
2307,4,1,2,1957,4
1902,2,1,1,1979,3
2765,4,1,2,2021,5
1806,2,1,2,1984,4
1226,5,2,3,2016,2
2450,4,3,1,1974,4
1026,5,3,2,1994,1
2355,4,1,2,1996,5
2140,3,2,2,2017,2
1088,3,1,1,1953,1
2756,2,1,1,1964,5
2758,3,3,1,1955,5
1121,4,3,3,1956,3
2917,2,2,3,1952,5
1865,3,2,3,1984,3
1032,4,1,1,1968,2
1602,2,2,1,2018,3
1695,2,2,3,2001,2
1887,4,2,2,1963,2
2793,5,1,1,1954,4
1524,5,3,2,1992,2
2047,5,1,2,1956,3
2348,2,3,1,1994,5
1033,5,2,3,1986,1
2878,2,1,1,1991,3
2042,5,3,3,1954,3
2053,4,2,3,1959,4
1048,3,2,1,1993,2
2962,2,2,1,1959,4
1911,4,3,2,1967,3
1179,5,3,1,2012,2
2393,4,1,2,1992,2
2907,2,1,3,2003,3
1737,3,2,1,2009,2
2968,5,2,3,1960,5
2418,4,1,2,1987,5
1495,2,3,2,2006,2
1430,5,3,3,1957,1
2230,3,1,3,1973,4
2058,2,3,2,1982,2
2606,4,2,2,1992,5
2436,3,3,2,1990,3
1309,4,1,3,1955,3
1981,5,3,2,1963,3
2175,2,1,3,2014,3
1226,3,1,2,1967,3
2266,4,3,2,1971,4
2852,2,1,2,1997,4
2415,3,1,3,1989,2
2647,4,1,1,1955,4
1203,3,1,3,1966,1
1988,3,1,2,1983,2
1893,3,1,1,2002,3
1854,4,2,2,1973,4
1025,5,2,1,1960,3
1420,2,2,3,1992,3
2843,4,1,3,1971,5
2701,2,1,3,1998,4
1760,5,2,2,2005,2
1773,2,3,3,1978,2
1263,2,1,2,1960,3
2552,5,2,3,2015,5
1587,3,2,1,2013,1
1957,4,2,3,1961,4
1469,5,2,3,2009,2
1253,2,3,3,2011,2
2569,2,3,3,1986,4
2170,3,3,2,1952,3
2349,2,1,2,2014,3
2361,4,3,1,1957,3
1739,4,1,2,1957,2
1117,2,1,3,1985,1
2188,5,2,2,1960,3
1549,2,3,3,1959,3
1910,2,3,3,1966,3
1869,5,1,3,1985,2
1807,5,2,1,1990,3
2672,2,2,2,1979,4
1820,3,2,3,1994,4
2781,4,1,2,1952,5
2221,3,1,3,1967,1
2397,5,3,3,1985,4
2601,4,3,2,1968,5
2615,2,1,3,1985,4
1563,4,3,1,1953,3
2152,2,3,2,2018,2
1413,2,3,1,1994,2
2403,5,1,3,1995,5
1879,3,1,3,2020,2
1992,5,1,1,1957,3
1166,4,3,2,2008,2
1656,3,1,1,1985,2
1111,3,3,2,2007,2
2391,3,3,3,1969,3
2125,4,3,2,1988,3
1593,4,3,1,1951,3
2429,5,2,1,1996,4
1506,5,2,3,2014,3
2634,3,1,1,1995,3
1670,5,1,2,2020,2
2063,4,3,3,1963,3
2690,5,2,2,2016,5
2571,2,1,3,2009,4
2404,5,1,3,2005,4
1758,4,2,3,1998,3
2539,3,1,3,2007,5
1496,2,1,2,1965,1
2909,2,2,3,2015,5
1964,2,3,3,1970,2
1280,5,2,3,1997,4
2949,2,3,1,1978,4
1760,3,1,3,2009,4
2547,2,1,1,1966,4
2306,3,3,3,1987,4
2964,4,1,3,1958,5
1727,5,1,3,2013,2
2342,3,3,2,1999,5
1822,4,2,2,2002,2
2437,5,3,1,2007,5
2617,3,2,1,1995,2
1013,5,1,1,1960,2
2079,4,3,2,1955,2
2426,4,3,2,1971,3
1341,5,2,2,1975,3
2817,2,3,2,1989,3
1198,3,2,2,1993,2
2883,2,2,1,1959,4
1677,4,2,1,2019,3
2988,5,3,3,1998,5
2315,3,1,1,2002,3
1657,3,3,2,2018,1
2464,2,2,1,2015,2
1534,3,1,3,2002,1
2398,4,1,1,1975,4
2139,2,1,1,1990,4
2165,4,2,2,1973,4
1991,5,2,2,1988,4
2220,5,1,3,2013,4
1789,2,1,2,2000,3
2563,5,2,1,1976,4
2322,4,2,3,1987,4
2099,4,2,2,1962,4
1529,4,2,3,2021,2
1099,4,2,3,2018,2
2502,2,2,3,2007,4
1972,3,3,2,1982,2
2491,5,2,1,1979,4
2659,2,1,3,2009,4
2900,3,3,1,2009,4
2315,2,2,3,1974,3
2014,5,2,3,1972,3
1124,2,2,3,1968,2
2014,5,2,3,1955,3
1518,2,1,1,1980,1
1022,2,1,3,1971,2
1161,4,3,2,2010,2
1628,2,1,3,2009,1
1505,2,2,2,2018,1
1881,3,2,1,1968,3
2044,5,3,3,2014,3
2787,4,2,1,1960,4
2861,2,1,2,1995,4
2487,5,3,1,2001,4
1482,2,3,3,1969,1
2525,4,1,2,1961,5
2966,4,3,2,2009,4
1308,2,1,3,1996,3
2619,2,2,2,1997,4
1873,2,1,2,1992,1
2576,3,3,2,1980,4
2439,3,3,2,1978,4
1639,4,1,3,2012,5
1141,4,3,2,2018,1
2003,5,1,2,1990,5
1614,4,2,2,1959,4
1106,5,2,2,1979,2
1528,4,3,1,1972,2
2560,4,1,3,1988,5
1575,2,3,1,1991,1
1968,5,2,2,1975,2
2877,3,1,3,1959,4
2910,3,3,1,1952,5
2772,5,3,2,2021,5
1687,4,1,2,1950,3
1290,3,3,2,1957,4
1804,5,2,1,2000,2
2936,2,3,2,2019,5
1667,4,2,3,2019,1
1384,2,2,2,1966,3
2076,3,2,3,1977,4
2608,4,3,2,1988,3
2206,4,3,1,1952,3
2392,4,1,2,1975,4
1700,5,1,1,1970,2
1012,5,1,2,1996,2
1959,4,1,2,1976,3
1159,4,2,2,1953,2
2307,2,1,3,1993,2
1564,2,2,2,1967,3
2310,3,3,3,2010,5
1007,4,1,1,1976,1
1891,2,3,3,2007,4
1086,3,1,1,1992,2
1280,3,3,3,2020,1
1882,3,1,2,1988,3
2312,4,3,2,1996,4
1748,4,2,1,2004,2
1195,4,2,3,1987,2
1608,4,3,3,1973,3
1449,5,2,2,1963,3
2391,5,2,3,1952,3
2453,3,2,1,1951,5
2119,2,2,1,1995,3
2284,3,1,3,1980,4
2535,2,2,3,1995,2
2389,3,1,3,1985,3
2808,5,1,2,2000,4
1331,2,1,2,1989,1
2075,3,2,2,1991,4
2419,5,3,2,2020,4
1674,4,3,3,1953,4
1701,2,1,3,2012,2
2300,3,1,2,1957,3
2620,5,1,1,1968,5
2217,2,2,1,2006,5
2016,2,2,3,1988,2
1020,2,2,3,1963,1
1398,3,1,2,2000,2
2738,2,1,1,2017,5
1201,4,1,1,2007,2
1465,5,1,2,1997,1
2174,3,1,3,1953,2
1895,5,1,3,1977,2
2182,2,2,2,1994,4
1309,4,2,1,1968,1
2974,5,3,2,1957,5
1503,4,2,1,2003,2
1025,2,1,1,2013,3
2844,2,1,2,1959,4
2958,3,1,1,1981,5
1262,4,3,1,1990,1
1471,4,3,2,2012,1
1166,4,1,1,1961,1
1799,2,2,1,1975,3
2177,2,2,1,2000,3
1342,5,2,2,1981,2
1717,5,3,1,2017,1
1412,2,2,1,1986,4
2688,3,3,3,1957,5
2207,4,3,2,1959,3
2694,4,1,2,1999,2
2217,2,1,1,1982,3
2025,3,2,3,1955,3
2238,3,1,2,1957,3
1686,3,2,1,1990,3
2610,3,3,1,1970,4
1796,3,1,1,1975,2
1482,2,1,3,1957,2
2584,2,1,3,2015,4
2055,4,1,2,1961,2
2693,3,2,2,1987,4
1014,3,1,3,1957,1
2341,4,3,2,1974,2
2869,3,3,3,1989,5
1016,3,2,1,1989,2
1533,3,3,1,1953,2
2779,3,3,1,1999,3
2949,5,2,1,2002,5
1655,5,2,1,1995,3
1435,3,2,1,1979,1
2031,2,2,3,2003,3
2983,2,1,2,1990,5
2018,2,3,2,2002,2
1678,2,2,2,1997,3
2310,4,3,2,1970,5
1779,2,1,2,2012,1
1185,4,2,3,1959,3
2816,3,3,1,1979,4
1421,3,1,2,2013,1
2839,2,1,1,1952,5
1465,2,1,2,2008,1
1082,4,2,1,1963,3
1566,5,2,3,1965,1
1642,4,1,2,1954,3
2660,3,3,3,2008,5
2506,5,2,1,1964,5
1324,5,3,3,1961,2
2442,5,1,3,1987,5
1050,4,2,2,2004,2
2050,4,1,2,1952,3
1676,2,2,3,2009,1
1980,4,3,1,2010,2
2935,4,1,1,1992,4
1792,5,3,1,2017,2
2085,4,3,2,1992,2
1656,3,2,2,2015,3
2194,5,3,2,2006,3
2309,2,3,2,2007,5
2832,3,2,1,1985,5
1116,5,1,3,2000,2
2027,2,3,2,1981,3
2089,5,2,1,1987,5
2083,2,1,1,1972,2
1904,5,2,1,1967,4
1501,5,2,2,1952,2
1798,4,2,1,1977,3
1856,3,1,1,1978,3
2252,3,1,1,1960,4
2123,4,3,2,1980,3
2142,5,3,3,1999,5
1663,2,3,3,1968,2
1791,2,3,1,2000,3
1220,5,1,2,1992,2
2009,5,2,2,1975,2
2964,2,3,1,1952,4
1222,5,2,2,1976,1
1676,4,2,2,2005,1
2527,2,2,1,2007,4
1210,4,2,1,1981,2
2814,2,2,3,1955,5
1930,2,2,3,1975,5
2598,5,2,2,1990,3
1885,3,2,2,1966,3
1881,4,2,3,1989,2
1261,2,2,3,1994,2
1517,2,2,1,1981,2
2271,5,2,1,1981,4
2764,4,1,3,1978,5
1797,5,1,3,2010,4
2280,5,1,2,1953,3
2086,4,2,1,2000,1
2415,3,3,3,1973,4
1539,5,3,3,1974,4
2880,2,1,1,1958,5
1416,3,2,3,2010,2
1052,2,3,1,1979,1
2787,3,3,2,1966,3
1307,5,2,2,1959,1
1845,5,1,2,1968,3
2674,5,2,2,1987,5
1897,4,1,2,1977,3
1605,3,2,1,2017,2
1451,4,2,3,2011,3
1774,4,2,2,1981,3
2858,3,3,3,1993,4
2160,4,3,3,2014,2
2997,2,1,2,1958,5
2395,5,1,1,1981,4
2982,3,3,3,1969,4
2279,5,2,3,2008,4
1394,2,2,2,2016,1
2060,3,2,1,2011,4
2677,2,2,1,2002,4
2170,2,2,1,1955,1
2031,4,1,3,1970,2
2274,2,1,3,1984,3
1646,3,2,2,1951,2
2594,4,3,2,1950,3
2658,3,3,3,1985,4
2470,4,2,1,2004,3
1631,2,1,3,1987,1
2462,2,3,3,1957,4
2282,5,2,2,1966,4
2346,3,1,1,2017,2
1300,5,2,1,2006,3
2888,2,2,2,1981,3
1484,3,1,3,1965,1
1091,3,1,2,1962,2
2187,2,1,3,1983,5
2679,4,2,3,2012,4
2358,2,1,2,2007,3
2948,5,1,3,1994,4
1314,3,3,3,1974,2
1944,5,1,3,2019,1
2709,4,3,2,1981,5
1082,3,1,3,2020,1
1668,4,2,1,2009,4
2132,2,2,2,1985,1
1249,4,2,2,2010,1
1764,4,1,3,1961,1
2590,3,2,1,1989,3
1666,2,3,1,1972,1
1902,2,1,2,1965,4
1090,3,3,2,1996,1
1338,4,2,2,1984,2
2661,3,2,2,1954,3
2872,3,1,3,2008,5
1168,5,2,2,1984,2
2162,2,3,1,1953,4
2540,3,1,2,2017,4
1577,4,3,2,1982,2
2646,3,1,1,2016,4
2207,3,1,1,1961,3
1779,3,1,3,1992,3
1169,4,2,1,1965,1
1361,5,2,2,1969,1
1243,3,1,1,2012,1
2866,2,1,2,2012,5
2051,5,2,3,1957,3
1518,3,3,1,1967,1
2421,2,3,3,1971,4
1332,5,1,2,1980,1
1964,2,1,3,1976,2
2340,2,3,3,1964,4
1425,5,3,3,1989,2
2159,5,3,2,2009,4
2713,2,3,2,1954,5
1640,2,2,2,2011,4
1708,4,1,2,1979,1
2290,5,3,3,1953,4
1106,3,2,3,1981,3
1559,5,2,3,2010,2
1137,4,1,1,2021,1
1614,2,1,1,2002,3
1046,5,3,3,2004,2
2688,3,3,1,2021,4
1367,5,2,3,2006,3
1522,3,2,3,2002,1
1528,3,3,2,2021,1
2678,2,1,3,1996,4
2295,5,3,2,1993,4
2847,5,2,3,2014,5
1419,3,2,1,2018,3
2362,4,2,1,1950,3
1933,4,2,2,1959,2
1497,2,2,2,2014,1
2492,4,1,1,1970,4
1330,5,3,2,1983,2
1767,2,1,1,1966,2
2000,4,1,1,1960,3
2662,4,1,2,1974,4
2154,2,3,2,1950,3
1529,3,1,2,1972,3
2742,2,2,1,2006,4
2624,3,3,3,2016,3
2461,5,1,1,1974,3
1242,3,1,3,1978,1
1349,5,3,2,2019,1
2040,2,2,1,2002,3
2489,2,2,2,1964,5
1734,3,3,3,2003,4
1881,3,2,2,2012,2
1362,3,2,2,1957,1
2233,5,1,2,1996,3
2014,3,2,1,2015,4
2634,5,1,2,2004,4
1524,2,2,1,2014,3
1830,2,1,3,1963,2
1781,3,2,1,1984,2
2722,4,2,3,1997,3
1419,2,2,2,2006,4
1785,4,1,2,1978,1
2816,3,2,2,1997,5
2067,5,3,1,1986,3
2400,2,1,1,1990,5
1294,4,2,1,1969,1
2419,5,1,3,1995,4
2127,3,2,3,2013,2
1444,2,1,1,2008,2
2085,5,1,3,2009,1
2588,3,3,1,1997,3
2844,2,1,1,1983,3
1411,2,2,2,2013,2
2954,3,3,3,1979,4
1629,4,3,3,1983,2
1320,2,1,1,2004,1
2154,2,1,1,1966,3
2834,4,2,3,1970,3
1817,5,3,2,1998,2
2222,2,3,3,1992,2
1904,5,3,1,2002,2
1790,2,2,3,2011,2
2239,4,2,1,2011,3
1585,2,3,1,1951,2
1305,2,1,2,2011,2
2590,2,2,2,1968,4
2007,4,2,1,2019,2
1892,2,1,3,1993,2
1011,5,2,3,2020,2
1082,3,3,2,2002,2
2055,3,1,2,1989,3
2109,5,3,3,2004,3
2986,2,1,1,1993,5
2767,4,2,1,1951,3
2434,4,3,3,1978,3
1956,2,2,1,2020,4
2810,5,2,1,1978,5
1712,3,2,3,2004,3
2586,5,2,3,1954,4
2855,5,2,1,1951,5
2279,4,1,1,1991,5
1240,2,2,2,1970,2
2740,4,2,1,1961,2
1897,3,3,3,1975,5
2955,3,1,1,1969,5
1895,4,2,2,1954,3
1906,2,2,2,2017,4
2731,2,3,3,1990,2
2475,5,1,2,1961,4
1755,5,1,3,2013,4
2855,4,3,3,2000,4
2024,3,1,1,1995,2
1600,2,1,2,2018,2
1281,4,2,2,1979,2
1650,4,3,1,1976,2
1598,3,3,3,1995,1
2537,5,1,1,1974,5
1978,3,2,2,2015,4
2884,5,1,2,1950,5
2703,5,2,2,1971,4
2142,2,1,1,2014,5
2011,2,1,1,1993,4
1899,5,3,3,2006,2
2528,5,1,1,2003,2
2103,2,1,2,1959,3
2646,5,3,3,1981,4
2700,5,2,3,2007,3
1893,5,1,1,1955,3
1956,3,1,1,1958,3
1218,4,3,3,1958,2
2540,5,2,3,1980,4
2934,2,1,2,1992,3
1726,5,1,3,2017,4
2008,5,3,3,1987,3
2730,2,2,1,1988,5
2489,2,1,3,1987,2
1517,4,3,1,1983,2
2914,2,3,1,1993,4
1811,2,2,1,1992,2
1501,3,3,1,1985,1
2360,3,1,2,1970,2
2533,3,2,1,1967,3
1813,4,1,1,1996,3
1613,5,2,2,1963,2
1425,5,1,3,1977,2
2583,3,3,2,2011,5
2393,2,1,2,1967,3
2434,2,3,2,1977,5
1882,4,3,1,1986,3
2698,5,1,1,1985,3
2867,2,2,1,1999,3
1431,4,1,3,2000,2
2986,5,2,2,2020,5
2219,5,3,3,1967,3
2400,2,2,1,2013,4
1947,3,2,1,2011,2
2388,2,2,2,2016,4
2859,4,1,1,2019,4
2667,3,3,2,2008,4
1934,2,3,2,1979,4
1404,4,1,2,1964,3
1491,4,2,1,1951,2
1065,3,3,2,1952,2
1911,2,3,3,1959,3
1082,4,2,2,1969,1
2002,5,1,2,1965,2
1480,5,1,1,1953,3
1776,3,3,3,1973,4
2252,2,2,3,2005,4
1784,5,3,2,1998,5
2754,3,1,2,1955,4
2248,4,2,2,1958,3
2136,5,1,3,1951,4
1651,2,3,3,1965,4
2208,4,1,1,1959,5
2196,4,2,3,1952,4
1522,3,1,2,1993,2
2694,2,1,2,2002,3
1204,4,2,2,1960,3
1741,2,1,3,1983,3
2561,2,1,1,1950,3
1318,2,1,1,1984,1
2182,4,2,2,1955,4
1901,5,2,1,1972,1
1777,2,2,2,1991,1
2106,3,3,3,1966,5
1418,3,2,3,1958,1
1537,4,3,3,1999,4
2606,5,1,2,1987,5
2572,2,3,1,1990,3
1391,4,3,1,1962,2
2156,2,1,1,2006,1
1939,4,3,2,1967,2
2661,5,2,2,1959,5
2650,2,2,3,2018,5
2627,5,3,3,1985,3
1241,5,3,2,1954,1
2474,2,2,2,1986,4
1998,5,2,3,1957,5
2223,4,3,1,1969,4
2742,4,1,1,1983,4
2140,4,1,1,2000,3
2242,5,2,3,1996,3
2328,2,1,1,1991,3
1242,5,3,2,1974,4
2315,5,2,2,1958,2
1975,4,1,3,1986,1
2817,2,1,1,1984,4
2324,3,1,2,2001,5
2852,3,2,3,1953,5
1683,2,3,1,1960,3
2411,2,3,2,1988,4
1587,4,2,1,1954,2
2232,2,1,3,1969,4
2337,2,3,2,2007,3
1616,5,1,3,2008,2
1025,5,3,2,1972,2
1862,3,3,2,1986,5
1078,4,3,2,2016,1
2011,4,1,1,2000,2
1127,2,1,3,1962,2
1412,4,1,3,1982,1
1136,3,1,1,1969,2
2357,5,1,3,2007,4
1547,3,2,1,2009,2
1387,3,3,2,1982,2
1570,2,3,1,1955,5
2253,5,2,1,1997,3
2015,2,3,1,2004,1
1420,3,2,2,1984,3
2147,3,2,2,1981,3
2111,4,2,1,1952,2
2872,4,3,2,1965,3
1140,4,2,2,1985,3
2808,3,1,2,1983,4
1050,4,1,1,1954,1
1986,5,2,2,1968,5
2590,3,2,3,1963,4
1928,3,1,3,2011,3
2428,5,1,1,1983,5
2360,2,1,2,1963,3
1661,4,2,2,2017,3
2688,3,1,3,1985,3
2986,5,2,2,1977,5
2754,2,2,1,1961,5
2754,2,2,3,2014,4
1365,5,3,1,1968,2
1907,3,2,3,2002,2
2934,3,1,1,1984,5
1997,4,1,1,2013,1
1853,4,2,2,2020,3
1257,5,3,2,1956,3
1044,3,2,2,2020,2
1268,3,3,2,2002,2
2334,5,2,3,2003,3
1671,5,1,1,1994,3
2018,2,3,1,1983,3
2301,2,2,2,2005,3
1856,2,3,1,1970,2
2498,2,3,1,2021,4
2590,2,3,2,1972,3
1144,5,1,1,2003,2
2989,4,1,1,1985,4
1234,5,3,1,1960,1
1690,2,1,1,1959,3
1719,5,1,1,1987,3
2159,3,3,2,2001,4
2468,5,3,2,2003,3
1352,5,3,1,1951,1
1993,2,1,2,2016,2
1274,2,2,2,1993,3
2407,5,2,2,1975,4
1909,5,2,2,1973,3
2346,2,1,1,2000,5
2206,3,3,2,1993,3
2596,2,1,2,1986,4
2086,5,2,2,1976,4
2896,5,2,1,1956,5
2750,3,2,2,1951,4
1871,2,2,3,2019,5
1650,5,2,1,2018,2
1942,2,3,2,2003,2
2669,5,2,3,1978,4
1704,4,3,2,1983,3
1866,4,1,2,2021,1
1984,3,2,2,1964,4
1831,2,3,3,1965,3
2500,4,2,1,1975,4
2110,3,3,2,1967,3
2233,4,1,2,1985,2
1461,5,2,2,1956,1
1080,4,2,1,1978,2
1321,2,1,2,2016,2
1414,2,1,3,1957,1
2874,3,1,3,1970,5
1189,4,2,1,1981,1
2883,5,1,2,1983,5
2256,3,2,2,1968,3
1391,5,1,3,1973,1
2192,3,3,1,2016,4
2466,3,3,3,1975,5
2786,2,2,2,1950,5
1167,4,3,1,1973,3
2254,2,2,1,1955,5
2173,5,1,2,1953,3
1663,2,2,2,2007,3
2573,3,1,2,1978,4
2409,2,3,2,2017,3
2298,4,2,3,1971,4
1897,2,2,3,2015,3
2883,5,1,2,1999,5
1863,5,3,1,1977,3
1061,3,2,2,1977,1
2490,5,1,3,1953,4
1527,4,1,3,1950,2
1861,5,1,1,2008,3
2165,4,1,2,1995,3
1823,5,3,1,1986,3
1064,3,2,3,2010,2
2452,3,1,2,2008,5
1309,3,2,2,1955,1
1705,2,1,2,1951,1
1853,5,2,2,1960,2
2453,3,2,2,1958,3
2023,2,3,3,2020,3
2184,4,1,1,1971,3
2998,3,3,1,1990,5
1305,4,3,1,2004,3
2384,3,1,2,1998,3
2301,5,2,3,1953,4
2319,4,1,2,2019,3
2574,5,1,2,1956,5
1872,2,3,2,1964,2
1168,4,3,2,2017,1
2482,2,1,1,1975,5
2603,3,1,1,1981,4
2030,3,2,1,1980,2
2620,3,3,3,1977,4
2734,2,3,3,2010,4
2155,3,3,2,1958,4
1587,5,1,2,1997,4
1761,2,1,1,1977,1
1346,2,2,2,2009,2
1954,4,3,1,1959,3
2744,3,3,3,1981,5
2619,4,2,1,1986,5
1734,2,2,3,2008,2
2276,4,2,2,1970,3
1409,5,3,1,1975,4
1542,3,3,3,2006,2
1354,2,3,2,1974,1
2988,3,2,3,1956,5
2587,5,2,3,1980,4
2391,3,2,2,1995,4
1583,4,3,2,2003,3
1510,5,2,3,1966,3
1532,2,3,1,1967,1
1527,5,2,2,1968,1
1946,3,2,2,2005,4
2551,2,1,3,1954,3
2425,3,3,2,1963,4
2198,2,3,3,1956,2
1823,5,1,2,1982,1
2947,2,1,3,1968,4
2873,3,3,2,2018,5
1077,4,1,3,1959,2
1439,4,3,3,2005,3
2775,4,1,1,1964,4
1548,2,3,1,1952,2
2255,4,1,1,1980,4
1399,4,3,1,2020,2
2236,3,2,2,1972,3
2216,5,1,3,1997,5
2290,3,1,1,2015,4
1125,2,3,2,2001,1
2738,3,3,2,2019,4
1833,5,3,2,1951,2
2405,4,3,1,1971,5
1543,2,1,3,2018,2
1501,2,3,2,1968,4
2426,4,1,1,1953,5
1823,3,3,3,2016,4
2284,5,1,3,1983,4
1386,2,2,2,1956,1
1411,2,3,2,1950,2
2369,5,3,3,1998,4
2117,2,3,2,1977,3
1099,4,3,1,1995,1
2820,5,2,2,1959,5
1460,5,1,2,1996,2
2338,3,1,2,1976,3
1024,5,3,2,1952,3
2941,4,2,1,1985,4
1493,2,3,2,1965,3
1868,5,3,2,1970,2
2140,3,3,3,1994,1
2302,4,3,1,1953,3
2605,2,3,1,1980,4
1846,4,3,2,1989,2
2102,4,3,2,1969,2
2447,5,2,1,1979,4
2377,4,2,3,2007,4
1525,4,1,1,2005,3
1540,4,2,2,1976,2
2679,2,2,3,1969,4
1476,5,2,2,2003,3
2878,5,1,1,1953,4
2582,4,1,3,2005,5
2526,3,1,3,1960,5
2283,3,2,2,1984,5
1523,4,3,1,2001,3
1809,5,3,3,1985,1
2761,4,3,2,1974,4
1771,3,2,1,2011,2
2619,2,3,1,1992,3
2029,2,2,1,2019,3
2933,3,1,2,1994,5
2782,4,2,1,1960,4
2058,5,1,2,1978,2
1441,5,2,1,1977,3
2600,3,1,2,2015,4
2170,5,1,1,1984,2
2592,2,2,1,1991,3
2216,4,2,1,2016,5
2036,2,3,3,2015,3
2553,4,2,1,1990,5
1245,4,2,2,1977,2
2878,2,2,2,1963,4
1113,4,2,3,1972,2
1793,5,1,1,2020,3
1232,4,2,2,1957,2
2701,2,3,3,2004,4
1979,4,3,2,1990,4
2345,3,1,3,1978,4
2561,4,2,1,1968,2
1125,3,1,1,1991,1
2336,2,2,3,2013,3
1510,3,2,3,1990,1
2507,4,3,3,2016,2
1280,4,2,1,1955,2
1797,5,2,3,1995,2
1977,5,2,3,2021,3
1902,4,2,2,1964,2
2306,4,1,3,1956,4
1650,4,2,1,1961,3
2636,4,3,3,2014,5
1391,2,1,2,2000,1
2546,4,3,2,1965,5
1381,3,2,3,1977,2
1215,5,3,3,1999,2
1541,3,1,3,1969,3
1605,3,3,2,1992,1
1115,2,2,1,2002,2
1508,3,2,3,2020,2
2523,3,3,2,1974,4
1270,3,2,1,2004,3
2463,5,1,2,1962,5
2314,2,1,2,1996,3
2062,3,1,3,1967,4
2047,3,3,3,1965,3
1775,2,3,3,2002,3
2066,4,1,1,1995,2
2193,3,3,3,1985,4
1339,5,1,3,1969,2
1168,5,2,1,1981,1
2561,3,1,3,1982,4
2715,2,1,2,1962,5
2495,4,1,1,1990,3
1661,5,3,3,1952,3
2668,5,2,1,1954,4
1142,2,3,1,1975,1
2699,4,1,2,1956,4
2124,2,3,3,1967,2
1574,4,2,1,1988,4
2628,4,2,1,1994,4
2742,4,3,3,2005,4
1474,3,2,3,2014,1
1310,5,3,3,1972,4
2607,5,2,1,1969,3
2083,4,1,3,1995,5
2052,3,1,1,1955,2
1530,5,2,1,1962,3
1990,5,1,2,1972,4
1072,3,3,1,2007,1
2417,5,2,2,1953,5
1868,2,3,3,1985,2
1393,2,2,3,2011,2
2781,3,3,2,1964,3
1480,5,1,3,1960,3
1472,3,3,3,2002,1
1312,3,1,1,1971,3
2461,3,3,1,1979,3
1951,5,3,3,1967,3
1323,3,3,3,1999,2
2012,5,3,2,2018,3
1964,2,3,1,1982,5
1086,3,2,2,2005,1
1358,3,1,1,1967,1
1694,5,1,2,2007,2
1196,2,2,2,2003,2
1755,5,3,3,2020,2
2863,4,1,1,1970,5
1976,5,2,1,1965,4
2408,2,2,1,1962,3
2141,2,2,2,1962,1
1497,3,1,2,1991,2
1907,5,2,2,1974,3
1930,5,2,2,1967,2
2907,4,1,1,2002,5
1461,2,2,1,1998,4
2519,5,1,3,1976,2
2617,4,3,1,1973,5
1969,5,1,3,1973,3
2270,2,1,3,2014,3
2998,3,3,2,1981,5
1233,5,2,1,1954,2
1416,2,2,2,1971,1
2490,2,2,3,2003,1
2505,2,1,1,2005,4
2388,4,3,3,1973,3
1152,4,3,3,1979,2
1271,3,2,1,1961,1
1391,5,2,1,1961,2
1546,4,2,2,1970,2
1724,4,3,2,1960,3
2746,4,2,1,1951,5
2453,5,3,2,1991,4
2674,3,1,3,1974,3
1188,3,2,2,1966,2
1811,3,1,3,2005,3
2930,5,3,2,2013,5
2275,5,1,3,2002,3
1394,3,1,2,1964,2
1661,2,2,3,1950,1
1852,5,2,1,1990,2
1593,3,3,3,1981,3
1233,2,3,1,1989,1
1231,4,3,1,1970,1
1357,4,1,1,1957,2
2598,4,2,2,2007,3
1236,4,1,3,1984,3
2056,4,1,2,2000,4
1212,3,1,2,2016,3
2595,2,1,2,1979,5
1378,2,1,3,1952,1
2025,4,1,3,1979,3
1908,5,3,3,1995,1
1449,5,3,1,1991,1
1568,5,3,3,2010,2
2450,5,2,1,1953,4
1812,5,1,3,2012,3
2822,4,3,1,1997,4
2673,5,2,3,1976,5
1278,4,2,2,1954,2
1213,3,1,3,2002,3
2774,4,2,2,1999,5
2308,5,3,3,1996,5
2566,4,1,2,1973,5
1717,5,3,3,1961,3
1969,3,3,3,1951,1
2297,5,2,1,1991,4
2034,2,1,1,1973,2
1870,3,2,1,2008,4
2070,4,2,2,1955,4
2665,5,3,3,2013,3
1437,2,2,1,1982,3
2607,3,3,1,1990,3
1670,4,2,1,1973,4
1903,5,1,2,2020,2
2450,2,3,3,2014,4
2455,4,3,3,1989,4
2153,5,2,3,1957,3
2045,5,2,3,1982,4
1891,2,3,3,1984,3
1388,4,1,3,1973,2
1134,5,3,1,2012,1
1531,4,2,2,1952,1
1219,2,1,1,2017,1
1332,2,1,1,1957,2
2153,4,1,2,1959,4
2055,2,2,3,2008,3
2448,5,1,2,2000,5
2321,4,3,1,1977,3
2527,3,2,1,1989,5
2868,5,3,2,2020,4
2784,5,2,2,1987,5
2708,4,1,2,1987,4
1356,4,1,3,1953,2
2478,5,2,3,1969,2
1400,2,1,2,1984,1
1895,5,3,3,1951,2
2582,3,3,3,1989,4
1989,2,3,2,2015,4
1708,2,2,2,1970,2
2943,4,3,3,1966,4
2478,4,1,2,1970,4
2057,5,3,2,1981,4
2789,4,2,3,2021,5
1247,5,1,1,2007,2
1945,2,3,2,1972,2
1041,5,1,2,1997,3
1800,2,2,1,2020,1
1122,4,2,3,1957,2
1026,5,3,3,1999,4
2485,2,3,3,1982,3
1570,3,1,1,2004,2
2170,3,3,2,1972,4
1495,3,2,1,2003,2
2650,2,2,1,2003,5
2483,3,2,2,1992,4
1898,4,2,1,2012,5
1710,4,3,2,2016,2
2151,4,1,1,1963,5
1664,3,3,1,2019,2
1782,2,3,2,1983,3
1850,4,1,2,1975,3
2979,5,2,1,1974,5
2106,2,2,2,2010,2
2558,3,2,1,2017,4
2722,4,2,1,1968,5
2651,2,1,3,1951,4
1673,2,3,1,1996,3
2126,3,1,3,1999,2
2778,3,1,1,1979,3
2542,5,1,2,2003,3
1683,3,1,2,1988,1
2279,4,2,3,1988,5
1246,4,3,1,2000,2
2215,2,2,1,1981,3
2649,4,1,3,1973,4
1534,5,3,2,1990,1
2893,5,1,3,1958,3
1313,2,2,3,2006,2
2299,5,2,1,1984,3
2946,5,1,3,1989,4
2396,3,3,2,2016,4
1443,2,1,3,1989,2
1868,2,1,3,2016,1
2218,5,3,3,1976,5
2281,4,1,3,1965,4
2813,2,2,3,1957,4
1581,4,1,2,2017,3
1870,2,3,3,1970,3
2383,4,3,1,2019,2
1547,3,2,1,1956,1
2131,4,3,3,1962,4
2047,5,3,1,1989,1
2675,3,3,3,1995,5
2045,3,1,2,1961,3
1501,3,2,1,1985,2
1850,5,2,3,1969,5
2864,4,1,2,2014,5
1715,3,3,3,1967,2
1891,5,1,1,2000,3
1500,2,1,2,1996,2
1734,3,2,2,2013,2
1592,3,1,1,1952,2
1406,3,2,3,1990,3
1702,5,1,1,1984,2
1285,4,1,3,2002,2
1146,2,1,2,2020,1
1793,3,3,3,1963,4
1383,3,1,3,1982,3
1010,5,1,1,1997,1
1275,5,1,1,1977,2
2591,2,2,2,1999,5
2708,3,1,1,1973,3
1963,5,3,3,2002,3
1302,2,2,2,1982,1
1203,4,3,3,1992,2
1344,2,3,3,1992,1
2783,3,3,2,1987,5
1825,5,1,1,2017,3
2289,3,3,3,1954,4
1838,5,3,3,1986,4
2729,4,2,2,1957,5
2119,5,2,3,1950,3
1980,4,3,1,1979,2
2468,4,2,1,1971,5
1583,3,1,1,1977,2
2012,2,1,3,2019,3
1382,2,3,2,1994,2
2573,2,3,3,1966,4
1916,5,3,3,1965,2
1391,4,2,3,1977,2
1888,4,3,3,1962,3
2624,2,2,3,1976,4
1539,2,2,1,1966,1
2115,5,3,3,1959,5
1565,2,1,1,1995,2
2182,3,3,2,1984,3
1883,2,1,2,2001,5
1472,5,1,3,1995,1
1371,2,2,1,1991,1
2399,4,2,3,1986,4
2576,5,1,2,1975,3
1036,2,1,2,1998,1
2660,2,1,3,2012,4
2957,3,3,2,1995,5
1690,2,1,2,2002,2
1843,3,2,3,1975,4
2060,3,1,3,1981,2
2566,4,3,2,2010,5
2213,4,1,1,2019,3
2535,5,1,3,1991,3
1657,4,3,1,2013,1
1089,3,1,2,1996,2
2029,2,3,2,2010,4
1904,3,3,1,1987,3
2162,4,2,2,1960,1
1094,2,1,3,1982,1
2654,3,2,2,1957,3
1631,3,1,1,1987,4
2409,2,2,2,2021,3
2308,4,2,1,1982,3
1690,2,3,2,1959,2
2513,2,1,2,1952,3
1406,3,1,2,1977,1
1995,2,1,1,2001,3
1518,3,2,3,1992,1
1895,4,1,1,1957,4
2847,5,3,2,2005,5
2662,5,3,3,1990,5
1076,2,2,2,2005,1
1233,3,2,2,1975,3
1829,4,2,2,1952,3
1585,2,1,1,1975,2
1483,5,1,3,1972,2
2487,5,1,1,1982,2
1270,3,1,2,1961,1
2844,2,2,2,1955,4
1938,3,1,1,1995,4
1468,2,3,1,1985,3
1631,4,2,2,1950,1
1546,5,2,1,1981,3
1718,2,3,1,1985,2
2007,5,1,3,1982,3
1604,5,2,2,1992,2
1964,5,2,3,1954,2
1377,3,3,1,1966,1
1176,3,3,1,2013,4
2664,3,3,3,2003,4
1636,5,1,2,1984,3
1026,5,1,3,2007,2
1575,5,2,3,1972,3
1730,5,2,1,1989,1
2240,3,2,1,1990,4
2704,4,1,3,1968,4
1660,4,3,2,1985,4
2139,5,2,1,1952,3
1659,5,3,1,1954,3
2627,5,1,2,2019,5
1084,5,1,2,2014,2
2622,2,2,3,1980,5
1906,4,1,1,1992,3
2655,5,1,3,1992,4
2473,4,1,2,2008,5
2875,2,3,1,1981,5
1535,2,1,1,1956,1
1088,2,1,3,1954,3
1548,2,3,1,2021,2
1853,4,1,3,1959,3
1894,3,1,3,1977,3
1506,4,1,3,2003,2
1407,5,3,1,1977,2
2294,2,2,1,1974,4
1523,5,2,2,2002,4
2517,4,2,1,1983,2
1606,2,1,1,2019,2
2002,5,3,2,2007,4
1447,5,2,1,1950,2
1542,4,3,1,1993,4
1948,5,3,1,1970,3
1349,2,1,2,1958,1
2768,5,1,2,1998,5
1851,2,3,1,1953,1
1327,5,2,1,1983,1
2835,4,3,3,2014,3
2309,2,2,3,2005,1
2058,5,3,3,1991,4
2556,3,2,2,1955,4
1622,2,2,3,2017,3
1487,2,3,2,1962,2
2854,2,3,3,2014,2
2883,3,3,1,2001,5
1486,4,3,2,1959,3
1144,5,3,1,2008,2
1755,5,2,3,1999,1
1145,3,3,3,1962,2
2020,3,2,1,2018,2
2774,5,2,1,1975,5
2526,5,2,2,1996,4
2627,5,2,3,2000,4
1827,4,2,1,1956,3
1626,3,3,1,1990,2
2550,2,2,1,2012,4
2295,5,3,2,1990,3
1533,5,1,2,1958,3
1629,3,2,3,1958,2
1880,3,3,1,2015,3
2118,3,2,3,2012,4
2470,3,1,2,1984,5
1414,3,3,2,2019,2
1256,5,1,2,1956,1
2866,3,1,3,2015,5
2285,4,1,2,1955,3
1904,2,3,2,2013,3
2459,4,2,3,2011,3
2853,5,1,3,1996,5
1569,5,2,3,1976,4
1741,4,3,3,1995,4
1107,4,3,2,2020,1
2042,4,1,3,2021,4
2388,2,2,1,1967,5
2676,4,2,3,1993,4
2402,5,1,3,2020,3
1264,4,2,2,1995,1
2773,5,3,1,2001,3
1749,2,1,1,1965,4
2072,5,1,1,1967,3
1676,2,2,1,1992,1
1798,3,3,1,2012,2
2438,4,3,1,2004,4
2082,3,1,2,1973,2
1182,4,1,1,1974,4
1658,3,3,1,2015,2
2470,3,2,1,1955,4
2921,3,1,3,1988,3
2324,2,2,2,1960,3
1607,2,2,3,1963,3
2578,5,2,2,1983,5
2377,5,3,3,1979,5
2792,5,2,2,2006,4
2236,4,2,3,1996,4
2212,2,1,2,1969,3
1642,3,1,1,1974,3
1346,5,3,1,1977,2
1811,2,1,3,1962,4
2926,2,1,3,2005,5
1800,4,2,2,1998,3
2160,3,3,1,1972,2
2847,5,3,1,2010,5
2491,4,3,1,1997,5
1502,3,3,3,2000,2
1798,4,3,2,1976,3
1967,3,3,1,1999,3
2214,3,1,2,2014,5
1470,5,3,2,1984,4
1689,5,2,2,1964,3
2368,2,2,2,2021,4
2774,5,1,2,1990,3
1000,2,1,1,2020,2
1109,2,2,1,2011,1
2873,2,3,1,1992,4
2810,2,1,3,1956,2
2906,3,1,3,2007,4
1893,2,3,3,1955,3
2769,2,1,1,1970,5
2087,2,3,3,2020,3
1755,3,1,3,1974,2
1052,4,2,2,1960,1
1261,4,2,3,2008,2
2552,2,1,2,1989,5
2325,4,3,1,1994,5
2991,5,2,2,2018,5
1885,5,2,2,1990,4
1233,5,1,2,2011,2
1072,5,2,2,2017,1
2380,3,3,3,2015,2
1950,2,3,3,2017,4
2626,3,2,3,1975,5
1483,3,1,2,1968,1
2029,2,3,1,1990,4
2733,3,3,1,1994,5
1876,2,3,3,1964,5
2831,4,3,3,1999,5
1858,4,3,2,2017,2
2857,5,2,2,1988,4
1136,4,2,2,2018,2
1778,5,2,3,2015,3
2427,5,1,1,2021,4
1627,5,1,2,1981,3
1554,3,2,3,2005,2
1742,2,1,3,1974,2
1569,4,3,1,2003,3
2229,2,1,2,1962,3
1409,4,1,3,1995,2
2829,4,3,3,1991,4
2629,3,2,3,2004,3
2059,4,3,1,1973,3
1229,2,3,3,2008,1
2250,2,3,2,1976,4
2718,4,2,1,1994,5
1261,2,1,1,2013,2
2154,5,3,1,1957,5
2600,2,3,2,1952,3
1891,5,1,3,1964,4
1447,5,1,3,1982,2
1185,2,3,1,1999,2
2652,5,3,3,1997,4
2209,2,3,1,2013,3
2297,2,1,2,2002,2
2686,4,3,1,1998,5
1351,2,2,2,2020,1
2436,2,1,1,2011,3
2174,4,2,3,1968,5
1383,3,1,1,1966,2
2059,2,3,2,2006,4
1464,3,1,3,2020,2
1465,4,3,1,2019,3
2118,3,1,1,2020,4
2157,3,3,3,1972,5
1161,5,3,1,1953,2
1299,4,2,1,2000,1
2818,2,3,1,2015,5
1355,5,3,1,1957,2
2263,4,3,3,1953,3
1563,4,3,1,1994,3
2961,5,2,1,1958,4
1792,5,3,2,1995,3
2022,4,2,3,2002,3
1585,2,2,2,1980,4
2830,3,3,2,1952,3
1749,2,1,3,1975,4
2190,3,2,1,1952,2
1139,2,1,3,1980,1
2162,5,3,3,1951,4
2904,5,1,2,2003,5
1234,5,1,3,2006,1
2026,4,3,3,1978,4
1255,4,1,3,1969,1
1370,3,3,3,2010,1
1277,5,1,2,1952,2
1515,4,2,1,1985,2
1903,4,3,3,1964,3
2235,2,2,3,2004,4
2239,5,2,2,2010,3
1269,3,1,3,1989,2
2551,2,1,2,1951,4
1927,2,2,1,2008,3
1063,5,3,1,2007,2
2774,4,1,1,1966,3
1459,2,2,3,2017,2
2039,3,1,1,2003,4
1563,4,2,3,1975,3
2042,3,1,3,1993,3
2348,3,1,1,2021,3
1907,3,1,2,1974,1
1772,2,1,3,2012,3
1809,4,3,3,2013,4
2040,5,2,2,1968,2
2646,2,1,1,1973,4
1839,4,1,2,1997,3
2895,5,1,2,1977,5
1487,5,2,2,1987,3
2117,2,2,3,1952,3
2033,4,3,2,1990,2
2747,3,2,1,1955,5
1748,3,1,1,1985,3
2789,5,2,2,1990,4
1527,2,1,3,1951,3
2512,2,3,3,1953,1
2167,3,3,1,1978,3
1553,2,3,3,1965,3
1514,2,3,1,2013,3
2942,4,1,3,1965,5
2493,4,2,2,2015,5
1376,5,1,1,1957,2
2691,4,3,1,1956,5
2517,2,1,1,2017,4
2708,3,3,1,1991,4
1483,3,2,3,1997,3
1451,3,2,1,2016,1
2559,5,3,1,1977,5
1786,3,2,1,1981,1
2098,4,2,3,1993,2
2063,4,2,1,2001,3
1301,2,2,3,2010,1
2575,5,1,2,2005,5
2085,3,2,1,1985,1
2773,2,1,2,2018,3
2526,3,3,1,2019,4
1998,3,1,2,1952,1
2268,2,2,1,1975,3
1017,4,1,2,2011,1
2675,2,3,3,1983,5
1397,5,1,1,1952,2
2006,2,1,1,1951,3
1593,3,2,1,1994,3
2643,2,3,3,2020,5
2769,4,2,2,2004,5
2803,4,2,1,2006,4
1103,4,1,2,2011,2
2946,4,1,2,1968,5
2367,3,2,3,1958,5
2394,3,1,1,1963,4
1748,3,3,1,2010,4
1373,5,2,1,1973,2
2871,5,2,2,2020,5
2201,2,2,3,1979,2
2035,4,3,2,1954,5
2886,5,2,2,1959,4
1740,4,1,1,2017,4
2844,3,2,3,2015,4
2804,3,1,2,1989,5
1889,2,1,2,1989,1
1455,4,3,1,1970,1
2666,3,3,1,1979,3
1248,2,1,1,2020,1
1447,4,2,2,1968,3
2017,5,2,2,1965,2
1979,4,3,1,1978,3
2593,3,3,3,1967,5
2027,5,3,3,1963,2
2259,2,3,1,2012,3
2345,3,1,2,2010,3
1370,4,2,3,1961,4
2571,3,3,3,1993,3
1790,4,1,3,1984,5
1748,2,2,3,1970,1
1786,3,1,3,1995,1
2319,3,2,1,1982,3
1839,5,1,3,1959,2
1399,3,3,1,1992,2
2081,4,1,1,1971,4
2898,5,3,1,2019,4
2553,4,2,3,2008,3
1547,5,2,1,2011,3
1407,2,1,3,2020,1
1640,4,1,2,1975,2
2536,4,3,3,1994,4
1063,3,1,1,1985,1
1573,2,1,1,2008,3
2901,5,1,2,1959,5
1419,5,1,2,1965,3
2866,2,1,3,1986,5
1145,3,1,3,1955,1
2295,4,1,3,1991,4
1016,4,3,2,1972,1
2815,3,3,3,2006,4
1097,5,1,2,2003,4
1451,3,2,2,1999,3
2762,4,2,1,1968,5
1974,2,1,2,1974,5
1897,5,1,2,1977,3
2015,3,1,2,1976,3
2266,4,3,3,1987,3
1478,5,1,2,1952,3
1200,3,3,2,2009,2
2929,2,2,2,1988,5
2972,5,3,1,2004,4
2496,2,3,3,1995,3
1178,4,2,3,2008,1
1507,5,3,2,1994,3
1452,2,3,3,2008,2
1269,3,1,3,1973,2
2257,2,2,1,1988,3
2647,4,3,1,1952,3
1485,3,1,3,1953,2
1577,2,2,1,1954,2
1337,5,2,3,2002,2
1860,2,2,2,1957,2
1756,5,3,1,1959,2
1756,2,2,1,1959,2
2471,4,2,1,1988,4
1583,5,2,2,1986,4
2380,4,3,3,2003,5
2072,5,1,2,2007,1
2519,5,3,3,1990,5
1345,2,3,1,2001,3
1701,5,3,1,1991,5
1292,3,2,3,1964,2
2712,2,1,3,2006,3
2987,3,2,3,2010,5
2696,3,1,3,2021,3
2173,5,1,1,1988,4
2605,4,3,3,2015,5
2568,2,3,3,1954,2
1795,4,3,1,1960,2
2879,2,1,1,1989,5
2021,3,1,1,1970,1
2283,5,3,1,2020,3
1076,5,3,2,1988,2
2133,4,1,1,1959,3
1816,5,1,3,1982,3
1895,5,3,2,1967,3
1650,4,1,3,1980,5
1546,4,1,2,1999,3
2446,5,2,1,2019,4
1393,5,3,3,1985,1
2258,3,2,1,1956,4
2353,5,3,3,2006,3
2735,4,1,2,1954,5
1324,2,1,1,1983,3
1150,5,1,1,1973,2
2569,2,3,2,1963,4
1878,5,1,3,1996,4
2055,3,1,2,1978,2
1271,5,2,2,1962,2
1835,4,1,3,1996,2
2845,5,2,1,1960,5
2659,2,1,3,1966,4
1367,4,1,2,2018,1
2515,5,3,3,1966,3
2339,2,1,3,1980,3
1587,3,2,2,1960,2
1571,5,1,2,1973,2
2391,2,1,2,1962,3
1079,2,3,3,1964,3
2909,3,2,1,1965,5
2195,5,2,1,1983,4
1257,2,3,1,2008,3
1278,3,3,3,1992,1
1503,3,3,1,1972,1
2756,2,3,2,1996,4
1557,4,3,3,2015,1
1490,5,3,1,1996,2
2608,2,1,3,1967,4
1565,5,3,1,1989,2
2862,3,1,3,1969,3
2916,4,3,1,1952,4
2360,5,2,3,1980,5
1520,2,1,2,1996,2
1325,2,3,2,2019,2
2195,2,1,2,1980,3
1840,5,3,2,1996,3
2547,5,3,3,2009,4
2504,2,1,2,1977,5
2567,4,1,1,1970,4
2441,2,2,2,1998,3
2362,3,3,3,2010,3
2824,3,2,3,1953,4
1319,4,2,1,1951,2
2295,4,1,3,1980,3
1689,5,2,2,1971,3
2137,3,3,2,2004,3
1406,4,3,3,1972,2
2049,2,3,2,2001,4
2260,3,2,2,1960,2
2333,3,2,1,2009,3
1683,4,2,3,2009,1
1232,5,3,3,2018,3
2021,4,1,1,1976,4
1548,4,2,2,1952,2
2288,3,1,3,1971,3
2036,4,2,1,1984,4
1495,2,1,1,1992,1
2339,4,3,3,2020,5
1617,2,3,2,2016,2
2661,2,2,2,1994,4
1847,4,2,3,2006,2
2005,5,3,2,1979,3
1383,2,1,1,1961,2
2016,2,1,1,2012,5
1641,2,3,3,1997,2
1315,5,2,3,1983,1
1440,5,2,3,1976,3
2138,4,3,1,2018,4
1298,2,2,3,1960,1
1914,3,2,2,1999,1
2147,2,1,2,1959,4
1255,4,3,3,1974,3
1650,5,2,3,1955,2
2741,2,3,2,1969,4
1046,2,1,3,1964,2
2752,4,3,3,1953,3
2854,4,3,2,2017,4
1902,3,1,2,1993,3
1462,2,3,1,1954,1
2373,2,2,2,1967,4
2146,2,3,1,1974,3
1030,3,2,3,1952,2
1152,2,2,1,1958,1
1455,4,2,3,1977,2
1285,5,1,2,1957,1
1035,2,2,3,1959,1
1817,2,2,1,1980,2
2933,2,3,2,2012,5
2820,4,2,2,1993,3
2946,3,1,1,2017,5
2908,5,3,1,1965,5
1255,5,3,1,1950,3
1177,3,2,3,2017,1
2571,2,3,2,1999,2
2277,2,1,1,1979,4
1507,5,1,2,1977,4
2697,5,2,2,2012,5
1020,2,2,3,1963,2
2829,4,1,2,1995,3
1718,4,1,2,1953,3
1459,2,3,2,2014,4
2201,5,2,1,2008,4
2405,2,2,2,1971,2
2060,2,1,3,1960,3
2994,3,1,1,2020,4
2143,2,2,1,1976,5
1629,2,2,1,1977,1
2744,2,2,3,1992,5
1935,4,1,3,1984,4
1310,4,2,1,2000,2
2231,2,2,1,1982,3
2177,5,2,3,1989,4
1761,4,2,1,1997,3
1682,2,3,1,2017,2
1314,2,3,2,1997,1
1306,4,1,2,2016,1
2527,5,2,3,2000,4
1618,5,1,1,2002,2
2678,4,2,3,2018,5
2543,2,1,1,1968,5
2629,5,2,2,2012,4
2933,3,3,3,1989,5
2120,2,3,3,1990,4
2513,5,2,2,2012,4
2809,3,2,2,1990,5
2035,4,2,1,2019,5
1513,3,2,1,2005,2
1348,4,1,1,1978,2
1916,3,3,1,2021,2
2030,5,2,2,2016,4
1499,3,1,3,1964,3
1474,2,1,2,1957,2
1523,5,3,2,1966,3
2875,3,2,1,2014,4
2080,2,2,2,1975,3
1589,4,1,3,1997,3
2609,3,3,1,2005,4
1790,5,2,3,1963,3
2053,4,3,3,2013,4
1366,2,1,2,1976,1
2630,3,1,3,1990,4
2843,4,3,3,1998,5
1009,5,1,1,2005,2
1146,3,2,2,1979,1
1363,3,1,1,1981,1
2622,3,2,2,1991,4
1252,4,2,1,1969,2
2722,5,2,2,1966,5
1939,3,1,3,1967,4
2768,5,1,3,1950,5
2276,5,2,3,2003,3
2466,2,1,3,2009,4
1735,2,2,1,2013,1
1339,3,3,1,1958,1
2539,3,3,1,1987,3
2376,2,3,3,2016,4
1704,3,2,3,1953,3
2676,4,1,2,1961,3
1322,3,3,3,1987,2
2163,3,3,1,2004,5
1860,4,2,3,1979,5
2974,3,2,2,1981,3
2468,5,2,2,1986,5
1094,4,1,1,1968,1
1552,4,1,2,1963,3
2443,2,2,1,2017,3
2537,5,1,1,1956,3
1789,2,1,3,1953,2
2173,5,3,3,1985,4
1552,3,3,1,1953,4
2374,2,2,1,2002,2
1115,3,2,2,1950,1
1631,3,2,2,1982,1
2260,2,3,2,1985,3
1269,2,1,1,1951,2
1860,3,1,3,1992,2
1290,3,3,2,1953,2
2774,4,2,1,1977,3
1629,3,2,2,1960,1
1863,3,1,3,1995,2
2850,3,2,2,2015,1
2847,2,3,1,1962,5
1474,2,2,3,1952,5
2545,4,1,3,1950,2
1536,3,2,3,2003,1
1684,5,2,3,2003,2
2034,3,3,1,1993,2
1612,3,1,2,1979,2
1776,3,1,3,2014,2
2926,3,2,1,1992,4
2350,3,1,3,2019,4
2953,2,2,3,2018,5
1594,4,1,3,1974,4
1275,2,1,3,1991,3
1369,5,2,1,1965,1
2513,2,1,1,1995,4
1344,2,1,2,1971,2
2796,4,2,3,2008,4
2756,5,1,1,1961,4
2334,3,2,3,1978,4
1730,4,1,2,1979,1
2624,2,3,1,1998,5
2508,2,1,1,1999,2
1757,5,1,2,2012,2
1687,5,2,2,2003,3
1003,2,2,2,1953,1
2869,5,3,1,1990,4
2399,3,2,3,1997,3
2392,2,3,3,1985,3
2488,2,1,2,2013,3
1532,3,1,3,1960,2
2743,5,1,1,2018,5
1985,2,1,2,2020,4
2160,3,3,2,1993,3
1833,4,3,3,1967,1
1362,3,1,1,1988,2
2998,2,1,3,2009,2
2954,3,2,3,1998,5
2239,5,1,2,1991,5
2391,2,3,3,1988,3
2202,5,2,3,2003,4
2269,5,1,2,2015,4
1127,5,2,2,1994,3
2381,4,3,2,2016,4
1077,2,2,1,1974,1
1740,2,2,3,1979,2
2316,2,3,3,1959,5
1773,3,1,3,1961,2
1081,2,2,3,1969,2
1341,2,2,1,1974,2
2361,5,3,2,1965,3
1818,5,3,3,1989,3
1577,5,2,3,1995,4
1095,2,3,3,1985,2
2168,5,1,1,1979,4
1576,4,2,3,2014,2
1520,5,1,2,2005,1
2420,4,3,1,1999,5
1995,3,1,3,1958,5
1356,4,1,2,1961,3
1185,4,2,1,1974,2
2693,3,3,2,2016,4
1542,4,3,3,2011,1
2342,2,2,3,2013,3
2777,5,2,3,1968,5
2082,5,2,3,1952,3
1009,5,2,1,2011,1
1856,2,3,3,1969,3
2147,5,3,3,1978,2
1355,4,3,2,1984,2
2369,3,3,1,1992,4
1793,4,2,1,1952,3
1236,3,1,2,1954,2
1332,2,2,2,2008,1
2447,5,1,2,1951,1
1323,2,1,2,1979,1
1022,5,2,2,1979,1
1930,4,1,3,1986,2
1458,4,3,1,2021,3
2483,5,2,3,2018,5
1520,3,1,3,1981,2
1718,4,1,2,1996,3
1556,3,1,3,1966,3
2444,4,3,2,1977,5
2988,5,3,3,1959,5
1402,5,3,2,1975,2
2354,4,3,2,2009,3
1456,4,3,1,2005,1
2506,3,2,1,1972,2
2521,3,2,1,1963,4
2050,3,3,3,2011,4
1396,5,1,3,2016,3
2976,4,2,1,1979,5
2211,2,3,1,1989,5
1139,3,3,2,2016,2
1520,2,3,1,1968,3
1745,5,1,2,1962,4
1091,3,2,2,2016,2
1851,2,3,3,2000,4
2267,2,2,3,1996,4
1844,4,1,3,1956,2
1666,2,1,3,2020,3
2753,5,2,3,2017,4
1958,3,1,3,2017,4
1988,2,3,2,1990,4
1796,5,3,1,1997,3
2685,2,3,3,1967,5
2864,2,1,1,1992,5
1087,2,3,1,1985,1
2641,4,2,3,2017,5
1914,3,1,2,1977,3
2317,3,2,1,2000,4
1094,3,3,3,1953,3
1550,2,1,3,2015,2
1398,3,2,3,2001,2
1766,3,2,1,1990,4
2077,2,2,3,1964,4
1242,2,1,2,2018,1
2133,4,3,1,1974,3
2789,3,2,1,1986,4
1623,3,1,3,1953,3
2709,2,2,3,2018,5
1700,5,3,1,1964,1
2244,4,3,3,2002,2
1563,2,2,3,1997,2
1161,4,1,1,2000,4
2992,2,1,1,2020,5
1034,5,1,2,1986,3
1965,3,2,2,1989,2
1036,5,2,3,2019,1
1845,3,2,2,1983,3
1828,5,3,3,1951,2
1622,3,3,2,1962,3
2393,2,2,3,1971,4
2200,4,1,3,1996,5
1520,3,1,1,1995,2
2298,3,2,1,1994,4
1104,5,2,3,1959,1
1155,3,3,3,1977,2
1335,5,1,1,1987,3
2049,2,3,3,1989,3
2957,3,3,1,1987,5
1295,4,2,2,1960,1
2560,3,3,1,1953,3
2378,2,1,3,2020,2
1885,5,2,1,1990,2
1068,3,2,1,1956,1
2350,2,1,1,1966,1
1856,2,2,3,1983,3
1576,5,2,1,1958,5
1661,5,2,3,1969,1
2343,4,1,2,1959,3
1756,4,1,1,1972,4
1451,3,2,3,1952,2
1569,2,2,2,1995,2
2135,5,3,1,1993,4
1634,2,2,3,2002,2
2485,3,1,1,1971,4
2888,2,3,3,1967,5
2987,4,3,1,1953,5
1361,4,1,1,2003,3
1202,2,2,3,1954,1
1486,5,1,1,2010,3
2503,2,1,1,1975,3
2152,2,2,3,1990,3
2049,2,3,2,1973,2
1800,2,1,1,1982,2
1976,5,1,2,2020,4
1026,3,2,1,1993,1
2065,3,1,1,2015,4
1964,4,1,1,1973,5
2606,5,3,2,1996,5
1063,2,2,1,1976,1
2048,5,1,1,1963,3
1071,3,2,3,1979,1
2505,2,2,2,1981,2
2896,5,3,3,1983,5
1899,4,3,2,1996,1
1267,3,1,2,1995,2
1094,2,2,3,1986,2
1394,2,3,2,1978,2
1868,2,1,1,2006,2
2338,2,2,2,1960,4
1116,5,3,2,1998,1
1876,5,1,1,2003,3
1789,5,1,2,1998,4
1576,2,3,2,1985,3
1305,2,2,1,2007,2
1771,5,1,1,1950,2
2763,3,3,2,1958,3
2755,2,1,3,1985,4
1179,3,3,1,1958,2
1357,5,1,1,2002,2
1739,3,1,3,2006,2
2275,2,2,1,2010,3
2322,4,3,3,1963,5
1429,3,2,1,2003,3
2027,2,1,2,1978,4
1652,3,1,3,2010,1
1677,2,2,3,2018,2
1253,4,1,2,1954,2
1940,4,2,1,1962,3
2688,5,2,2,2010,4
2602,2,2,2,1997,4
2590,4,1,3,2007,5
2119,2,3,2,1983,4
1166,3,3,2,1972,1
2856,3,1,2,1951,4
2354,2,2,1,1985,3
2921,2,3,2,1952,5
1964,3,2,1,1990,3
2911,2,3,1,1990,5
1853,3,1,2,1988,3
2085,5,3,1,1989,2
1173,5,1,1,1981,3
2276,5,2,2,1989,4
2484,2,2,1,1967,4
1623,3,1,2,1973,2
2238,4,3,3,1967,4
2262,4,2,3,1953,5
1414,3,1,2,1955,2
1738,3,1,1,1999,2
2765,3,3,3,1975,5
2768,3,3,2,2003,5
1674,3,1,2,2006,2
1125,4,3,3,1950,2
1940,5,1,3,1963,1
1252,3,2,3,1971,2
2868,2,1,1,2018,5
2734,4,3,1,1984,4
2657,2,3,3,1987,5
1412,4,1,1,2000,2
2479,5,1,1,1984,3
1775,5,1,2,2007,2
2077,2,1,3,2003,3
2670,3,3,3,1955,5
2362,2,2,3,1995,4
2382,2,2,1,2012,3
2174,4,3,1,2021,1
2123,2,2,3,1986,2
2567,5,2,3,1980,5
2085,4,1,2,2020,2
2964,3,1,2,2003,5
1195,5,1,1,2013,2
1541,2,3,2,1983,2
2129,4,3,2,2011,5
1644,3,2,1,2019,1
2474,2,2,2,1962,4
2557,2,2,2,1971,2
1155,3,3,3,2021,2
1405,5,3,2,2009,3
1895,3,1,3,1960,3
1725,2,3,2,2002,2
1737,4,1,2,2000,1
1796,5,2,3,2000,3
2706,2,3,2,1959,3
1553,2,1,3,2016,1
2595,3,1,1,2010,2
2612,5,2,1,2005,5
1454,3,1,1,2002,1
1201,4,3,2,1980,1
2755,2,3,1,1995,5
2475,5,1,3,1974,4
2210,5,1,2,1982,5
2631,4,1,3,2001,5
1853,5,3,1,1985,3
1723,5,3,3,1991,1
2391,4,3,1,2009,5
1339,2,2,2,1983,1
1261,5,2,3,1968,2
2947,5,1,1,1961,3
2612,3,3,2,2016,3
1542,5,3,1,1987,3
1550,2,2,1,1963,5
2329,5,3,3,2003,5
2869,3,1,1,2007,5
2749,5,2,3,2011,5
1637,3,3,1,1994,2
1164,4,2,3,1958,2
1757,5,1,1,2017,3
1620,5,1,1,2014,2
2111,3,3,3,2008,4
2223,3,3,1,1953,3
2294,2,2,3,1976,4
1050,4,1,3,2006,1
1488,3,3,2,2008,2
1197,2,1,1,1993,1
2046,3,3,2,1951,2
1664,4,3,2,1974,3
2246,4,1,1,2003,4
2965,4,3,2,1983,3
2244,4,3,1,1971,2
1662,5,3,2,1959,3
1265,4,3,1,1953,1
1072,4,3,1,1961,1
2904,2,3,3,2003,4
1076,4,3,2,1975,1
1543,3,3,1,1968,2
1880,3,2,3,1999,4
1434,3,3,2,1990,1
2960,5,3,3,1984,3
2088,3,2,1,1962,3
2984,4,2,3,1997,5
1356,5,1,1,2015,3
1935,4,1,2,1967,3
1675,4,1,3,1985,4
2822,3,2,2,2000,4
2589,2,1,3,1983,4
1574,2,3,3,1993,2
2792,2,2,3,1983,5
1750,2,3,3,2013,1
2459,5,1,2,2014,5
1995,4,1,2,1985,2
2464,2,3,3,1982,4
2032,5,1,3,2006,4
2493,5,1,1,1960,4
1631,5,1,1,1981,2
2371,4,1,2,1986,3
2625,2,3,2,1994,3
1371,4,1,1,1994,2
1969,5,2,3,1965,3
2198,4,3,3,2013,3
2538,5,2,3,1956,3
2153,5,1,2,1974,4
2589,3,3,1,1959,5
2316,5,2,2,2004,3
2950,2,2,3,1962,5
1352,2,3,2,2011,2
1223,4,2,2,2008,2
2547,4,2,3,1964,5
1953,5,2,3,1974,5
2730,4,3,3,2011,3
2782,4,2,3,2016,4
2532,5,3,2,1990,3
1367,3,3,2,2010,1
2689,3,2,2,1999,3
2613,5,1,2,1952,5
2675,3,3,3,1964,4
2523,3,2,3,1953,4
2113,5,3,1,2019,3
1655,3,2,3,2001,2
2095,3,1,2,1999,4
1432,3,3,3,1952,2
2371,4,3,3,2018,4
2286,2,3,1,1954,2
2294,5,2,1,2003,4
1508,2,3,3,2006,2
1507,2,1,1,1961,2
1616,3,3,1,1969,2
1419,4,2,1,1951,1
2095,2,2,1,1968,3
1073,5,2,3,1954,1
2678,2,2,1,1955,5
2526,3,2,3,1962,5
1573,2,3,2,1977,2
2764,5,2,1,1950,5
2128,2,3,3,1994,2
2132,4,2,3,1991,3
2340,2,2,1,1976,5
1120,2,1,2,2011,2
2522,4,1,3,2001,3
2066,4,1,2,1966,4
2963,3,1,3,2013,5
1705,5,2,1,1995,1
1310,5,2,3,1979,2
2237,5,2,1,1985,4
2486,2,1,2,2006,5
2764,5,3,1,1992,5
1422,4,2,2,1954,1
2412,5,2,2,1984,4
2135,3,3,3,1988,1
2934,2,3,3,2004,4
2882,4,1,3,1971,5
1271,5,2,3,1958,2
1824,5,1,1,1991,3
2125,4,1,1,1961,4
1209,5,3,1,1958,1
1738,3,3,3,2003,3
1792,2,1,3,1952,2
2045,2,3,2,1977,2
1759,4,3,1,1977,3
1158,3,3,2,1990,1
2914,4,1,3,1979,3
1740,4,1,1,1991,2
1342,4,3,3,1984,1
2423,2,1,2,1978,4
2477,5,3,1,1975,3
1698,2,2,1,2005,2
2166,5,2,3,1973,5
2893,2,2,3,1987,4
1396,4,2,1,1996,3
1535,3,3,3,1967,1
1140,5,2,1,1959,1
1960,3,1,3,1991,3
1239,3,3,3,2010,2
1291,5,3,3,1989,1
1816,3,2,1,1970,3
1081,3,2,2,1952,1
1559,4,3,3,1958,2
2888,3,1,3,2002,4
1869,2,3,1,1992,4
1170,5,2,1,2013,2
2797,4,2,1,2011,4
1976,2,1,1,1970,3
1579,3,1,3,2013,2
1525,3,1,3,1954,1
1541,2,2,3,2004,1
2235,4,1,1,1993,5
2461,3,3,1,1960,5
1321,3,1,1,1951,1
1899,2,1,1,2020,4
1713,3,2,2,1982,2
1083,5,2,3,2003,1
1955,5,1,1,1964,2
1375,4,2,1,1956,2
2076,4,1,1,1976,3
2890,2,2,2,1988,5
2519,5,3,1,1972,2
2279,2,2,3,2010,3
1585,4,3,1,1953,1
2243,2,2,1,2001,4
1099,3,2,2,1984,1
1128,4,3,2,1986,1
1917,3,3,1,2003,2
1218,4,1,1,1993,1
1476,3,2,2,2001,2
2806,4,1,1,1981,4
2713,4,1,1,1988,4
1559,2,2,1,2011,1
1628,5,2,1,1978,2
2018,3,3,2,2011,2
2352,2,1,3,1984,4
2911,2,3,1,1987,5
2714,4,2,2,2019,4
2503,4,3,1,1998,3
2808,2,2,2,1955,5
2897,5,3,2,1976,3
1338,2,2,2,2005,2
2895,2,2,1,1975,5
2882,4,3,3,1993,4
1420,4,2,3,2013,3
2505,3,3,3,1970,4
2006,2,1,3,1975,1
2850,3,1,2,1969,4
1766,2,2,2,1991,5
1029,2,3,2,1960,1
1788,3,3,1,1990,2
2525,3,2,3,2017,4
2569,2,1,3,2006,5
1328,4,3,3,1992,1
1609,2,2,2,2015,3
1433,2,2,2,1963,2
1587,5,3,2,2016,3
2710,5,3,3,1976,4
2876,4,2,2,2015,3
2272,5,2,3,2020,3
2875,2,1,1,1999,5
2157,2,2,2,2001,3
1689,5,3,3,1998,3
2388,5,1,2,2003,5
2763,3,3,2,1979,5
2598,2,1,1,1999,3
1424,5,1,3,1992,2
2438,5,1,2,1984,4
1769,3,3,3,1970,2
2679,3,2,1,1989,3
1511,5,1,3,2017,3
2408,4,3,1,1975,5
2411,4,1,1,1993,4
2011,3,1,1,2011,3
2472,2,3,2,1956,3
1302,3,1,1,1951,2
1098,2,2,3,2004,2
2329,4,3,3,1955,3
1556,2,1,3,2019,1
1990,5,1,1,2007,3
1467,2,1,2,1979,1
1439,5,3,3,2009,1
1326,3,1,1,2011,2
1568,3,3,3,1955,3
1032,5,1,1,2021,2
1411,2,3,2,1965,2
2649,2,1,2,1956,4
1811,2,1,3,1998,2
2137,4,1,2,1957,4
1507,2,3,3,1958,2
1055,2,2,1,2002,1
2579,3,3,2,2017,5
2747,4,1,1,1972,5
2375,3,2,1,1988,4
2352,5,3,3,2008,3
1545,5,3,2,1992,1
2293,2,1,2,1958,3
1195,4,1,3,1972,1
1412,5,3,1,2007,2
1636,2,1,2,1991,2
2102,4,2,3,1991,2
2790,5,1,1,1968,5
2680,5,2,2,1994,3
2106,4,2,3,1959,3
1741,4,1,2,2013,2
1136,4,3,3,1983,3
1538,4,2,1,1950,2
1688,5,1,1,1992,2
1718,4,2,3,1999,2
1932,3,3,1,1994,4
1305,5,3,2,1958,1
2334,5,2,3,1960,3
1724,5,2,2,1986,3
2889,4,3,2,1960,4
1914,4,1,3,1978,2
1548,5,2,3,1996,3
1505,3,1,1,1959,1
1387,2,2,1,1993,1
1292,5,1,3,1951,3
1178,5,2,1,1956,3
1671,2,1,2,2009,2
2452,3,1,3,2004,4
2903,5,3,1,2013,5
2547,3,3,1,1953,5
2704,4,2,3,1989,2
2335,3,1,3,2019,4
1079,4,3,1,2003,1
2037,2,1,3,1977,3
2077,5,1,3,1951,3
1446,4,3,1,1992,1
1765,3,3,3,1968,4
2088,5,2,3,1995,2
2395,4,2,3,1965,5
1502,4,1,1,1982,3
1569,3,3,1,1977,3
1095,4,1,1,1980,2
2556,2,1,3,2010,4
2283,4,1,1,1991,4
1584,3,2,1,2020,1
1247,5,3,3,1977,1
1498,3,3,1,1975,2
1981,4,2,1,2010,3
1267,2,3,3,1959,2
2663,3,1,1,1975,5
2565,3,1,1,2020,3
1735,3,1,3,1986,3
2339,5,3,3,1953,3
1611,4,3,3,2006,2
1070,5,2,1,1971,3
1592,3,3,3,1994,2
1448,5,3,2,2005,3
2933,3,3,2,1960,5
2390,4,1,1,1968,2
2835,5,3,1,1967,5
1619,5,2,1,1961,5
1613,2,3,1,1972,3
2433,2,1,3,2009,4
1090,3,2,1,1989,2
2532,5,3,3,2009,5
1876,4,1,2,1993,2
1527,4,3,1,2003,3
2133,2,3,3,2003,3
1774,2,2,3,2016,1
1671,2,3,3,2000,2
1764,4,3,3,1967,3
2112,4,2,2,1955,2
2630,4,1,3,2000,4
2295,3,3,1,1986,4
2270,5,3,3,1957,4
1360,3,3,2,2020,2
1377,5,2,1,1999,2
2229,5,3,2,2010,3
2853,2,2,3,1969,5
1797,5,3,1,2020,3
2783,2,2,3,1950,4
1454,5,2,1,1973,2
1907,3,3,1,2003,2
1066,3,1,2,2002,1
1986,5,3,2,2002,2
1978,3,3,1,2016,3
1042,5,2,1,1991,1
1228,5,3,1,1994,1
2974,2,3,3,1957,5
2836,3,3,1,1996,3
2467,3,1,2,1970,4
1233,5,1,2,2004,3
2222,4,1,2,2008,2
1496,2,1,1,1995,2
1847,2,3,2,1960,2
2055,4,1,3,1986,3
2287,2,3,2,2007,4
1112,2,2,1,2003,1
1972,3,2,2,1969,2
2853,3,1,3,1968,4
1458,5,1,1,2017,2
2299,5,3,2,1952,4
2169,2,3,3,1998,3
2380,4,2,1,2005,5
1005,5,3,1,1962,1
1991,4,1,2,1956,5
1493,2,3,2,2012,1
2131,2,2,2,2013,4
2948,5,2,2,2011,5
2795,2,2,3,1951,5
1070,2,1,2,2001,1
1938,5,1,1,1996,2
2363,5,1,1,1993,3
1673,3,2,1,2004,2
2123,3,1,1,1970,3
2350,2,3,2,1997,2
2056,4,3,2,2021,5
1142,3,2,3,1998,2
1735,4,3,3,2017,1
1725,3,2,3,1953,3
2655,3,3,3,1973,5
2703,2,1,1,1969,3
2884,5,3,2,2003,5
1216,5,2,1,1983,2
2997,5,2,2,2021,5
1433,2,3,3,2017,1
2890,3,3,3,1986,5
1833,4,2,2,1968,3
2752,5,2,2,1979,4
2077,3,1,1,1974,4
1719,2,1,1,1994,3
1941,2,3,2,1957,4
2615,3,1,3,1967,4
1906,2,1,2,1962,2
2915,2,3,1,2009,4
2968,3,1,2,1967,3
1994,5,3,3,1975,4
2174,4,2,3,1964,4
2540,3,3,2,2000,5
2471,5,3,1,2002,5
2058,4,3,2,1992,3
1860,2,1,1,1957,3
2006,5,3,3,1975,3
2142,4,3,3,1961,2
2220,3,1,2,1997,3
1565,4,3,2,1955,3
1770,5,3,1,2012,3
2797,2,1,1,1958,5
2878,4,1,1,1958,5
1877,4,2,1,1996,3
1823,3,2,1,1984,3
1513,4,3,3,2010,4
2617,3,2,3,1987,4
1861,5,3,3,1979,4
1421,2,3,1,1970,2
2975,5,2,1,1969,5
1516,4,1,3,1972,2
2709,4,1,3,1973,4
2162,3,2,1,1959,1
1704,3,3,1,1986,2
1808,5,3,3,2013,2
1043,2,2,2,1964,1
1857,3,2,1,2015,2
1800,5,2,2,1956,2
1567,5,2,2,1973,5
2777,2,2,3,1951,4
1907,3,2,2,1974,4
1257,3,3,3,1990,1
2536,3,3,3,1973,3
1960,3,3,2,1968,5
2400,2,1,3,1976,4
1892,5,3,1,1995,5
1288,2,2,3,1951,2
2493,3,1,2,1981,4
1971,4,3,3,1970,2
1803,4,3,2,1992,1
2172,3,1,3,1964,2
2107,3,2,1,1970,3
2955,2,2,3,1957,3
2049,4,1,3,1991,2
2198,2,2,2,1952,2
2758,2,3,2,1961,4
2664,2,1,3,1971,4
2445,3,2,3,1978,3
2677,5,1,3,2016,4
2369,4,3,1,1979,3
1301,5,2,2,1961,2
2321,5,2,3,1987,2
2158,3,3,2,1985,5
2078,3,2,3,1980,2
1055,3,2,1,2000,2
2014,2,2,1,1983,1
1373,3,3,3,1988,2
2611,3,1,1,1963,5
1830,3,1,3,1952,3
1919,3,2,3,2014,2
2362,5,1,2,2002,4
1456,5,3,2,1953,3
2378,3,2,2,2017,3
1131,5,3,3,1977,1
1492,3,2,2,1954,1
2577,4,2,3,2016,4
1109,3,1,3,2011,1
1581,5,2,3,1959,3
2149,5,2,1,2009,4
2883,4,1,1,1968,4
2319,4,2,3,1969,4
2202,2,1,3,2014,5
2948,4,1,2,1970,2
1809,3,2,2,1972,2
1885,4,1,1,1964,3
2220,5,2,3,2014,2
1772,3,1,1,1965,3
2124,5,2,3,1969,3
1936,2,2,1,1967,2
1572,2,2,3,1953,3
2206,2,2,2,2014,2
2947,5,2,2,1974,5
1808,5,3,3,1952,4
1878,2,1,3,1950,5
2032,5,2,1,1953,2
1412,2,3,1,1978,2
2741,2,2,3,1992,5
2957,5,1,2,2020,4
1829,3,3,3,1995,1
1565,2,3,3,2020,2
2715,4,1,2,1958,5
1103,3,2,2,1974,1
2149,3,3,1,1971,3
2569,3,3,1,1968,2
1676,3,3,2,1991,3
1944,2,1,3,1959,4
2833,2,2,2,1965,3
1465,4,1,3,1955,1
1800,2,2,3,1965,2
2141,2,1,2,1960,4
2889,4,3,3,1981,4
2115,2,3,1,1977,4
2635,5,3,2,2008,3
2004,5,1,1,2005,2
2508,2,1,3,1973,3
2110,3,3,1,2007,3
1233,2,1,1,1951,1
1912,4,3,1,1991,3
2147,3,3,2,2001,3
2226,4,1,2,1999,4
2055,5,1,3,1996,4
1356,4,3,3,2001,1
2486,2,3,1,2004,3
1963,5,2,2,1998,2
2574,3,3,1,1964,5
1093,2,1,2,2004,1
2545,5,2,2,1966,4
2750,3,3,3,1971,4
2123,3,3,2,2007,5
1243,3,1,3,2004,1
1057,4,2,3,1968,3
1964,2,3,3,1961,3
2380,3,1,3,1983,4
2514,3,2,2,2004,4
1319,4,3,2,1993,2
2042,3,2,2,1990,2
1356,3,3,2,1973,2
1116,5,2,1,1985,2
2159,2,1,2,1969,2
2862,4,3,2,1974,4
1295,4,1,1,2018,1
1524,3,2,1,2002,3
2124,3,3,1,1986,2
2178,3,1,1,1970,3
2617,3,3,2,2014,5
2623,5,3,3,1986,5
2128,4,1,2,1979,3
2665,3,2,2,2009,3
2807,2,1,3,2017,3
2549,3,1,2,1985,3
2151,5,2,2,1994,4
1400,5,3,3,1952,2
2595,4,3,2,1966,4
2989,5,2,3,1983,5
1738,5,3,2,1961,2
1528,2,2,1,2018,2
1556,5,1,3,1967,2
1549,3,3,2,1954,2
2147,5,3,1,1960,3
1359,2,2,2,2020,1
1063,4,2,2,1954,1
1764,3,2,3,1983,3
1773,3,2,1,1960,4
2979,4,2,1,1987,4
1623,2,3,2,1966,2
1101,2,3,3,1951,2
1560,4,3,1,1996,1
2300,4,3,1,1962,4
2250,4,3,3,1989,5
2046,4,3,1,1998,4
1843,3,1,2,2020,2
2720,3,3,2,1966,5
2087,4,2,3,1967,3
2180,5,3,1,1963,5
2818,4,2,1,1993,5
2413,5,2,2,2015,5
2172,5,1,1,1961,5
1838,2,2,1,2011,2
2386,5,2,1,1961,3
1680,5,1,3,2010,2
2487,5,2,3,1969,4
1644,3,1,3,1988,3
1404,2,3,1,2005,3
1825,5,2,1,1964,4
2155,3,3,3,1966,2
2220,4,1,1,1986,3
1646,3,3,1,1954,1
1419,5,2,2,2016,3
1376,3,3,2,1958,1
2422,5,1,1,1960,4
2921,3,2,3,1996,5
2911,4,2,2,1965,4
1696,4,1,2,2015,3
2540,2,1,2,1955,4
2606,2,2,3,1970,5
1341,5,2,3,1951,2
1752,4,2,2,1999,2
2886,4,2,3,1975,4
1415,2,2,1,1993,3
2479,4,1,3,1982,3
2320,3,2,2,1962,3
1937,4,3,3,1953,4
2354,4,1,2,1990,3
2728,2,3,2,1999,5
2006,2,2,3,1950,3
1679,5,1,1,2001,3
2362,2,2,1,1988,5
1747,3,2,3,2020,3
1805,4,2,2,2014,2
2321,5,1,2,1981,4
2783,4,1,1,1980,5
2700,2,3,3,2007,3
1311,4,1,3,1989,3
2606,4,2,2,2015,5
2766,3,3,2,1969,5
1054,4,1,1,2001,2
1693,3,3,3,1974,4
1533,4,2,2,1981,1
2818,2,1,1,2002,5
1104,5,2,2,2008,1
2198,2,2,3,1993,2
1293,5,3,1,1981,3
1879,4,3,2,1951,2
1550,2,3,1,1951,2
1910,3,3,2,1969,2
1374,2,3,1,2012,1
1449,3,1,1,2006,1
2468,4,3,1,1966,5
2083,4,1,3,2012,3
2415,5,1,3,1986,3
1811,2,2,3,1961,2
2834,4,1,1,2020,4
1389,5,2,3,2018,2
2235,5,2,1,2002,4
1666,4,3,3,2008,1
2708,3,3,1,2010,4
2558,3,3,2,1981,4
2263,5,1,3,1970,2
2511,4,3,2,1986,3
2744,2,2,3,1992,5
2145,2,3,2,1960,4
2276,5,3,3,2001,3
1140,2,2,2,1983,1
2475,4,1,3,2005,5
2875,2,1,1,1969,5
1873,2,1,3,1953,3
2855,4,2,3,2005,4
2176,3,2,1,2003,4
2916,3,1,2,1968,4
2749,5,3,3,1975,4
2331,4,2,3,2011,3
2583,3,1,1,1954,3
2340,2,1,2,1990,2
2552,5,1,1,1987,4
2319,4,1,2,2020,4
1842,4,3,2,1973,5
2368,5,3,2,1982,5
2604,3,2,3,2000,4
1596,5,2,3,1994,2
2305,5,1,3,2010,5
2231,4,3,1,1971,4
1951,4,2,3,1978,4
1551,2,3,1,2003,2
2119,5,2,2,1979,2
2475,4,1,1,1985,3
1372,4,2,1,2005,3
1647,4,3,2,1995,3
2096,5,3,3,1961,4
2836,5,1,1,1969,3
2808,3,1,3,1975,5
2704,5,3,1,1999,4
1332,4,3,3,1974,1
1392,2,1,2,1971,2
2733,5,2,2,1985,5
2882,3,2,1,1957,4
2129,5,3,3,1973,3
2124,4,3,1,1977,3
2382,3,2,3,1980,4
2352,5,1,3,1977,2
2912,5,2,1,1986,4
2641,3,1,3,2014,4
1394,3,2,3,1985,1
1034,3,2,1,1961,1
1156,3,3,3,1976,1
1903,2,2,1,1960,3
2296,3,2,3,2002,4
1966,5,3,3,1967,2
1395,2,3,2,2003,1
2775,4,2,2,2008,4
1206,4,3,1,2015,1
2780,3,1,3,1998,5
2628,4,1,1,2012,4
1620,2,2,2,1994,2
2329,5,3,2,2021,4
2649,5,3,2,1986,5
2559,2,1,2,1962,3
1804,3,2,3,1995,5
1461,3,2,2,2017,3
1251,3,2,2,2019,1
2290,2,1,2,1980,4
1866,3,3,2,1957,2
1208,5,2,2,1969,1
1954,2,3,3,1999,3
2590,2,1,1,1973,4
1538,4,2,1,1979,3
1502,3,3,1,2020,1
1955,3,1,2,1987,4
1513,5,1,2,1994,2
1579,3,2,3,1988,3
2937,5,1,2,1958,5
2171,3,3,2,2003,3
2854,5,2,3,2008,4
2997,2,2,3,1964,4
1839,5,1,3,2006,4
2665,3,1,3,1978,5
1985,4,2,3,1960,3
1082,3,2,2,2019,1
2065,2,1,2,1975,3
2692,5,3,1,1962,4
1452,4,2,3,2009,3
2642,3,3,2,1995,4
2307,4,2,3,1972,3
2211,4,1,1,2012,4
1616,3,1,2,1951,3
1623,3,1,3,2001,1
2497,2,3,3,1951,3
1506,4,3,3,1995,2
2156,5,3,1,1957,5
2294,3,3,2,1993,3
1621,4,1,2,1999,4
2096,3,3,2,2006,3
2951,2,3,2,1951,4
2459,3,1,2,1961,3
2881,3,3,1,1986,4
1292,2,2,2,1974,1
1654,3,1,3,1994,3
1936,2,3,3,2016,4
1756,4,3,2,1984,3
2460,4,1,1,2000,4
1995,5,3,1,2000,4
2875,3,3,2,1980,3
1666,2,3,1,1990,2
2684,3,1,1,2007,2
1059,5,1,1,1963,1
2621,3,2,3,1958,4
2727,5,3,3,1971,4
1326,3,2,2,1960,2
2966,5,1,2,2006,4
2205,2,2,2,2021,3
1798,3,1,3,1982,3
1784,3,2,2,1973,2
1766,2,1,1,1983,2
2457,2,2,3,2006,4
1518,4,3,3,2005,3
1637,5,2,3,2001,3
1082,2,3,1,2019,1
1027,4,3,3,2017,3
1265,5,2,1,2007,1
2306,4,1,1,2020,4
1396,3,3,1,1953,3
1961,5,2,2,1978,2
1762,3,2,1,1985,4
1979,3,3,1,1996,2
2723,3,1,3,1972,5
2406,3,3,2,1950,3
1810,3,2,2,1987,1
1580,3,2,2,1958,2
2342,4,3,2,1963,5
1610,5,3,3,1969,3
1192,5,3,1,1993,4
1226,5,3,2,1981,1
1450,3,1,2,1965,4
2205,3,3,3,1976,3
1931,4,3,3,1970,3
2350,4,2,1,1982,4
2628,5,2,1,1974,5
1654,2,1,1,1991,3
1401,3,2,1,1956,2
2667,3,3,2,1955,2
1471,3,1,3,1959,1
2802,4,1,1,2012,4
2669,3,1,1,1966,4
1889,3,2,2,1972,2
1178,3,3,1,1977,1
2721,2,1,2,1953,5
2979,2,2,2,1981,3
2041,5,2,3,2005,4
1462,3,2,1,1950,3
1834,4,1,2,1954,5
2936,2,2,1,1995,4
1608,5,2,3,1950,2
2569,3,3,1,2019,3
1925,2,2,2,2017,1
2426,4,1,1,1960,4
2416,4,2,2,2009,5
1935,4,3,2,1987,4
1299,4,2,3,1977,1
1350,3,1,1,2019,3
1186,5,2,1,1967,3
2370,5,1,2,1990,3
1622,4,2,3,2000,4
2432,3,2,2,1997,4
2782,5,1,3,1975,5
1070,5,2,1,1954,1
2844,5,1,2,2014,3
2967,4,2,2,2000,5
2350,3,1,2,2019,4
2235,4,2,1,2019,3
2131,2,2,3,2010,4
1176,3,3,3,2019,1
1739,4,3,2,2013,2
1530,4,1,1,1992,2
1417,4,2,1,2016,1
1712,5,3,1,1970,4
1437,5,2,1,2000,5
2641,4,3,1,1991,4
1310,3,1,2,1994,2
1382,2,3,1,1961,2
1980,4,3,2,1958,4
2294,5,1,3,2007,2
1120,5,2,1,1966,3
1406,4,2,1,2017,1
1244,3,2,1,1954,2
1941,5,3,3,2007,3
1881,4,3,3,2018,3
1136,3,2,1,1992,1
1193,4,2,3,1961,2
1705,3,3,3,1977,2
1657,5,3,3,1993,3
1656,5,2,1,1954,2
2512,5,3,2,1977,5
2607,3,2,1,1993,4
2377,4,1,2,1991,5
1929,5,1,2,1975,3
2988,3,3,2,1995,4
2727,5,1,2,1998,4
1555,4,2,3,1963,2
2180,2,2,3,1984,3
1957,2,1,2,1983,1
2499,4,2,3,1992,4
2039,5,1,1,1989,1
2101,5,3,1,2014,4
1513,2,1,1,1993,2
2527,2,3,2,2008,4
1743,2,3,2,1950,3
2084,3,1,3,2016,4
2155,4,3,2,1983,3
2405,5,3,2,1987,3
2587,5,1,3,1968,4
2832,4,3,3,1960,4
1691,5,2,2,2019,3
1542,5,2,1,1983,2
1409,2,1,3,1999,3
1154,5,3,3,1994,3
1632,4,1,3,1970,2
1050,4,3,3,2006,1
2023,4,3,1,1977,3
1993,5,1,1,1964,3
2118,3,2,3,1954,2
2711,2,3,3,1992,5
2546,4,3,2,1953,4
1523,5,2,3,1997,2
1354,2,3,2,1990,1
2068,3,3,1,1984,4
1801,5,3,2,2000,5
2228,5,2,3,2019,4
2754,3,3,1,1962,5
1839,3,3,3,1983,2
2454,4,3,1,1955,3
1255,2,2,2,1988,1
1247,2,3,2,2011,2
1532,4,2,3,2018,4
2482,2,3,2,1975,3
1789,5,1,3,1976,4
2300,3,2,1,1997,5
1194,3,2,2,1969,1
2094,2,2,2,2009,4
2293,2,3,2,1985,3
2358,4,3,1,1973,4
2608,3,2,2,1979,3
1307,5,1,3,1995,1
2450,3,3,1,2019,2
2222,3,2,1,1984,5
1075,4,3,1,2020,1
1786,5,3,3,2005,4
2681,3,2,3,1954,4
2548,2,1,2,1980,4
2664,5,1,3,1969,5
1229,3,1,1,1960,2
2185,2,1,1,1977,3
1396,5,1,1,1967,2
2900,4,1,2,2005,5
2394,2,1,1,1997,4
2586,3,2,3,1968,4
1214,4,1,3,1994,2
2024,3,2,3,2014,4
1376,3,2,1,1985,3
1411,3,2,2,2017,1
2658,5,2,2,1965,5
1799,4,2,3,1973,1
2223,3,3,2,1998,3
1409,4,3,1,2016,1
2421,2,3,1,1967,3
1215,5,2,1,2005,2
1751,4,2,1,1963,3
1348,3,2,2,1998,1
2603,3,3,1,2010,3
1830,5,3,3,1957,2
2617,2,1,3,1959,4
1653,5,2,2,1959,3
2021,2,1,3,1995,2
2946,2,3,3,2000,4
2064,5,3,2,1963,4
2774,5,3,2,2017,4
1002,5,1,2,1979,1
2117,4,1,2,1973,4
2082,4,2,2,1951,4
1739,5,1,3,1967,2
1406,4,2,2,1965,2
1017,4,2,1,1959,1
2517,2,1,2,1997,2
1750,3,1,2,2017,1
2895,3,2,1,2014,4
2531,4,1,1,1978,5
1585,2,2,1,2003,2
1887,5,3,1,1954,2
1331,2,3,2,1968,2
2012,2,2,1,2000,1
1168,3,3,3,1971,2
1775,5,1,3,1957,4
2695,3,2,2,1985,3
1848,4,2,1,2012,4
2704,3,3,1,1968,5
1940,2,2,3,1997,3
1520,5,1,3,2008,3
2528,3,3,1,1982,4
2017,3,1,3,2007,2
2369,3,2,2,2010,3
1303,4,3,1,1999,1
1114,3,1,2,1987,2
1663,4,2,3,1995,3
2118,4,1,3,1971,3
1742,2,3,2,1966,5
1427,2,2,2,2012,2
2721,5,1,1,1957,4
1449,2,2,3,2015,1
2649,5,1,1,2018,2
1785,4,2,3,2019,2
2999,5,2,2,1975,5
2564,2,3,2,1980,5
1001,5,1,3,2009,2
2101,4,1,3,1978,3
2347,4,2,3,2006,3
1742,2,3,1,1950,2
2121,4,2,3,1956,4
2652,3,2,3,1979,5
1109,2,1,3,2000,1
1678,5,2,2,1999,3
2480,3,2,1,1954,4
2511,2,3,2,2011,3
2832,4,2,3,1957,4
2990,5,2,1,1979,5
1370,4,2,2,1988,2
2360,4,1,1,2005,3
1889,5,3,2,1960,4
1598,5,1,3,1973,1
2994,2,1,3,2015,5
2045,2,3,3,2010,2
1721,4,1,1,1990,4
1923,3,1,3,1989,3
2295,5,1,2,1972,3
2513,4,2,3,1998,3
1835,3,2,1,1951,3
1445,3,1,1,1971,2
1931,5,1,2,2017,3
1277,2,2,3,1956,2
2876,4,2,3,2003,3
1231,5,2,2,1979,1
2768,2,2,3,2013,4
1591,2,3,2,1999,3
1425,4,3,3,1972,2
2078,4,3,2,2014,3
2992,4,1,2,2011,4
2826,4,3,1,2007,5
1440,4,2,1,1985,3
1033,3,2,1,1991,1
1328,3,2,2,2020,2
1844,5,1,3,1970,4
1453,2,3,2,1967,2
2411,3,3,1,2020,4
1763,4,1,2,1989,3
2453,5,3,3,1993,4
2499,4,2,2,2002,4
2148,2,3,2,2000,5
1522,4,1,2,1988,1
1481,5,1,3,2006,2
1316,5,3,3,1953,1
1121,5,1,1,1969,1
2570,2,3,3,1954,4
1580,3,3,2,1959,2
2336,3,2,3,1990,5
1486,5,3,1,2007,1
2674,3,3,3,2019,5
2035,2,2,1,1972,3
1124,4,2,3,2018,2
1658,3,2,2,1996,3
2100,2,1,2,1959,1
1579,4,3,3,1954,3
1717,2,1,2,2003,3
2259,3,3,2,1975,4
2594,4,2,3,2011,3
1769,3,2,1,1978,2
2277,4,2,1,1965,3
1903,5,3,2,1970,2
1405,4,1,2,1956,1
2266,3,3,1,1999,4
2484,5,1,2,1970,4
1276,5,2,1,1985,4
2492,3,1,2,1985,4
2248,2,3,2,2020,3
1924,3,2,3,1981,3
2124,4,3,1,2003,3
1853,5,1,3,1987,1
2657,2,1,2,1963,4
2753,2,2,1,1960,4
1506,2,2,3,1981,3
2610,5,1,1,2011,3
2354,2,1,2,2014,4
1236,5,3,2,1988,3
1993,5,1,2,1973,3
2362,2,3,3,1990,2
1751,5,3,2,1991,1
1164,3,3,1,2017,2
1845,4,2,2,2017,3
2692,3,3,3,2014,5
2746,4,3,1,2011,3
2812,5,3,3,1972,4
1727,2,1,1,1960,2
2241,3,1,2,1955,4
2768,3,1,3,1996,5
1375,5,3,1,1977,2
2035,3,2,2,2015,2
2455,4,2,3,1973,4
1082,5,3,2,2020,3
1430,2,2,1,1991,3
2648,2,1,2,1961,4
1477,5,1,3,1960,1
1782,5,2,2,2003,4
2730,2,2,3,1999,5
1368,4,3,1,1978,3
2676,3,1,2,2009,5
1954,5,2,2,2003,3
2992,5,2,3,1952,5
2659,4,3,1,1973,4
1140,2,1,2,2004,1
1719,5,2,3,1998,3
2650,4,3,3,2012,5
2741,5,3,3,1989,5
2479,4,2,2,2010,3
2525,4,3,1,1964,4
2426,2,1,1,1953,4
2976,3,1,2,1990,4
2015,2,2,1,1957,2
1287,4,1,2,1965,1
1354,3,1,3,2020,4
1342,3,1,3,1968,2
1148,2,2,2,1966,1
1209,2,1,2,1979,1
2135,5,3,3,1987,5
1653,3,1,3,1964,1
1975,4,1,3,1986,3
1535,5,1,1,1973,3
2072,5,2,1,1952,2
1330,5,3,2,1957,2
1364,2,1,2,1993,1
2211,5,1,2,1998,3
1508,3,1,3,1959,2
1579,4,3,2,2016,3
2468,3,3,3,1965,3
2113,2,1,1,1974,5
1621,3,1,3,1976,3
1900,4,3,3,2014,4
2699,4,1,1,2010,5
2471,5,1,2,2010,3
2055,5,2,3,1968,3
1073,2,2,2,1962,1
1250,2,1,2,1995,2
1905,4,2,2,1960,3
1354,4,2,2,2008,3
1532,4,2,1,2014,4
1295,5,2,1,2005,2
1297,5,3,2,1958,3
2351,2,2,2,2009,3
1301,4,3,1,1995,4
1511,3,1,1,1971,1
2361,3,1,2,1981,1
1584,2,3,3,1990,3
1373,5,1,3,1991,2
2117,5,3,3,1976,2
2634,2,2,3,1962,4
1909,4,2,3,1992,4
2933,4,2,3,1960,5
1052,4,3,2,1959,1
2519,3,1,2,2000,4
1639,4,3,1,1968,1
2235,3,3,3,2001,1
1796,3,2,1,2010,3
1790,5,1,3,2012,2
2527,5,1,2,2012,3
1852,5,3,1,2003,3
1670,4,3,1,1999,1
2887,5,2,1,2021,3
2256,3,1,3,2020,3
2094,3,2,3,1983,4
1188,4,3,1,1982,1
1662,5,1,1,2008,3
1007,5,2,2,2014,2
1331,5,3,3,1990,2
2635,2,1,1,1989,4
2039,2,2,2,1952,3
1665,4,3,1,1955,3
1668,5,1,2,2017,1
2116,3,1,1,1967,3
2285,2,2,2,1993,4
2572,4,3,2,1963,4
1350,5,3,3,1977,1
2197,3,3,3,1955,2
1936,4,3,3,1984,4
1017,2,3,1,1995,3
1485,5,1,3,1955,1
1366,5,2,1,1979,2
1350,3,3,2,2003,2
1527,3,2,1,1971,3
1871,5,3,1,1986,3
2458,5,1,1,1963,5
1932,2,1,3,1991,3
1269,4,2,1,1955,3
1870,2,2,1,1951,3
2091,2,3,3,1998,2
2053,5,3,2,1983,4
1736,2,1,3,1953,3
1163,3,1,2,1992,1
1925,4,3,1,1976,2
1319,4,3,2,2014,2
2037,3,3,1,1972,2
1278,5,1,2,1972,1
1431,5,3,1,1971,1
1667,4,2,3,2018,2
1633,4,1,3,2018,2
2705,2,3,3,1997,3
1963,2,3,2,1966,4
2195,4,2,2,2006,3
1357,3,2,2,2013,2
2036,4,1,3,1995,3
1724,3,3,1,1987,2
1672,2,2,2,1953,2
1231,5,3,1,1981,3
2499,2,2,3,1998,4
1470,2,2,2,1980,1
2183,2,2,2,2015,3
1638,3,1,2,1982,4
1559,4,3,1,2020,1
2284,5,1,3,1970,4
1572,2,2,1,1969,1
2657,2,1,3,1964,2
1601,2,1,1,1973,3
2382,3,3,2,1959,5
1254,3,1,2,2021,3
1601,3,3,2,2003,3
2538,4,2,2,1971,4
1116,2,2,1,1963,2
1609,5,2,3,1967,2
2185,3,1,1,2010,3
1851,4,2,3,1956,3
2910,4,1,2,1963,5
1297,5,3,2,2001,3
1915,3,2,2,1997,2
2320,4,3,1,2020,5
2617,5,2,3,1971,4
2683,3,2,2,1990,5
1517,3,3,2,1968,4
1377,3,2,1,1992,1
2720,2,1,3,2021,4
1425,4,2,1,1986,2
1536,2,1,1,2008,4
1552,3,3,3,1979,2
1168,4,3,1,2009,2
1514,4,2,1,2003,2
2387,2,2,1,2013,2
2706,5,1,1,1953,5
1429,2,1,1,2010,2
1568,4,1,2,2015,4
1082,5,3,3,1979,1
1329,2,1,2,1980,2
1690,2,2,2,2005,3
2156,3,1,1,1972,3
2621,4,1,3,2006,4
1456,3,2,3,1996,2
1352,3,3,2,1959,3
2806,5,3,2,1984,5
1343,5,1,3,1994,1
2117,4,1,1,1952,3
2405,5,2,2,1963,4
1761,5,1,3,1993,2
2318,3,1,1,1952,3
1197,4,1,1,1971,3
1078,3,2,1,1975,2
1677,5,1,1,1979,3
1550,3,2,1,1983,2
1819,5,3,3,1963,5
1213,2,2,2,2011,2
2666,3,3,2,1969,4
1668,4,2,1,1982,3
1988,3,1,3,1971,2
1893,3,1,2,2018,3
1158,4,3,3,1990,3
2857,4,1,1,1961,5
1738,2,1,1,2000,3
1556,5,1,2,1954,2
1200,5,3,1,2020,1
1021,4,2,1,1987,2
2362,3,2,3,2013,3
2265,5,3,2,2019,5
2764,4,3,1,2012,4
2929,4,1,3,1981,4
2261,2,2,2,1960,4
2172,3,3,1,1973,3
1784,2,2,2,1984,1
2602,2,3,1,1955,3
2256,4,1,1,2001,3
1803,2,2,3,1999,2
1767,2,3,3,1951,2
2785,2,3,1,2003,4
2100,4,3,2,2019,3
1925,3,1,1,2009,3
1086,3,3,2,1988,2
2787,4,1,3,2010,4
2990,5,2,1,1996,3
1583,3,1,1,2011,2
1201,4,1,2,1956,1
2952,4,3,2,1994,5
1570,4,1,1,1983,4
2299,4,2,2,1977,3
1156,4,2,2,1974,1
2204,4,2,2,1994,4
2748,2,3,2,1951,4
1128,2,1,2,1974,3
2266,2,1,1,1993,4
2195,3,1,1,1955,3
2526,5,2,2,2020,3
2503,2,3,2,2021,5
1876,2,3,3,2003,3
1269,2,3,3,1993,1
2444,3,2,3,1989,3
1162,5,2,3,1982,3
1954,4,3,1,2007,3
1023,2,1,2,1993,2
1192,4,1,1,2021,2
1877,2,2,2,1996,3
1389,3,2,1,1971,2
1496,3,2,3,1975,2
1963,3,1,2,1957,3
1805,4,3,3,1991,3
1128,3,1,2,1962,1
2020,5,3,3,1976,4
1552,4,3,2,1953,3
2566,3,2,3,1996,5
2059,5,1,3,1990,2
2480,5,3,2,1980,3
1360,2,2,3,2015,3
1764,2,2,1,1952,3
2973,5,1,2,2003,5
2900,2,2,3,2005,3
2238,2,1,2,1953,5
1286,4,2,1,1951,2
1767,3,1,1,1990,3
1368,4,3,1,1975,5
2492,2,1,1,2016,4
1898,3,3,1,2002,1
2209,4,1,3,1969,3
2497,4,1,1,1965,4
2084,4,1,2,1980,3
1261,4,2,2,1995,2
1787,3,3,1,1953,3
1110,2,2,3,1979,2
1941,2,3,2,1964,3
1140,5,3,3,1966,3
1744,4,1,1,1990,4
1534,5,2,2,1997,2
1078,3,3,3,1960,1
2517,3,3,1,1958,3
2054,4,3,1,1979,3
2539,3,2,2,1984,4
1508,4,3,3,2016,2
1970,5,1,1,1986,2
2653,2,2,2,2009,3
1065,2,1,2,2014,1
2533,5,3,2,1968,4
2935,2,1,2,1950,4
2394,4,1,1,1986,3
1286,5,2,3,1964,4
2199,4,2,2,2005,3
2254,4,3,1,1964,5
2003,2,2,3,2000,3
1411,5,2,3,2009,2
1249,4,2,2,1953,3
2679,4,3,3,1971,4
2917,4,2,1,1996,5
2356,5,3,2,1954,3
1157,3,2,3,2003,2
2600,4,3,3,1956,3
1836,5,1,3,1957,4
2013,2,3,3,1971,3
2293,4,1,3,1967,2
2610,2,1,2,1957,5
2441,3,2,1,1963,3
2463,3,3,3,2017,4
2052,5,1,3,1966,4
1977,5,2,3,1995,5
1334,3,1,2,1990,3
2261,2,1,2,1956,4
1152,3,1,1,2016,1
2629,3,2,3,1970,5
1748,5,1,2,1979,4
1833,4,2,3,1971,2
2138,5,2,2,1968,3
1807,5,1,2,1977,2
2754,2,1,3,1952,4
1757,3,2,2,2005,3
2422,4,1,3,1981,4
2055,4,3,1,1963,3
1531,5,1,3,1996,1
1052,5,1,3,2010,1
1717,3,3,1,1960,2
2754,2,2,1,2019,4
2218,3,2,3,2003,3
2328,4,2,2,1958,2
2730,2,2,3,2005,3
2996,5,3,1,1999,3
1344,5,2,3,2011,1
2105,4,3,1,1961,4
1166,2,1,3,2020,2
1316,3,2,2,1976,1
1964,3,1,3,2006,3
2885,4,2,1,1966,5
1272,2,3,3,1954,2
2692,2,2,2,1950,5
2385,2,2,1,2021,5
1899,2,2,3,1951,4
1200,3,2,1,2011,3
2215,3,3,3,1954,3
2364,4,3,2,1978,4
2322,2,1,3,1967,3
2529,4,3,2,1966,5
2611,4,3,2,2012,3
1305,4,3,1,2014,3
2219,3,1,2,2000,3
2084,5,1,2,2007,2
2992,4,3,3,1953,5
1359,2,2,2,1976,2
1306,5,3,1,1996,2
2503,3,2,2,1988,4
1332,5,3,1,1952,3
2889,5,3,3,1963,4
2106,3,3,3,2014,4
1333,4,2,2,2000,2
1516,5,2,2,1990,1
1730,3,1,2,1965,2
1923,3,2,3,1990,3
1765,5,2,3,2011,2
2497,3,2,1,1989,4
2417,5,3,1,1999,4
2623,5,2,2,1994,5
2743,3,3,3,1992,3
1784,5,3,2,2020,3
2600,2,2,3,1962,5
2403,3,3,1,1965,3
2973,4,1,1,1988,5
1878,3,1,2,2009,2
1021,4,1,2,2019,1
1836,2,1,3,2000,1
1959,2,3,3,2005,2
1547,3,1,3,1950,2
1249,2,3,1,2012,1
1660,5,2,3,1963,3
1951,2,1,1,1969,5
2096,5,3,1,1997,5
2114,2,2,3,2017,4
2199,2,1,2,2002,2
1125,5,1,1,2006,2
2227,5,3,2,1981,5
2937,3,1,2,2013,5
2269,5,1,1,1964,2
1610,3,3,2,2019,1
2294,4,2,3,1956,4
2009,5,2,2,1969,2
2757,3,3,1,2005,4
2964,2,2,2,1971,4
2632,5,2,1,2020,5
1547,2,2,3,1995,2
2191,3,2,1,1959,3
1434,5,3,3,1971,1
2053,3,2,3,1981,2
1793,2,2,2,2011,2
2620,3,2,1,2007,3
1356,3,1,3,1966,2
2514,2,2,2,2010,3
2656,5,1,2,2015,5
2822,2,2,1,2004,4
2271,5,3,2,1990,3
2719,5,3,1,1995,4
1252,4,3,3,1998,1
2980,3,1,3,1956,5
1784,5,1,1,2014,4
1720,5,2,2,1959,5
2889,2,3,3,1997,5
2405,5,2,1,1998,4
2559,5,2,3,1954,4
2657,2,3,1,2007,5
1736,5,2,3,1981,3
1899,3,1,2,1968,2
2928,3,1,1,1951,5
2921,2,3,3,1980,3
2442,5,3,1,1958,5
1122,3,3,3,2017,1
2317,4,3,1,2018,3
1684,2,2,2,2011,2
1142,2,2,2,2017,1
2002,3,3,3,2007,5
1937,2,3,3,1984,4
2922,5,2,3,1988,5
1510,3,2,1,1952,3
2950,4,1,2,1976,2
2704,4,3,3,1957,5
1056,4,3,3,1983,1
1820,4,1,3,1978,4
2654,5,1,3,2012,4
2144,3,2,2,1974,3
2847,3,2,2,1997,4
2786,4,3,3,1987,5
1342,4,3,2,1974,2
1331,3,1,1,1963,1
2479,4,1,3,2000,4
2460,5,2,1,1965,4
1340,4,3,1,2018,3
1340,4,3,3,1959,3
2439,5,1,1,2012,4
1848,3,2,3,1999,4
1181,3,3,1,1966,3
2700,4,3,3,1998,5
1983,3,2,2,1957,3
2287,5,1,1,1971,4
2233,4,1,3,1955,3
1181,4,2,2,1954,1
2467,2,2,1,1969,3
1250,2,3,2,1963,1
1137,5,2,1,1983,1
2241,4,1,1,1989,4
1750,5,3,2,2007,1
1453,2,2,2,1985,1
1882,4,2,1,1963,2
2872,2,2,1,2002,5
1086,4,1,1,2004,2
1292,5,1,2,1993,2
1091,5,3,3,1984,1
2227,5,2,3,1953,5
1185,3,1,3,1987,1
2108,3,3,2,1984,1
2687,5,3,2,1982,3
1155,2,2,2,2018,2
1292,4,3,3,1964,2
1160,2,2,2,1957,2
2409,5,1,1,2001,4
2508,3,1,1,1998,2
2526,3,2,2,1995,3
1850,3,2,1,2006,1
2307,3,3,2,1962,1
1561,4,1,3,2013,1
1034,5,3,2,1982,1
1223,4,1,1,1997,1
1667,2,2,3,1962,2
1392,3,3,2,1994,1
1407,2,2,3,1957,3
2726,2,1,3,1956,2
2411,3,1,2,1962,4
2719,5,3,2,2000,3
2772,2,2,3,1995,5
1296,3,1,1,2000,1
2877,2,2,3,1985,5
2511,2,1,3,1995,5
2593,3,2,2,1984,4
1504,5,2,2,1966,3
2526,4,3,2,1966,4
1752,2,2,3,1965,1
2560,4,1,1,1954,5
2339,2,1,3,1958,3
2519,5,2,1,1990,3
2140,2,2,2,1996,3
2365,5,1,2,2007,4
2905,5,2,3,2007,5
1239,5,1,1,2001,3
1686,4,1,3,2003,2
2468,5,1,2,1989,3
2875,3,3,3,1986,5
1739,2,3,2,2001,1
1996,2,3,2,1965,4
1486,2,1,1,1971,1
1764,2,1,3,1976,2
2434,5,2,3,1956,4
2915,4,3,2,1987,4
1622,4,1,2,1999,3
2776,4,2,3,1989,3
1735,4,2,1,1995,3
1297,2,3,1,1982,1
2075,3,3,2,2008,4
1732,3,3,1,1997,2
2000,4,1,2,1964,2
1303,2,1,2,1952,1
2311,5,3,1,1954,3
1663,4,2,2,2011,2
1898,5,1,1,1970,5
2141,5,1,1,1998,3
2992,3,1,3,1988,5
2447,4,3,1,2010,3
1646,2,2,3,1984,3
1208,2,1,3,1968,2
2150,4,3,3,2018,3
2316,3,2,1,1955,3
1518,5,2,3,2008,2
2245,2,3,3,2008,5
1076,3,2,2,1964,2
1862,5,2,3,1994,4
2813,3,2,3,1971,4
2873,4,1,1,1964,4
2762,3,2,2,2013,5
1912,5,1,1,1972,3
2298,2,2,2,1951,3
2886,2,3,1,1954,4
1806,4,1,1,2003,3
2140,2,1,3,1999,3
2315,5,1,2,2017,3
2294,3,2,1,2018,4
2470,5,1,1,2017,5
2180,2,3,2,2008,3
1571,5,3,1,1958,4
2207,4,2,2,2012,5
1423,3,1,3,1978,1
2679,3,2,2,1951,4
1672,2,3,2,1977,2
2624,2,2,3,1963,4
2039,5,3,2,2003,4
1925,5,3,2,2007,3
2784,3,2,1,2014,4
1097,4,3,2,1986,1
2639,2,3,1,2003,3
1299,4,1,3,1995,1
1746,3,3,1,1966,3
2445,4,2,2,1965,5
2330,3,1,3,2011,3
2979,2,1,3,1992,4
1273,5,2,2,2016,4
1260,4,3,3,1995,1
2262,3,2,3,2018,2
1935,2,2,2,1966,3
2797,3,3,2,1958,4
1267,2,1,1,1987,3
1011,2,3,2,1996,2
1072,5,3,2,2002,2
2015,5,2,3,1992,4
1873,4,3,2,1960,2
1405,2,3,3,1962,2
2840,4,3,2,1977,4
1177,2,3,2,1993,1
1771,2,2,3,1966,2
1945,4,3,1,1957,5
2282,3,2,3,1976,3
1399,5,2,1,1998,2
1269,3,1,3,1968,3
2855,5,2,2,1957,4
2655,4,1,3,1980,3
1485,2,1,2,2015,3
2603,4,3,1,1987,5
1641,4,1,2,1977,2
1886,3,2,3,1971,2
1265,4,3,2,1963,2
1074,2,1,1,1953,1
2113,2,2,1,1990,2
1504,4,2,3,1959,1
1356,4,3,1,2012,1
1153,4,2,3,1979,1
2923,4,2,1,1972,5
2241,5,3,1,2018,5
1485,5,2,2,1956,2
2563,3,1,3,1988,4
2153,5,2,1,2001,3
1065,2,1,2,2008,1
2167,5,2,1,1973,4
1379,5,3,3,1963,2
2336,2,2,3,1989,3
1406,5,1,2,1950,2
2430,4,2,3,1991,4
2996,5,3,3,1969,5
1276,5,2,1,2001,2
1614,5,2,1,1961,1
2432,4,1,2,1958,3
1313,4,2,3,1981,1
1548,3,1,3,1964,1
2272,3,3,2,1958,4
1460,2,3,3,1990,1
1398,3,3,3,1973,1
2691,5,1,1,1978,4
1450,5,2,1,2016,3
1470,5,1,2,2002,3
2667,2,1,1,1963,5
2582,3,1,3,1959,4
2457,4,2,2,1963,5
1955,4,1,1,2019,2
2469,2,3,2,1959,5
1706,4,2,1,1955,3
1327,4,1,3,1961,1
2706,4,1,2,2005,4
1600,2,3,2,1976,3
1245,4,3,2,2016,2
2081,3,1,2,1977,3
1691,5,2,2,1986,3
1971,2,1,1,2001,2
2092,4,1,2,1967,3
1992,3,3,1,1962,2
2325,4,3,1,1957,4
1152,4,1,2,2019,2
2560,5,1,2,1998,3
2912,3,1,1,1955,4
2058,4,3,1,1959,3
1956,4,1,3,1965,5
2038,5,1,1,1975,3
2129,2,3,2,1982,3
1729,2,3,3,1982,2
2919,2,2,1,1961,5
1855,2,2,2,1968,1
2954,3,2,2,2004,4
1284,2,1,1,2015,2
2573,2,1,2,1976,5
2220,4,3,3,2002,4
1786,5,3,1,1970,3
1685,3,1,1,1977,2
2840,2,2,2,1951,5
2579,4,2,3,1980,5
1968,5,1,3,1979,4
2689,3,3,1,2010,5
2176,3,2,2,1971,3
1931,2,3,3,1977,2
2165,5,1,2,1974,2
1311,4,3,2,1995,2
1645,5,2,3,1970,2
2055,2,1,1,1962,4
1025,5,2,2,2020,1
2934,3,2,1,1980,3
1254,5,2,2,1993,2
2968,3,3,1,2013,5
2079,2,2,2,2019,3
1292,3,1,1,1967,2
1636,5,2,2,1974,2
1052,2,2,2,1956,3
1953,5,3,3,1959,4
2490,3,1,2,1962,4
2869,3,1,3,2018,4
1803,2,2,1,2016,1
1868,3,3,3,1968,2
1266,5,3,2,1964,2
2818,5,1,1,2020,4
1001,3,2,1,1982,1
1021,2,3,2,1956,1
1577,4,1,2,1980,1
1211,5,2,3,2014,1
2259,5,1,1,1962,2
2903,3,2,3,2000,5
1528,4,3,2,1974,3
1387,5,1,3,1953,2
1518,4,1,3,1956,2
2870,5,1,2,1951,4
2245,4,3,2,2005,3
2935,4,1,2,2005,5
1615,3,2,3,1989,2
1961,3,2,3,1958,2
1402,4,2,3,1962,2
2536,2,1,2,2013,4
1383,5,1,1,2003,1
2270,2,3,2,2015,2
2923,3,1,3,1957,5
2114,2,1,1,2013,1
1825,3,3,3,2016,3
2460,4,3,1,1988,4
1725,3,3,3,2020,2
1042,5,3,2,1965,1
2097,2,3,3,1968,4
1753,4,3,3,2010,2
1992,2,2,3,2000,1
2584,2,2,1,1968,4
2903,5,1,3,2003,5
1875,2,1,1,2015,3
2339,5,1,3,1967,3
1733,3,1,3,1956,3
1143,5,3,2,1964,2
2352,3,2,1,2000,5
1208,5,2,3,1971,4
2122,4,2,2,1983,2
1699,2,3,3,1959,3
1113,5,2,1,1979,2
1270,5,2,1,1981,3
1062,3,3,1,1979,1
2007,3,1,3,2015,5
1795,2,1,3,2010,2
2427,2,3,1,1986,4
1224,2,3,3,2019,1
2982,3,3,1,2019,5
1160,2,2,1,1982,3
2059,5,1,2,1951,1
1380,5,2,2,1964,4
2676,2,1,1,2017,4
1317,3,2,2,2018,3
2686,3,3,2,1979,3
1455,3,1,2,1985,2
2292,3,2,1,1984,2
1343,2,3,2,1951,2
2063,3,3,3,1966,2
2773,3,3,1,1988,3
1413,2,3,3,1953,2
2403,4,2,2,1964,4
2245,5,2,1,1979,3
2304,2,1,3,1971,3
1224,5,2,3,1958,2
2480,2,3,2,1989,2
2177,2,1,1,1954,3
1279,2,1,1,2018,3
2376,5,2,1,2003,5
2062,2,1,1,1970,4
1728,2,2,2,2007,1
2779,2,3,2,2007,3
1620,5,3,2,1973,3
1974,4,2,2,1972,3
1572,2,3,2,2021,2
1488,2,2,1,1951,2
2007,2,2,1,1988,3
1936,2,3,1,1992,2
2221,4,1,1,2001,3
2195,3,3,3,1996,3
1507,5,2,3,1973,2
1404,4,3,1,1992,1
2294,4,1,3,1951,5
2958,4,2,1,2005,5
2577,3,2,3,1975,5
2724,5,3,3,1992,4
1771,3,3,2,1975,2
1663,4,3,2,1986,3
1130,3,3,2,1986,2
2649,3,3,2,1992,3
2408,2,1,3,1986,3
2757,2,2,2,2014,5
2420,2,1,3,2013,2
2589,4,1,1,1998,4
2873,2,3,1,1969,2
2319,4,2,3,2010,2
2406,2,3,2,2008,4
2535,4,1,1,2017,4
2418,3,2,1,1991,3
2577,5,2,2,1983,4
2628,4,3,3,1963,5
2283,3,1,3,2002,3
1280,2,3,2,1963,3
2379,3,2,3,1982,4
1419,3,3,3,1958,1
2215,5,2,1,2019,2
1636,2,3,2,1988,3
2451,4,1,2,1955,4
1807,4,1,1,1999,4
1347,4,3,1,2004,2
1428,2,1,2,1957,2
2415,4,3,3,1964,3
1546,3,1,2,1955,2
1939,2,1,2,2003,2
1401,4,1,1,1961,1
2070,3,2,1,2002,3
1664,3,1,3,1977,3
1749,5,1,1,2017,4
2448,4,3,1,1973,3
2540,2,3,1,1985,5
1959,3,2,1,1957,5
2981,5,2,2,2017,5
1636,3,3,2,1952,4
1878,5,1,1,1997,3
2351,5,3,1,1997,4
1086,3,3,3,1994,1
1514,3,2,1,1984,2
2003,4,2,1,1983,2
2188,2,1,3,1986,4
2246,5,3,1,1966,4
1860,5,1,1,1989,3
2320,3,2,2,1992,4
1915,3,2,1,2014,2
2366,2,1,2,2012,3
2959,3,1,2,2010,3
1340,5,3,2,1988,1
2484,5,2,3,1956,3
2415,5,3,3,1992,4
2924,2,2,2,1968,5
2560,2,3,3,1994,4
2574,2,2,1,1977,5
1420,2,3,1,2017,2
1380,4,1,3,1961,2
2640,4,1,2,1964,4
1004,4,3,2,2011,1
1647,3,2,1,2009,3
2027,2,1,1,1991,3
2704,2,3,2,2003,5
1315,4,1,1,1996,2
2101,4,1,2,1998,5
1530,3,1,1,2002,1
2740,3,3,1,2021,4
1354,3,3,3,2002,2
2056,5,3,2,2010,2
1661,2,3,1,2016,2
2728,5,1,2,2000,5
2162,4,2,1,1956,4
2295,3,3,2,2020,3
2219,3,2,2,1952,4
1126,5,2,2,2019,3
1348,3,2,1,1963,1
2766,3,3,2,2000,5
2067,3,1,2,1976,4
1741,4,2,3,1994,3
1727,5,3,1,1970,5
1243,3,1,3,1991,1
1008,3,1,3,2007,1
1711,2,2,2,2016,2
2102,5,1,1,2003,2
2780,3,1,1,1965,5
2213,4,1,1,1962,3
1085,3,2,1,1986,2
2508,5,2,1,1964,5
1270,5,3,3,1988,3
2797,2,3,1,1981,3
1512,2,2,1,1982,1
2043,2,1,2,1992,2
2512,2,1,2,1959,4
2955,3,2,3,1961,5
1129,4,3,2,2021,3
1837,3,2,2,1982,4
1769,2,2,2,1987,1
2666,2,1,3,1983,4
2030,3,2,3,1999,4
1851,3,2,3,1992,3
2776,4,1,2,2005,3
1936,5,1,3,1961,3
2333,4,1,1,2013,3
2832,4,3,3,2009,5
2650,2,3,3,1997,4
1900,2,2,3,1996,2
1472,5,1,3,1967,1
2125,5,1,3,1955,3
1337,4,1,3,1954,1
1318,4,3,3,1984,2
2536,5,2,2,1969,3
2048,5,2,3,2001,2
1720,2,2,3,1997,3
2453,5,1,3,1973,3
1142,2,3,1,2020,2
2732,2,1,2,1963,4
1656,5,1,1,2017,4
2172,5,3,3,1966,4
2716,4,2,3,1962,4
2078,4,3,2,1975,4
1470,2,1,3,1959,2
1362,2,1,2,1969,2
1649,5,3,1,1963,2
1208,3,3,1,2002,3
2208,3,3,1,1965,3
2088,5,2,1,2010,4
1548,2,2,3,1989,1
2135,2,3,2,2005,3
1262,3,3,2,1969,2
2099,4,1,1,1982,3
2319,2,3,2,1965,4
2201,5,2,1,2000,4
1765,2,3,2,1986,3
1000,2,3,2,1960,1
1147,4,3,1,2009,3
1875,3,1,3,2010,1
1985,5,1,1,1991,2
2803,4,3,3,1953,4
2685,5,2,3,1990,5
2661,2,1,3,2015,4
1512,5,1,2,1983,1
2922,2,2,1,1998,5
1971,3,1,3,1976,3
2172,3,1,3,1971,2
2292,4,1,1,1970,5
2724,2,1,1,2012,4
1652,3,2,2,1950,3
2128,4,2,1,1984,4
1465,2,3,3,2003,1
1763,5,1,3,1995,4
2019,5,3,3,1957,4
1928,2,3,3,1999,3
2925,4,1,3,1987,4
2304,2,1,1,2016,3
2636,4,1,3,1978,4
1793,5,3,1,1999,1
1899,4,1,2,1995,3
2381,2,1,2,2009,2
1674,5,2,1,1993,2
2008,4,1,3,2005,3
2226,5,2,3,1989,3
2635,5,1,1,1997,5
1915,4,3,2,2019,5
2280,2,2,1,1995,4
2117,5,1,2,1998,4
1323,3,2,1,1955,4
1790,5,1,1,1990,3
2762,4,1,1,1964,4
2385,3,1,2,2017,3
2685,3,2,1,1996,4
2374,4,2,3,1962,4
2085,5,2,2,2021,4
2664,3,3,2,1997,4
1186,3,2,3,2007,1
1914,4,2,3,1982,2
1541,5,3,2,1985,4
1896,5,3,3,2003,4
2327,2,3,3,2000,3
1638,4,3,1,1992,4
1435,4,3,1,1974,2
1212,3,3,1,1978,3
2429,3,3,3,2004,2
1817,3,3,3,1999,3
1961,4,2,2,2010,2
2157,5,3,3,1965,2
1959,5,2,2,1957,4
1916,4,1,3,1960,1
1992,5,2,3,1955,3
1914,2,2,3,1989,2
2242,2,3,2,1981,4
2180,2,2,2,1972,5
1187,5,2,1,1996,3
2499,3,3,3,1976,2
1161,5,1,3,1975,1
1128,2,1,1,2000,3
1303,2,1,2,2004,2
2112,4,1,3,2008,4
2918,4,3,3,2003,5
1916,3,3,1,1957,3
2185,2,2,3,1988,4
1921,4,1,3,1973,2
2059,4,2,3,1969,4
2250,4,3,2,2020,3
1150,3,2,3,2012,2
1592,3,2,2,2000,3
1046,2,1,3,1999,2
2739,3,1,3,2016,5
1939,2,1,3,1992,2
1659,2,1,2,2009,2
2562,4,3,3,1969,4
2001,5,1,3,1987,5
2724,4,3,3,1960,5
1723,3,2,3,1961,3
1819,4,1,3,1985,4
2610,2,2,2,1987,5
2627,5,3,2,2003,5
2597,3,1,1,1974,5
2089,5,3,2,1971,2
2943,3,1,2,1965,5
2103,4,1,3,2017,5
1139,4,2,3,1998,1
1399,4,2,1,2006,3
2955,4,3,2,1990,5
1984,3,3,3,1957,3
1765,2,1,2,2004,3
1445,3,2,1,1991,2
1028,4,1,2,1962,1
2225,2,3,1,1976,4
2260,5,2,3,1989,4
2622,3,1,2,1973,4
2631,5,1,1,1979,4
1798,4,1,1,1986,3
2362,4,1,2,1991,3
2422,5,3,1,1975,3
2462,5,1,3,2021,4
1288,2,3,3,1951,1
2275,3,3,2,1991,3
1976,3,3,3,1993,4
2715,3,3,3,1961,5
1099,3,2,1,1973,1
2939,2,3,1,1970,5
2608,4,3,1,1967,5
1421,5,3,3,1993,3
1642,4,1,1,1997,2
1693,2,2,3,1994,2
1705,3,3,3,2016,3
1470,3,2,3,1969,3
2030,3,1,2,2020,4
1418,2,3,3,2018,2
1379,5,1,1,1989,1
1507,3,2,3,1956,4
1851,2,3,1,2004,2
1510,5,1,2,1997,2
2619,2,1,3,1972,5
1850,5,3,2,2021,3
2896,3,2,2,1959,5
1975,3,3,2,1981,4
1613,5,3,2,2007,4
1468,3,3,2,2008,1
2515,3,2,3,2006,5
2851,5,1,2,1972,4
2125,4,1,3,1971,4
1492,5,1,1,1991,1
1762,4,3,3,1983,4
2559,4,1,1,1990,5
2508,2,2,3,1994,3
1988,2,3,2,1962,3
1478,4,2,1,1985,1
1876,4,3,3,1979,2
1093,2,3,3,2003,2
2204,2,2,3,1959,4
1575,4,3,3,1985,3
2027,4,2,3,2008,3
1605,5,1,1,1955,3
2412,3,1,2,1988,2
2295,3,1,2,2013,3
2818,2,3,1,2001,4
2155,2,1,2,1977,2
1583,3,1,3,1953,3
1815,2,1,3,1963,1
2927,4,2,3,2011,3
1592,3,1,1,1980,3
2535,4,2,3,1970,4
1685,3,1,3,1957,2
2835,3,1,2,2002,5
1962,2,2,3,1976,3
1986,4,2,1,1993,4
2075,4,1,1,1961,3
2313,5,3,2,1983,3
1445,4,2,1,2021,3
1236,4,3,1,2020,1
2812,2,2,1,1956,4
2514,5,2,1,1996,3
2303,4,1,1,1963,3
2067,2,3,1,1969,2
1881,3,3,2,2007,4
1765,4,1,3,1961,2
1936,2,1,1,1998,3
2948,3,1,1,1986,5
1358,4,2,2,2018,2
1645,4,3,2,2012,2
2591,2,1,1,2006,4
2549,3,2,2,1979,4
1100,3,3,3,2000,1
1691,4,1,3,1990,3
1983,3,1,1,1971,3
2484,2,2,1,1981,4
1768,2,3,1,1961,4
1267,4,3,3,1969,4
1882,2,1,2,2006,2
1407,4,2,2,1981,2
2060,5,2,2,1993,5
1467,3,2,1,2010,1
2989,5,1,2,1984,4
2739,4,2,3,1981,3
1258,3,1,1,2018,2
1508,2,3,3,2008,2
2690,4,3,1,1951,5
2773,3,2,3,2005,4
1308,4,1,3,1978,1
2635,3,3,3,1962,4
2296,4,2,1,1978,3
1624,4,2,2,1975,5
1109,4,1,2,1976,2
2678,4,3,2,1991,5
1678,5,2,2,1973,2
2283,3,3,1,1952,3
1741,4,2,1,1958,2
1906,4,3,2,1975,3
1267,2,1,1,2012,2
2055,3,1,1,1965,3
2946,5,1,1,1953,4
1939,3,1,3,2013,1
1810,3,1,1,1977,2
2754,3,1,2,1959,4
2200,2,2,3,1975,4
1103,5,1,3,2018,2
2259,4,3,3,1999,2
2116,5,3,1,2013,4
1200,4,3,1,1997,1
2834,4,2,1,2002,5
1898,5,3,2,2013,3
1742,2,2,2,1971,2
1924,2,1,2,2021,3
2790,4,1,3,1977,3
1596,2,2,2,1956,4
2058,2,3,3,1968,3
2140,2,3,1,1992,3
1687,2,3,1,1964,4
2481,4,3,3,1974,4
2494,2,1,1,1997,3
1919,5,3,1,2015,3
1787,4,1,1,1981,2
1398,3,1,1,1987,1
1596,2,3,2,1983,2
1116,5,1,1,1997,1
1361,3,3,1,2021,2
1203,5,2,3,1950,1
2169,5,2,3,1957,5
1443,3,3,3,1990,2
1726,2,3,1,1999,4
2640,4,3,2,1987,4
1860,4,1,3,2020,2
2320,4,3,3,2001,4
1867,2,1,1,2000,5
2510,5,2,2,1993,5
1766,4,2,1,1960,2
2254,4,3,2,1975,2
2226,5,1,3,2010,4
1361,5,2,2,1970,3
1394,3,1,3,1972,2
2463,2,1,3,1981,3
1913,4,2,3,1972,4
2419,5,2,3,1958,4
1760,4,1,1,1952,4
1655,2,1,1,1976,2
2818,4,3,2,1992,4
1355,5,2,2,1987,1
2424,5,3,2,1960,4
1240,5,3,3,1991,3
2364,2,3,3,2014,4
2566,5,2,3,1951,4
1620,4,2,3,1994,4
1930,5,1,1,1970,3
2562,5,3,2,1956,4
1854,4,2,2,1952,1
2695,2,2,1,1951,5
1528,2,1,2,1990,3
1266,2,3,3,2004,1
2152,2,2,3,1984,5
1219,5,3,2,2004,3
2105,5,2,2,1968,4
1560,3,1,3,1984,3
2576,2,2,3,2010,2
2043,4,2,2,1978,4
2350,4,3,2,2011,2
2060,4,3,3,1968,4
1381,4,2,1,1970,1
2935,3,3,1,1982,3
1038,3,1,3,1968,2
2132,3,2,3,1970,3
2087,5,2,1,1993,5
2198,4,2,1,2017,4
1790,4,3,1,1981,1
1031,3,1,1,1984,2
1944,2,2,2,2020,2
2744,3,2,1,2000,5
2914,4,3,3,2007,4
1530,4,3,1,1989,3
1105,3,3,3,1972,1
1481,4,2,3,1996,2
1205,5,3,1,1974,2
2270,5,2,3,1978,4
1834,3,3,3,1959,3
2702,5,3,1,2012,5
2339,3,3,1,1961,4
2034,3,2,2,2020,3
2072,3,1,1,1996,4
2934,5,1,2,1989,4
1895,4,3,3,1997,3
2596,2,3,2,1992,4
2194,4,1,2,1999,5
1142,3,1,3,1993,2
1206,4,3,1,2005,1
2486,2,1,2,2002,5
1508,4,2,1,1996,2
2224,3,1,2,1974,4
1210,5,2,1,1973,2
2213,5,3,2,1989,5
1187,5,1,1,2007,2
2860,2,3,1,2011,4
2173,5,1,3,1953,3
1524,4,2,1,2001,1
2907,3,3,2,1987,5
2966,3,2,3,2020,4
2389,2,3,1,1959,4
1156,5,2,2,1983,2
1079,4,1,3,1957,2
2296,3,3,3,1989,3
1659,4,2,3,2000,2
2741,2,3,1,2016,4
1625,5,3,2,1993,2
2541,5,1,3,1986,2
2813,4,3,2,1996,5
1231,5,3,1,1952,2
2672,2,1,1,1982,5
1159,4,2,2,1970,3
1343,2,1,1,1962,2
2312,2,2,2,1997,5
1204,2,3,1,2005,1
1994,2,1,3,2005,4
1837,5,2,3,1964,3
1304,4,1,2,1997,3
2383,5,3,3,2006,4
1669,3,2,2,1992,3
2893,2,1,1,1957,4
1399,2,2,2,1979,3
1105,3,1,1,1975,1
2105,2,2,2,2019,1
1341,5,2,3,2017,2
2805,2,3,2,1982,4
1951,4,2,3,1969,3
2444,3,1,2,2020,4
1048,5,1,2,2016,1
2241,2,3,3,1967,3
2841,2,2,3,1972,4
2459,5,2,3,1965,5
1790,2,2,1,2004,4
2345,5,3,3,1986,4
1230,5,2,1,2004,1
2734,5,2,1,2009,4
2510,2,2,2,2009,3
2452,3,2,2,1980,4
1882,4,1,2,1985,1
1725,3,3,1,1999,2
1283,2,1,2,1997,1
2509,4,2,2,1975,5
1275,2,3,1,1998,1
1432,3,3,2,1951,3
2208,2,3,2,1986,5
2745,5,2,3,1989,5
1632,5,3,3,1968,2
1215,3,3,3,1983,2
1096,5,1,2,1987,1
1954,3,3,1,1988,5
2142,2,1,2,1996,3
1364,2,2,2,1958,1
2426,4,2,1,1968,3
2007,3,2,3,1967,5
1617,4,3,1,2015,3
1396,3,2,3,1994,2
1457,2,2,1,1978,1
1317,5,3,2,2012,2
1381,3,3,1,2011,2
1141,4,3,2,2017,3
1456,5,1,2,1991,1
1500,4,2,1,1984,3
2930,4,2,1,1957,4
1322,4,1,1,1974,3
1999,4,2,2,2013,4
1267,3,3,2,2011,2
2826,5,3,2,1976,5
1486,5,2,3,2003,2
1877,5,2,3,2005,3
1678,5,2,2,1989,2
2183,2,3,2,1965,3
2766,2,2,2,1978,5
2003,5,3,1,1964,2
1704,2,3,3,1954,3
1100,3,2,1,2013,2
1571,4,2,3,1968,2
2066,3,1,3,1962,3
2216,2,1,2,2003,4
2334,2,3,2,2009,3
1620,2,3,2,2002,1
2628,3,3,1,2014,3
2751,3,2,2,1985,4
2014,3,1,1,1988,1
2186,2,2,3,2020,3
1350,3,2,3,1954,1
1233,3,2,1,1969,1
2951,5,2,2,1951,4
1402,2,2,1,1994,1
1350,4,1,3,1993,3
2190,4,2,2,1952,3
2171,2,3,3,2019,3
1027,5,3,1,1976,1
1258,2,3,1,1969,2
2951,4,3,1,1958,4
2621,3,3,3,1953,4
1619,2,2,1,1977,3
2465,4,1,3,2004,1
2973,3,3,2,1983,4
2961,2,1,1,1961,4
2652,5,2,3,1977,3
1875,4,1,2,2019,2
2550,3,2,1,1979,5
2234,3,2,2,1977,3
2853,5,3,1,2004,4
1542,4,3,1,1963,2
2468,3,3,1,1972,5
2817,5,3,3,1975,4
1452,4,1,3,1988,2
1696,5,1,2,1986,2
1403,5,2,2,1969,2
2018,5,1,1,1958,3
2089,5,2,2,1997,4
2428,4,2,1,2020,3
1882,5,2,2,2020,3
2851,5,2,3,1993,5
1574,3,3,1,1984,2
2458,4,2,2,2014,4
2251,4,3,3,1987,2
2499,5,2,2,1979,5
2491,5,3,2,1971,4
2124,2,3,1,1984,3
1422,5,1,1,2021,3
2379,4,1,1,1985,4
2162,3,2,2,1985,5
2654,4,3,2,1953,4
2592,3,2,1,2008,4
2154,5,1,2,2000,4
1548,2,2,3,1956,2
1467,3,1,1,1953,2
2503,4,3,2,1978,4
1110,5,3,2,2000,1
1152,3,3,3,1951,3
1916,2,3,1,1994,2
1761,2,2,2,2003,3
2265,2,3,1,1989,4
1719,5,1,3,1967,2
1879,3,2,3,2005,3
1681,3,1,3,1997,1
1768,5,1,2,1994,4
1362,5,2,2,2002,4
2648,2,1,3,2007,4
2431,3,3,3,2006,4
2198,2,3,2,2021,2
1600,5,2,2,1955,3
2158,2,2,1,2017,3
2529,4,3,3,1960,3
1293,5,2,1,1996,2
2518,4,2,2,1996,4
2838,5,3,2,1993,3
1870,2,2,3,1970,5
2442,2,2,3,1976,3
2229,2,3,1,1999,3
2341,4,3,1,1964,3
1258,4,3,3,2001,2
2381,4,1,2,1999,2
2171,3,2,3,2008,4
2248,3,3,2,2002,3
2128,3,2,3,1996,2
2579,5,3,3,1977,4
2951,4,3,2,1971,5
1355,2,3,3,1973,2
2561,3,1,3,1970,2
2839,5,3,3,2019,5
2284,4,3,1,1988,2
1572,2,3,3,1969,4
1816,3,1,1,1958,2
2949,4,2,1,1989,5
2936,5,1,3,2011,4
2093,3,2,2,1985,3
2977,3,3,2,1991,5
2470,4,1,3,1960,5
2980,3,2,2,1964,5
1446,5,2,2,1969,3
1782,4,1,1,1964,1
2280,4,3,2,2000,4
1908,3,2,2,1987,3
1943,2,1,1,1963,3
1895,2,2,2,2008,2
1929,2,2,2,2000,2
1636,5,1,2,1953,2
1925,4,1,3,2006,3
1530,3,3,3,2009,2
1118,2,3,3,1953,1
2855,3,2,2,2015,3
1056,3,1,3,1988,1
2067,5,1,1,1951,5
1523,3,3,1,1957,4
2913,3,2,2,1967,4
1423,5,3,3,2016,2
2771,5,2,3,1996,3
2559,3,2,3,1978,5
1394,5,1,3,1979,1
1449,2,1,1,1994,2
2280,5,2,1,2008,4
1953,3,3,1,1999,3
2819,5,3,2,2008,4
2859,4,3,1,2004,5
2384,5,2,2,2006,4
1762,2,2,3,1987,3
2629,4,2,2,1952,3
2403,2,1,2,1961,4
1442,2,2,2,1976,2
1966,4,3,2,2021,3
1891,2,2,1,1970,1
1533,4,2,1,1959,1
2497,2,1,1,1966,2
1156,3,1,2,1962,2
1088,2,1,3,1956,1
1201,4,1,3,1955,2
1979,3,3,2,2000,3
1461,3,2,3,1978,2
2504,5,2,3,1986,5
1708,5,1,3,1965,4
1453,3,3,1,1978,2
2493,5,1,1,2020,4
1379,3,1,2,1985,1
1400,5,1,2,2021,2
2102,2,2,1,1954,4
1550,5,1,1,1961,3
1935,4,2,3,2013,1
2819,5,1,2,2020,4
2012,3,1,1,1994,2
2409,4,3,2,1969,5
1977,4,3,2,2005,3
2690,3,2,2,1968,5
1660,4,2,1,2007,4
2366,4,3,1,1985,4
1902,4,3,1,2003,2
1051,4,3,3,1954,2
2274,2,2,3,2010,3
2967,2,1,3,1997,4
1328,2,1,1,1965,2
2931,4,3,1,2017,4
2517,2,2,3,1972,3
2373,3,2,3,1967,1
2990,4,2,3,2014,5
1769,2,2,1,1997,3
2808,2,3,2,1971,5
2482,4,1,1,1962,5
1497,4,2,3,1978,2
1124,4,2,1,1967,1
1203,5,3,2,1994,3
1767,3,1,2,2003,2
1642,5,3,3,1990,3
2044,2,3,3,2014,3
1589,3,3,3,1999,3
2870,5,3,2,1978,5
2586,2,2,3,1964,5
1360,2,3,2,1980,1
2801,4,1,2,1981,3
2139,5,1,2,2000,5
1291,3,2,1,2004,1
2074,2,2,1,1998,5
1841,4,1,3,1976,3
1784,5,1,3,1959,5
1253,3,3,2,1957,1
1984,5,2,2,1962,4
1572,5,1,3,2001,3
1858,2,1,2,1987,2
1992,2,2,3,1989,2
2932,2,1,2,1994,4
1960,4,2,1,1968,3
2886,4,3,2,2018,5
1224,2,1,3,2016,1
2492,3,1,3,1978,4
1102,5,1,3,1962,2
1969,5,3,2,1998,2
2071,3,2,1,2021,1
1736,3,3,2,1969,3
2365,5,3,3,1985,2
1232,5,1,1,1974,2
2605,4,3,2,1967,4
2582,2,1,1,2016,5
1227,3,3,2,1983,2
2006,5,2,2,2008,4
1521,3,2,1,1987,2
2720,5,3,2,1992,4
2615,3,3,2,1954,4
1012,3,1,3,1989,1
2522,4,2,2,1968,4
1444,4,1,1,1951,1
2849,4,1,3,2000,5
1339,4,1,1,2010,2
2347,4,2,3,1982,3
2619,5,3,2,1954,4
1597,2,2,1,1950,2
1655,2,1,3,1958,2
2002,4,1,1,1961,4
2598,3,1,3,2009,2
2454,3,3,3,1971,3
2578,2,1,1,1969,2
2430,2,3,2,1976,3
2181,5,3,2,2003,4
2208,2,1,2,1960,4
1797,5,1,1,1994,3
1834,3,3,3,1955,3
2559,5,2,2,2015,4
1356,2,1,3,1950,1
1716,5,2,1,1959,2
1361,2,3,1,1993,2
2247,2,2,3,1971,4
2636,2,1,2,1955,5
1007,4,3,3,2016,1
2743,4,2,3,2003,5
1095,3,3,3,1952,2
1673,5,2,2,1990,3
2826,5,1,3,1977,3
1607,4,2,1,2019,1
2329,5,3,2,1985,5
2281,4,3,3,1972,4
1473,5,3,1,1996,1
2973,3,1,2,1966,3
2323,5,3,1,1990,4
2488,4,1,1,1954,3
1613,5,2,3,2011,4
1688,3,1,1,2006,4
1897,2,2,2,2015,3
2351,5,1,2,1954,3
1109,5,1,3,2015,1
1709,3,3,1,1964,2
2928,3,2,3,1975,4
2152,4,1,3,1957,5
1964,2,1,3,1994,2
2160,3,3,3,1965,1
2562,3,3,3,1998,4
1648,3,1,2,2005,3
2187,4,1,3,1972,2
1348,2,1,1,1957,2
2891,4,2,1,1975,4
2666,4,1,3,1971,4
2527,4,3,3,2002,5
1884,4,1,1,1975,1
2174,4,3,2,1985,5
2913,3,2,1,1984,5
1245,3,3,2,2015,1
2133,2,2,2,1952,2
2608,2,2,3,1994,3
1797,2,3,3,2020,3
2298,2,2,2,1985,4
1869,5,3,3,1975,1
2090,4,1,2,1985,3
2073,4,2,1,2005,3
1815,4,1,1,2012,4
1514,5,1,1,1956,2
1225,4,2,1,1993,2
1577,4,3,1,2007,2
1505,4,3,1,1983,2
1154,4,3,1,1975,1
2897,4,3,2,1995,5
2503,2,1,3,1958,2
1110,5,3,1,1989,1
1482,3,2,2,1984,3
1807,2,1,2,1994,2
2916,5,3,3,1986,4
1273,5,2,1,1993,3
1154,4,2,3,1992,2
2674,4,3,3,1959,3
2190,5,2,3,2005,4
2042,3,1,3,1996,2
1344,4,2,2,1995,1
2926,4,3,3,1951,5
1734,2,1,3,1966,2
1568,5,3,2,2019,2
2921,5,1,2,2012,5
1293,5,3,1,2008,2
1644,2,2,1,2004,2
2485,5,2,1,1959,3
1337,5,3,3,1964,1
1451,3,3,2,1996,2
1343,3,3,2,1967,3
1716,2,3,2,1954,2
1630,5,2,2,1989,2
1764,2,3,3,1970,3
1084,3,1,3,1998,2
2720,2,1,3,1978,4
1736,4,2,3,1965,4
1659,4,3,3,1993,3
2412,4,2,3,2020,3
2815,5,2,1,1970,5
1226,4,3,1,1999,1
2309,2,1,1,1973,3
2307,4,1,3,1985,5
1108,4,3,1,2001,1
1134,5,3,3,1983,1
1937,5,3,2,1972,4
1290,4,1,2,1981,1
2910,3,2,3,1958,4
2825,4,2,2,1975,3
2638,2,1,2,1996,4
2736,5,3,1,1964,5
2531,4,3,2,1980,3
2652,3,2,1,1977,5
1821,2,2,1,1958,2
2052,5,1,2,1954,2
1393,2,1,1,1965,2
1026,3,2,1,2007,1
2490,2,3,1,1982,4
1012,2,2,2,1965,1
1553,5,2,2,1971,2
1932,2,1,1,2004,2
1444,3,2,2,1983,2
2486,5,1,2,2020,5
1020,3,1,3,2017,1
2410,3,2,2,1951,5
2671,3,2,1,1962,5
2756,3,3,1,2010,2
2545,4,3,2,2015,3
2248,3,1,1,1955,4
1652,5,1,2,1955,3
2498,4,2,1,1971,5
1617,3,1,1,1964,2
1779,3,3,2,1970,2
2729,5,3,1,1989,5
1457,3,3,1,2021,2
1639,4,2,1,1965,2
2236,4,3,2,1960,2
1662,5,2,2,2007,2
1960,3,3,1,1954,3
2919,3,3,2,2006,4
1179,4,2,3,1978,3
1537,3,1,2,2014,2
1526,4,1,2,1975,4
1021,4,2,1,1968,1
2368,4,2,3,1988,1
1576,3,3,2,1953,2
1762,5,2,3,1969,3
1921,4,2,2,1990,3
2044,3,2,1,2012,2
1744,5,3,3,1984,1
2431,2,3,2,2017,5
2510,2,1,1,1959,2
2551,3,1,2,1995,4
2439,3,3,1,1995,4
2295,4,1,3,1988,3
2228,3,1,2,2006,4
2321,5,2,1,1983,5
1671,3,1,1,1986,2
2576,5,3,3,1982,5
2131,4,2,2,1964,4
1636,5,1,2,2020,4
2023,3,1,3,1951,2
1012,2,1,3,2003,2
1714,5,2,2,1983,2
2102,3,2,1,1975,3
1905,4,1,3,1953,3
2577,3,2,1,1963,2
2192,3,1,1,2021,3
1248,3,2,1,1987,1
2144,2,1,3,2007,2
1386,4,3,3,1968,1
1438,2,2,2,2011,2
2295,5,2,2,1991,3
1299,5,2,2,1975,4
1720,2,1,2,1951,2
1472,4,3,1,1966,2
2181,5,1,3,2017,3
2006,4,1,3,1980,3
1632,2,1,3,1951,3
2250,5,2,1,2002,4
1420,2,1,3,1997,1
1955,5,2,1,2018,2
1972,3,1,2,2012,3
2765,2,3,2,1976,3
2593,2,2,2,1986,3
1637,4,1,1,1995,3
2980,2,2,2,1991,4
1539,2,2,1,1957,1
1902,5,3,1,1988,2
2836,3,2,2,2013,4
2151,5,2,1,1998,3
2117,4,3,2,1993,4
2726,4,1,2,1975,5
1420,3,3,2,1976,1
2295,4,1,2,2020,4
1483,5,3,1,1959,2
2028,3,2,2,1978,2
1156,4,3,1,1978,1
1242,4,1,2,1975,2
2686,4,1,3,1980,3
1773,2,2,1,1997,2
1419,2,3,2,1961,1
2976,2,2,1,2011,5
2840,2,1,2,2007,5
1424,4,1,2,1998,1
1079,5,3,1,2021,1
1694,4,1,3,1998,1
1353,3,1,1,2020,2
2689,3,3,3,2004,4
1292,4,1,1,1964,1
1716,3,1,1,1982,2
2139,3,2,2,1967,3
1528,4,1,3,2008,3
1479,4,1,2,1998,2
2311,2,3,1,1964,4
2691,4,2,1,2010,5
1476,2,2,2,1975,2
1024,4,1,1,2015,2
1430,5,2,2,1970,2
2301,3,2,3,1963,4
1316,5,3,2,1957,3
1637,4,2,2,1990,2
2835,5,3,1,1977,5
1357,2,3,1,1968,1
2299,4,1,3,2020,3
1689,5,1,1,1972,4
1343,3,2,3,2015,1
2454,4,2,2,2011,5
1558,3,2,3,2005,3
1562,5,2,3,1964,3
1438,5,2,1,1950,1
2485,2,3,3,1978,5
2830,4,1,2,1992,5
2293,5,1,3,1981,3
2454,2,2,3,1951,5
2044,4,1,1,1991,4
1142,3,3,2,1984,1
2783,4,3,1,1995,5
1867,5,2,1,1988,2
1352,3,1,1,2000,2
2488,2,3,3,1994,4
2016,2,2,3,1988,3
1467,5,3,3,1986,2
2536,3,3,3,1958,3
2487,4,3,1,1990,4
1876,5,1,2,1999,2
2873,3,1,2,1998,3
2417,3,1,2,1959,3
1918,3,1,3,1962,1
2809,3,2,3,1951,5
2776,2,3,2,1973,4
2081,3,3,1,2015,2
2149,3,3,3,1957,3
1840,5,3,3,2016,4
1877,2,1,2,1952,2
2484,2,1,3,1991,3
1051,2,3,2,1987,2
2011,4,1,2,1963,4
2758,4,1,2,2000,5
1813,2,1,2,2006,2
2898,5,1,3,1966,4
1268,3,3,3,1968,1
1095,3,2,1,2012,1
1272,2,3,2,1988,2
2346,2,2,3,1984,2
2596,4,3,3,1979,4
2856,2,2,1,1990,5
2716,4,1,3,1972,4
1927,3,3,2,2011,5
1088,2,2,2,2011,3
1684,3,2,3,1959,4
1823,2,3,3,2015,2
1004,4,1,2,2017,1
1356,2,1,2,1992,1
2366,5,2,2,1957,4
1203,3,2,2,2020,1
2697,3,2,3,1993,5
2596,3,1,2,2010,3
1470,2,3,3,1957,2
1463,5,2,1,2009,3
1496,5,2,2,2005,1
1701,4,3,3,1965,2
1836,4,1,1,1979,1
2579,5,1,1,1977,5
1238,3,2,2,1955,1
1539,3,3,1,1997,3
1197,4,3,1,1998,1
1780,4,2,1,1957,4
2706,2,3,2,1984,3
1029,2,3,3,2021,2
1665,5,2,3,1981,3
2232,2,2,2,1963,3
2086,4,1,2,2018,2
2864,4,1,2,1979,4
2080,4,1,2,1978,3
2855,3,1,2,1994,5
2743,4,3,2,2002,5
2456,2,1,2,1982,3
2331,5,2,3,2021,4
2598,2,2,1,2006,3
2783,3,1,1,1989,4
2489,2,2,2,1976,3
2676,2,1,1,1977,5
2628,3,2,2,2014,5
2130,2,2,1,2009,3
2900,3,3,1,1963,3
1599,2,3,1,2005,4
2017,3,1,1,2009,4
2324,5,3,3,1958,4
1619,5,3,3,1988,4
2069,3,3,2,1954,3
1728,3,1,2,2003,4
2192,2,2,3,2020,3
1813,4,3,2,1996,3
2152,4,2,1,2006,4
2736,4,2,3,2008,5
1707,3,2,3,1956,1
2883,3,1,1,1985,2
1764,5,2,2,1959,1
2773,2,2,1,1972,4
1584,2,1,2,1990,2
1418,2,3,3,1990,2
1869,3,2,2,1973,5
2890,2,3,2,1996,4
2184,5,3,2,1950,4
2081,2,2,3,1954,1
1383,5,1,1,2015,3
1802,3,1,2,1983,3
1509,2,3,1,2001,3
1429,4,1,1,1950,2
2363,5,1,2,1957,4
1577,4,2,2,1990,2
1939,5,3,2,1961,3
2049,3,3,3,1951,5
2833,3,3,2,1991,4
1588,5,3,1,2019,1
1797,5,3,1,1950,1
1371,3,1,1,1985,2
1927,5,2,2,1987,2
2059,5,3,1,1966,5
2554,4,1,3,2008,4
2813,2,1,2,1952,5
2856,4,2,1,1965,5
2848,3,1,2,2019,3
2290,4,3,1,1983,4
2455,5,3,3,1989,3
2042,2,2,3,1984,4
2362,3,2,1,2017,2
1139,2,2,1,1974,2
1066,2,1,1,1966,2
2014,4,1,3,1962,2
2847,3,1,1,1960,5
2553,4,1,1,1976,2
2392,5,2,2,1999,4
2647,3,2,1,1961,5
2943,3,3,1,1966,5
1973,5,3,2,1976,3
1626,3,3,3,2002,1
2701,4,1,3,2020,3
1578,4,3,3,1981,1
2790,3,2,2,1996,5
2605,4,1,2,1955,4
2995,3,1,3,1991,5
2843,4,3,1,2003,5
2021,4,1,2,2014,4
2226,2,1,2,1967,2
1638,4,3,2,2018,3
1832,5,3,1,1991,4
2103,3,1,3,1971,4
2711,4,3,2,1981,5
1112,2,1,1,1997,1
1622,5,2,1,1969,1
1820,2,2,2,1958,2
2160,2,3,3,1950,4
2907,2,3,3,1962,5
1839,3,2,3,1956,3
1188,3,2,2,1996,2
2760,3,3,3,2007,4
1102,4,2,3,2003,2
1106,4,3,2,2014,2
2598,4,3,1,1964,5
2939,2,1,3,1988,4
2977,2,2,2,2015,4
1756,3,1,1,2007,3
1172,3,1,3,1960,1
2941,3,3,2,1986,5
2868,2,2,2,2009,4
1998,3,1,1,1958,3
2354,4,2,1,1959,4
1721,4,2,1,2010,4
2214,5,3,2,1994,5
2693,5,3,1,2020,5
1830,5,1,3,1996,3
2707,2,3,3,1982,3
2346,3,1,1,1971,3
2531,2,2,1,2021,5
2571,2,1,1,2004,4
1133,4,1,1,2007,2
2060,2,3,3,1994,3
1092,4,2,1,1964,1
1755,5,3,1,1993,3
1182,3,2,2,2006,1
1716,5,3,1,2014,2
1458,4,3,2,2014,1
2701,3,2,1,1982,4
1626,5,3,1,1995,1
1408,4,3,2,1962,1
1206,3,1,1,1991,1
2268,5,3,2,2013,3
2356,2,2,3,1958,5
1672,3,2,1,1952,1
2548,5,2,3,2001,3
2317,2,2,3,1988,4
2012,3,3,1,1963,2
2977,2,3,3,1990,5
2939,5,2,1,1951,4
1747,2,2,1,2008,3
1272,2,2,2,2018,3
1378,4,1,1,1993,2
1625,2,3,1,1964,2
1663,3,2,2,1998,2
2049,2,3,2,2017,4
1679,2,1,2,1965,3
1543,3,3,1,1972,2
1732,5,1,2,2008,1
2741,5,3,3,1981,2
2877,3,3,3,1986,5
2633,2,1,3,1976,3
1475,3,2,1,2013,3
2912,5,3,1,1979,4
1725,2,1,2,2018,4
2211,2,2,2,1956,4
2592,2,3,3,1994,5
2642,2,1,2,1978,3
2977,2,1,2,1950,5
2218,2,1,3,2012,2
1533,4,1,2,1971,2
1697,2,3,3,1952,2
1879,4,1,3,2008,4
1084,4,1,3,2003,1
1591,4,2,1,2004,2
1840,2,1,1,2018,2
1329,5,1,1,1957,3
1382,3,1,3,1959,1
2456,3,3,2,1968,4
1376,2,3,1,1982,2
1340,3,3,3,1992,3
2200,3,2,2,1996,2
2449,2,1,1,1956,5
1423,2,3,1,2016,1
1173,5,2,1,1980,3
1405,4,2,2,1996,2
1020,2,1,1,1962,1
1690,3,1,2,1983,1
2009,2,3,2,1956,4
1397,2,2,2,2009,1
1329,3,3,3,1961,3
1224,5,1,3,2009,1
2800,3,3,2,1974,5
2425,2,2,3,1952,4
1780,5,3,3,1989,4
1893,5,1,1,2021,4
2878,3,1,1,1978,4
2944,4,2,1,1993,4
1437,5,2,1,2007,2
2295,2,1,2,1953,4
2303,2,2,3,1965,4
1222,5,1,2,1984,3
2610,2,3,3,1988,4
2686,4,3,3,1959,3
2960,5,3,3,1997,3
2894,2,2,1,1955,4
1508,4,1,1,1968,1
2365,2,3,1,2012,4
1616,3,2,3,1977,1
2065,4,2,3,2021,4
2199,5,2,2,1960,3
2268,5,1,2,1991,5
2276,5,2,1,1950,3
2297,3,2,2,2004,3
1958,2,1,1,1991,5
2357,3,1,2,1959,4
1603,5,3,2,1990,3
2034,4,1,3,1995,3
1151,2,2,2,1960,3
1188,3,3,2,1960,3
1959,4,1,2,1953,2
1675,5,1,3,1964,1
1637,4,3,1,1956,2
1210,4,1,2,2017,1
2996,5,3,1,1975,5
2120,3,2,1,2016,4
2844,5,1,2,1983,5
1338,4,2,1,1979,3
1046,5,3,1,1987,1
1819,2,1,3,2021,2
2759,2,1,1,1980,5
1974,4,2,3,2021,4
2080,5,3,3,1986,5
2098,4,1,1,2009,3
2277,5,2,1,1989,5
2686,2,2,2,2013,3
2594,2,1,3,1954,4
1836,4,1,1,2005,2
1951,2,3,3,2021,2
1597,4,1,2,1974,2
1169,3,3,3,1966,1
2169,4,3,2,1978,2
1838,5,3,2,1969,5
2056,5,3,3,1967,3
2538,5,1,1,2014,4
1795,4,1,2,1966,1
2149,4,3,1,1985,4
1958,4,1,1,1989,4
2136,3,3,1,1962,2
1814,2,1,2,1985,3
2828,2,1,1,1989,4
1363,2,1,3,1976,1
2421,3,2,3,1996,4
2218,4,3,3,1955,4
2874,2,1,3,2010,5
2760,5,2,2,1967,4
1724,3,2,3,1950,1
2344,3,3,2,1966,3
2817,2,3,1,1989,5
1137,5,1,1,1983,1
1354,5,2,3,2013,1
2868,3,1,3,1984,5
2093,4,2,3,2002,4
1810,5,2,1,1985,1
2605,4,3,2,1967,3
2506,2,3,2,1964,3
2743,2,2,2,1982,3
1711,2,2,2,1955,1
1058,4,2,3,1964,3
1770,3,1,3,2001,3
1388,4,2,1,1964,4
2876,2,3,1,2020,3
2374,5,2,2,1953,4
1845,3,3,2,1987,2
1868,4,1,2,1955,3
1338,5,1,3,1976,1
2700,5,1,2,2019,4
1756,2,1,3,1971,3
1595,2,2,2,1967,3
1435,5,3,3,1997,2
2473,3,3,2,1950,4
1376,4,1,2,2010,2
2982,3,3,1,1968,5
1390,3,1,3,2015,3
1480,4,3,2,1998,2
1820,4,1,1,1998,4
1113,4,3,1,1954,3
2769,3,2,2,1990,4
1773,3,2,1,2011,2
2926,4,2,1,1969,4
1171,5,2,2,2005,3
1234,4,3,1,1953,1
2333,3,3,2,1997,4
2918,4,2,1,1972,5
2692,2,2,1,2007,4
1722,5,2,2,1950,1
1280,5,3,2,2000,3
1830,5,1,3,2008,2
2219,4,2,1,1955,4
2138,2,2,1,1970,3
2695,2,1,3,2004,5
2690,3,2,3,1960,5
2586,3,1,1,1999,4
1417,5,2,1,2013,2
1283,3,3,3,2019,2
1584,4,1,3,1967,2
2351,3,3,3,1979,4
2364,4,2,2,1968,3
1621,3,3,1,1979,3
2821,2,2,2,1966,4
1220,3,2,1,2010,1
2932,4,2,1,1967,5
2105,3,3,2,1963,2
1831,3,2,1,1954,4
2317,2,2,2,1953,3
1374,3,2,3,1958,2
1533,4,3,3,1984,4
2438,2,3,3,1992,5
2122,4,2,2,2015,3
2705,5,2,3,2021,5
1701,4,2,3,1991,2
2641,2,2,3,1977,4
1831,4,3,3,2021,2
1776,4,1,3,1966,2
2405,3,3,2,2009,5
2886,2,1,1,1981,4
1939,3,3,3,1983,3
2527,4,1,1,2017,3
1446,5,3,1,1968,1
1679,3,1,2,1986,3
1343,5,1,2,2017,3
1424,5,3,3,2006,2
1624,5,2,1,2017,2
2863,5,1,2,1979,5
1305,4,1,1,2003,4
1848,2,2,1,1979,3
1731,2,1,2,2012,2
1453,3,3,3,1980,3
1937,2,1,2,1990,4
1032,3,1,1,1973,2
2755,4,1,3,1961,4
2524,3,1,3,2015,4
2342,4,1,3,2021,3
2720,3,2,3,2011,5
2216,5,1,3,1993,3
2896,5,2,2,1960,4
2203,4,1,3,2009,2
2890,2,2,3,1963,5
1983,5,1,2,1994,1
2541,3,1,1,1994,5
1390,2,3,3,1999,2
2544,2,1,3,1982,4
1356,4,3,3,1993,2
1572,2,2,1,1990,1
1929,5,3,2,2008,5
2698,5,2,2,1987,4
1098,2,2,1,1981,1
1569,3,1,3,1961,2
1726,3,3,2,1998,2
2339,4,3,2,2004,5
2001,2,2,1,1984,2
2205,2,3,3,1974,4
2570,3,2,1,1972,5
1302,4,3,1,2021,1
2581,3,3,1,1974,3
1003,4,1,3,1996,1
1777,5,1,1,1979,3
1106,2,2,2,1962,2
1074,3,1,1,1955,2
2063,4,1,3,1972,4
1638,3,2,2,2011,3
1694,5,3,2,1965,2
2142,2,2,3,1968,4
1072,2,1,1,1952,1
1551,3,2,3,2021,2
2227,2,2,1,1994,3
1976,3,1,1,1980,3
1095,3,3,1,1951,2
2302,4,1,1,2012,4
2166,5,2,3,1993,4
2138,2,1,1,1960,3
2499,2,3,2,1965,4
1883,3,2,3,1974,3
2156,5,3,1,1987,5
2191,4,1,2,2016,4
2268,5,2,3,1989,5
1276,2,1,2,1961,1
1258,4,2,1,1964,1
1045,3,3,1,1993,2
1846,4,2,3,1989,3
1894,2,3,3,2021,2
2260,2,2,1,1963,3
2076,4,2,1,1954,4
2171,3,3,2,1990,2
2722,3,3,2,1992,3
2556,2,2,2,1982,5
2113,5,1,2,2000,3
2750,5,3,3,2021,3
1050,4,1,3,2009,1
1664,5,2,3,1981,2
2651,2,1,2,1972,5
2417,3,3,2,2013,4
2237,3,1,2,1995,3
1450,2,2,2,1985,2
2362,3,1,1,1953,2
1350,3,1,2,1993,2
2308,2,1,1,1984,3
2956,5,2,2,1959,5
1877,3,2,2,2015,3
1582,2,3,2,2013,3
1244,2,3,3,1992,2
1549,4,1,2,1962,3
1727,4,1,3,2009,2
1638,5,3,2,1983,2
1583,4,3,2,1980,2
1225,2,2,3,1964,1
1826,4,2,2,2007,2
1440,3,1,2,1988,2
2497,4,1,1,1972,3
2467,2,3,1,2003,4
2819,5,1,2,2017,5
1411,5,3,3,1992,4
1813,5,3,3,1980,5
1245,5,1,1,2015,1
1582,3,1,1,1967,2
2730,3,1,1,1951,4
1499,3,2,3,1999,1
1981,4,2,3,2015,3
2974,4,2,3,1982,5
1549,4,3,2,2003,4
1116,5,3,2,2021,4
2773,5,2,2,1999,4
2387,4,1,1,1992,1
2937,3,3,1,2003,5
1203,2,1,1,2011,1
1350,4,1,1,1968,1
1318,2,3,1,1957,2
2382,3,3,3,2012,3
2540,2,1,2,2007,4
1939,5,2,1,1991,3
1488,2,3,2,2000,2
2692,4,3,2,1971,3
1106,4,3,1,2017,1
2763,3,2,3,1971,4
1653,4,2,3,2011,3
2849,2,1,3,1989,5
1171,5,3,3,1964,3
2681,2,3,2,1958,4
1518,2,3,3,2000,2
2878,2,2,3,2019,5
1957,3,3,3,1992,4
1812,4,1,2,1991,2
1527,2,2,1,2006,1
2060,3,3,1,2002,3
1498,2,1,3,2020,2
2688,2,3,2,1956,4
1264,4,3,2,2018,1
2691,5,1,1,1982,4
2672,3,3,3,2005,4
1907,4,2,2,1962,4
1986,3,1,1,1976,5
1601,5,2,3,1970,1
1951,4,2,1,1976,2
1217,3,3,1,1993,1
1329,4,1,1,1978,3
1185,3,1,2,1952,2
2404,2,1,1,1989,4
1208,5,1,3,1952,1
2586,2,3,3,1977,5
1287,3,3,3,1952,1
1087,5,2,2,1966,3
2002,3,1,1,1994,4
2967,3,3,3,2019,5
1157,5,1,2,1992,1
1793,4,2,3,1991,3
1919,5,2,3,1988,3
1154,2,3,2,1967,3
2486,5,3,2,1978,5
1219,5,1,2,1950,1
2482,4,1,2,1951,3
2190,2,2,2,1989,4
1321,2,3,3,2008,2
1690,5,2,1,1974,3
2585,4,2,2,1986,5
2836,2,2,1,1997,4
1511,2,3,2,2012,2
1274,4,3,2,1967,1
1140,5,1,2,1954,2
2741,2,2,3,1954,5
2759,5,2,3,1970,4
1624,4,3,3,1990,1
2813,2,2,1,2007,4
1915,2,2,1,1955,3
1352,4,2,3,1953,3
2028,2,1,2,1982,3
1381,3,3,3,1954,1
2747,4,3,3,1977,4
2791,4,1,2,2008,5
2357,2,3,1,2021,3
1474,4,2,1,1976,2
1927,5,2,3,1955,2
1029,4,2,2,2005,1
2370,5,1,3,2021,3
1921,3,1,3,1951,3
1593,3,1,2,1966,2
1492,5,2,3,1954,4
2771,4,3,2,1952,4
2879,2,2,2,1959,5
1387,5,2,1,1999,3
1872,3,2,3,2002,3
1834,3,2,3,1978,3
2276,5,3,1,2007,5
1629,3,2,3,1957,3
1938,2,2,3,2001,4
1029,4,3,2,1961,1
1622,4,3,2,1997,3
2935,5,2,1,2011,4
2789,3,1,2,1980,5
2734,4,1,3,1977,4
1806,3,2,2,1967,4
1341,5,3,2,1996,1
2832,3,2,3,2014,5
2310,2,2,3,1960,2
2968,2,3,3,1993,5
2420,3,3,2,1988,3
2000,2,1,2,2015,4
2532,5,1,3,1988,3
2960,2,2,3,1990,3
1243,2,3,2,1964,1
1220,4,2,2,2015,1
2179,4,2,3,1996,4
2406,5,3,3,1974,4
2771,2,1,3,1971,4
2343,4,2,1,2004,4
1372,3,3,1,1995,1
1530,3,1,3,1980,3
1214,2,1,1,1972,2
1366,5,3,3,1950,2
1113,2,3,3,1956,2
2223,4,3,1,1989,4
1933,2,2,1,1950,3
2144,3,3,1,1975,3
2765,3,2,2,1982,4
1610,4,2,1,1955,2
1857,5,3,3,1993,3
2026,5,2,3,1954,3
1897,4,3,3,1991,3
1772,4,2,1,1982,3
1444,2,3,3,1968,2
2277,2,2,2,1963,4
1019,5,1,2,2008,2
2227,2,1,3,2017,4
1805,2,3,3,1983,4
2999,3,2,1,1955,5
2380,4,3,1,2021,3
1127,4,1,1,1998,3
1357,3,1,2,2018,1
2315,3,1,1,2008,3
2197,2,1,1,2013,2
2756,4,1,1,2016,5
2378,5,2,2,1955,1
1880,4,3,3,1989,2
2060,5,3,2,1996,5
2333,3,2,3,1988,3
2684,4,2,2,1985,4
1916,3,3,3,1961,3
2627,4,1,3,1980,4
2605,5,2,2,2017,4
2107,3,2,2,1975,3
1509,2,3,1,1962,2
1443,4,1,3,1990,2
2443,5,2,3,1995,2
2228,2,2,3,2005,4
2511,3,1,2,1999,5
1778,4,2,3,1962,4
2111,4,3,1,1993,4
1251,2,3,3,1955,1
2746,2,1,3,1981,4
2878,3,3,3,1999,5
2054,2,2,3,1973,2
2892,4,3,3,1969,5
1420,4,1,1,1956,2
1060,4,2,1,1983,1
1578,2,2,2,1956,1
2249,2,3,2,1963,3
2948,5,1,2,1967,5
2358,2,3,1,1986,4
2862,3,1,2,1981,4
1578,2,2,2,2020,3
1639,5,1,3,2009,4
1110,2,3,1,1965,1
2295,2,2,1,1988,2
2836,3,3,1,1971,5
1033,4,1,1,1963,2
1211,2,1,2,1964,2
2323,4,2,2,2008,4
2396,4,2,3,1950,4
2126,5,1,1,1996,4
2741,3,2,1,2004,4
2143,3,1,3,2010,5
2705,2,3,1,2020,4
2570,4,2,3,1989,5
1893,2,3,3,1977,2
1330,3,1,3,2017,2
2781,4,1,3,1972,5
2949,4,2,3,1951,4
2332,4,3,3,1961,4
2593,5,2,2,1951,5
1411,4,1,1,1988,1
2422,2,2,2,1986,5
1933,3,1,2,1981,2
2329,3,2,3,1970,4
2676,3,3,3,1976,4
2186,2,1,2,1992,5
2646,5,3,2,1965,3
1663,5,2,3,1956,3
2911,2,1,2,1997,4
2088,2,2,3,1963,5
2641,2,1,2,1960,5
2239,4,1,2,2001,3
1602,4,1,1,1963,2
1668,3,1,1,1951,2
1583,5,3,1,1963,1
2067,4,3,2,1953,3
2113,2,1,1,1966,3
2156,4,3,3,1978,4
2184,3,1,2,2000,4
2767,2,3,3,1956,4
1379,4,1,1,1978,3
2284,4,1,2,1984,3
2406,5,1,1,1985,4
1368,4,3,3,1998,3
2134,4,1,1,1954,3
2699,4,1,2,2021,5
2100,4,2,1,2020,3
2036,4,1,2,2009,4
2944,5,1,3,1955,5
2593,3,3,2,1980,3
2879,4,1,3,1971,5
2571,2,3,3,2011,4
1024,4,3,3,2019,1
1545,3,1,1,1991,3
2163,4,3,3,2003,3
1274,5,2,3,1963,1
2393,5,3,1,2016,3
1873,5,3,2,1977,4
2060,4,3,2,1984,4
1874,3,2,2,1984,2
2152,3,1,3,1974,4
2339,3,2,3,2013,3
2346,2,3,1,1966,2
2456,5,1,3,2000,1
1217,2,1,2,1977,2
2870,2,1,1,1962,3
2965,5,2,3,1973,5
2271,2,1,2,2002,3
1815,5,1,2,1993,4
2755,2,1,3,1997,2
1707,2,3,2,2014,4
1146,2,1,1,2001,1
2367,4,1,2,1969,4
2532,2,2,2,1954,3
2528,2,3,3,2017,3
1133,3,1,2,1954,1
1463,5,2,2,1995,2
1863,2,2,1,1960,3
2214,2,2,1,1971,4
2186,5,2,1,1962,4
1455,2,2,1,1990,2
2084,4,3,2,2011,4
2028,2,1,2,1987,3
2060,2,3,1,1974,4
1459,3,3,1,1977,1
2240,3,3,1,1958,4
2760,4,2,3,2019,3
2751,5,2,3,1967,5
1138,4,3,3,1975,1
1617,5,3,2,1987,2
2122,2,1,3,1965,3
1679,3,2,3,2021,1
1960,4,1,1,1995,4
2287,4,1,3,1997,4
1598,3,2,2,1980,4
1595,5,1,3,1952,3
2247,2,2,1,1965,3
1326,3,1,1,2018,1
2721,2,2,1,1973,3
2373,5,3,1,1955,4
1378,2,3,1,2015,2
2967,3,3,3,1954,5
1230,2,3,2,1967,1
2164,4,2,1,1992,2
1617,3,1,1,2014,2
1764,4,2,3,1981,3
1048,5,2,2,1954,1
1450,2,1,1,1958,1
2798,3,3,2,1972,4
1490,3,2,2,1964,3
2228,2,2,3,2005,4
2892,5,1,3,2007,4
2432,3,1,1,2004,4
1406,2,2,1,1998,1
2074,5,1,1,1996,3
1174,4,2,2,2016,1
2760,3,2,1,1951,4
2284,4,2,2,1956,4
1479,3,1,2,2010,2
1222,2,2,2,1950,2
1268,5,2,1,1973,2
1809,2,2,3,2009,1
1892,2,2,2,1981,3
1900,2,2,2,2012,3
1918,3,3,1,1964,4
1317,4,2,1,1950,3
1384,3,1,3,1986,2
2609,3,3,1,1972,5
1625,5,2,2,1969,3
2242,2,3,3,2010,5
2077,3,2,3,2021,4
2223,4,3,2,1956,2
1642,5,1,3,1998,1
2362,5,2,2,2015,3
2921,2,3,2,1956,5
1304,2,3,2,1987,1
2775,3,1,1,1978,5
2268,5,2,1,1963,4
1841,4,3,3,1989,2
2652,2,1,2,1997,5
2231,2,2,2,1951,3
2747,3,3,3,1998,5
1510,4,1,1,1994,1
2282,2,2,2,1987,3
2403,2,1,2,2014,5
1737,3,2,2,1953,2
1340,5,3,1,1951,3
1931,3,2,3,1956,3
2599,2,2,3,1996,5
2951,2,1,2,1967,4
2781,3,2,2,1957,4
1529,3,1,1,2007,2
1033,2,3,2,1988,2
2847,4,1,2,2011,5
1997,4,2,2,1951,5
1322,5,2,3,1979,2
2204,2,2,1,1962,4
2986,2,3,2,1964,5
1346,5,2,1,2012,2
2729,2,2,3,1976,5
2215,2,1,3,1978,4
2602,3,2,2,1950,4
1720,4,1,2,1989,3
2901,4,3,1,1961,5
2702,4,2,2,2020,3
2269,5,3,3,1957,3
1244,3,2,1,1956,2
1677,2,2,1,2007,1
2831,4,2,2,1990,4
1914,4,1,3,1971,2
1722,3,1,1,1968,2
2003,2,1,2,1983,3
1132,5,2,2,1996,1
2220,2,2,2,2016,3
1909,5,2,2,2016,2
2370,5,1,2,2017,2
2087,5,3,3,2007,4
2720,4,3,3,1999,5
2127,5,1,3,1998,4
1212,3,1,3,2005,2
2540,3,3,2,1950,3
1118,4,2,2,2017,2
1855,3,1,3,1995,5
1760,3,2,1,1999,2
1678,5,3,3,1981,3
1894,3,1,1,1954,2
2265,5,2,2,2010,4
1279,2,3,1,1953,3
1423,2,1,3,1998,2
1362,2,1,2,1992,2
2020,5,2,1,1997,5
2773,2,2,3,2012,4
2329,4,2,1,1964,4
2740,5,1,3,1957,5
2509,4,2,3,1982,3
1313,5,2,1,1969,1
2536,4,2,2,2012,4
2706,2,1,2,1993,5
2190,4,1,2,1965,4
2417,2,3,3,1962,4
1769,5,1,1,1955,3
2086,2,1,1,1977,2
1271,3,2,3,1987,2
2060,3,2,2,1999,5
2039,2,1,1,2005,2
2789,3,1,1,2004,3
1342,3,2,2,1975,2
1345,3,2,2,1979,3
2562,4,3,2,2001,3
2982,3,2,3,1956,4
2646,5,3,2,1975,3
1232,2,1,3,1971,2
1989,5,2,2,1976,5
1575,3,3,2,2008,2
2632,5,2,3,1994,5
1415,3,2,3,1987,3
1904,4,1,2,1960,3
1266,4,3,3,1971,3
1996,4,3,1,1961,4
2349,3,2,2,2010,2
1743,4,1,3,1967,2
1910,3,1,2,1958,3
1442,3,2,1,1986,1
1559,5,1,2,1967,2
2745,5,1,2,1979,4
1075,4,3,1,1963,1
1246,5,1,2,1982,1
2851,3,1,3,1999,2
1579,5,2,2,1965,3
1312,4,3,3,1956,1
2717,2,1,1,2016,2
2615,2,3,1,1955,5
1342,3,3,3,1952,1
1714,4,1,3,1964,4
2978,2,1,2,2007,4
1983,3,3,1,2016,1
1725,5,1,1,2000,3
2958,5,3,2,2003,4
1631,4,1,2,1972,2
1398,4,3,1,2014,2
2264,4,3,2,1974,3
2870,4,1,3,1953,2
1713,5,2,3,2003,3
1923,2,3,1,1994,2
1291,4,1,3,1982,1
2168,2,2,1,2014,4
2379,4,1,2,1973,3
2621,2,3,1,1994,4
1982,4,1,2,2005,3
1476,4,3,1,1994,1
1021,4,2,3,1976,1
2354,5,3,2,2018,2
2315,5,1,2,1997,4
2259,5,1,1,1978,5
2052,4,2,2,1990,3
1694,5,1,2,1979,1
2961,5,3,2,2002,5
1909,3,1,1,1951,2
1529,5,1,1,1961,2
2573,3,3,3,1956,3
1100,5,3,3,2000,1
2313,4,2,2,2008,3
2400,4,3,2,1981,4
2196,4,1,1,2020,4
1342,3,1,3,2002,2
2951,4,3,2,1985,5
2901,2,3,2,2003,5
1578,5,2,3,2000,2
2214,3,3,3,1961,3
2462,3,2,2,1952,5
2578,3,2,3,1959,4
2658,4,3,2,2009,3
1789,2,2,1,2015,1
2366,3,2,1,2001,4
2731,5,1,1,1956,3
1844,5,1,1,2006,2
1124,2,1,3,2016,2
2631,5,3,3,2018,5
1889,2,1,2,2000,2
1668,5,2,3,1956,3
2575,2,1,3,1964,3
1502,5,3,3,1986,1
1172,5,3,3,1953,1
1886,5,3,3,1960,3
2417,4,3,1,2013,5
2484,4,1,3,1963,3
2708,3,2,3,1957,4
1119,3,2,3,1982,1
2381,3,2,2,1976,3
2409,5,2,3,1997,3
1912,4,1,1,1985,3
1875,4,3,3,1970,2
1857,4,1,3,1968,2
2910,4,3,2,1967,4
2957,2,2,1,1963,5
2956,3,3,1,2011,3
2342,4,3,1,1952,5
1260,2,2,1,1984,2
2304,5,3,1,2017,3
2147,2,2,3,1962,3
2499,4,1,1,1958,5
1277,4,1,2,1972,3
1092,4,1,3,1958,1
1958,5,2,2,1998,2
2570,3,3,3,1999,4
1822,4,3,2,1976,2
1127,3,1,1,2003,2
1531,5,1,3,1978,2
1772,2,1,1,1994,2
1166,3,2,2,1988,2
1830,2,2,1,1959,4
1235,3,1,3,1996,1
2055,4,2,1,1998,2
2254,4,1,3,1966,2
1190,2,3,2,2012,1
2865,3,2,2,1987,4
2959,5,2,3,2021,5
1612,2,2,1,1992,1
2614,3,3,1,2008,3
2531,3,3,3,2013,4
2480,2,2,3,1984,4
2695,2,3,3,1962,5
1254,2,1,3,1989,2
2302,3,3,2,1955,3
2994,2,1,3,1994,4
2723,2,2,3,1983,5
1972,5,1,3,1962,1
2745,5,1,3,1964,5
2776,5,3,1,2014,5
2079,2,2,2,1960,4
1648,2,3,3,1998,1
1105,5,3,3,1993,1
2604,4,2,3,1953,3
2725,4,2,2,1982,5
1191,5,3,2,2013,3
2002,5,3,2,1996,3
2567,5,1,1,1986,3
1174,2,3,1,2021,2
2793,5,3,1,2002,5
1634,3,3,2,1996,2
1084,4,3,1,1966,1
1947,2,3,2,2015,2
1727,4,2,1,1978,3
2239,5,3,1,2018,3
2037,4,3,3,2011,1
2060,5,1,3,1991,4
2050,2,2,1,2001,4
2687,2,1,3,1981,2
2599,4,3,3,2008,5
1069,2,3,3,1987,2
1153,4,3,3,1967,1
2461,4,3,1,1977,2
1764,4,3,3,1975,2
1270,4,2,3,1986,2
1540,3,2,3,2001,2
2097,3,2,2,1990,5
2819,5,2,3,1993,3
1570,2,2,2,2013,2
2778,3,1,1,1971,3
2864,3,1,3,2018,5
1148,2,2,3,2016,1
2529,4,3,2,1984,5
1009,3,3,1,1995,2
1643,3,3,2,1994,4
2525,3,2,2,1972,4
1061,3,2,3,2008,2
2411,4,3,3,1984,3
1773,3,1,3,1958,2
2753,3,1,2,1964,4
2255,3,1,1,1993,4
2871,3,3,1,1993,5
2607,2,1,1,1993,4
1527,4,2,3,1981,2
2712,2,2,2,2011,5
2344,5,2,3,2009,4
2106,2,2,1,2002,3
2457,4,2,2,2011,5
1016,5,3,1,1996,2
1368,5,1,3,1987,2
2691,4,1,3,2008,3
1683,4,1,3,1982,2
1907,5,3,3,2013,5
2605,5,1,2,1976,4
1582,5,3,3,1964,4
1254,5,2,2,2017,3
1455,4,3,1,1979,2
1642,2,1,3,1990,4
1560,2,3,3,2016,3
1532,4,3,3,2007,3
2415,2,2,1,1965,3
1319,2,3,1,1960,1
1219,3,3,2,2016,2
1698,2,3,2,1969,1
1714,4,2,3,1964,4
1753,4,2,3,1988,1
2039,5,2,3,2002,4
1408,3,1,2,1967,3
1827,3,3,2,2021,2
1172,2,3,3,1959,3
2672,2,1,3,1989,4
2202,4,1,1,2005,4
2596,5,2,3,1968,4
2520,4,3,1,2000,5
1935,2,3,1,1968,3
2127,3,3,2,1980,3
2340,2,1,2,1997,4
1706,3,2,3,1992,2
2791,4,2,2,1975,5
1975,5,1,2,1977,3
2611,5,3,2,2007,4
1782,5,3,3,1961,2
2204,5,2,2,2011,2
1131,5,2,2,1964,3
1662,2,3,2,1952,3
2178,2,1,1,2003,5
1358,5,1,2,1957,2
2258,3,2,1,1951,2
1759,4,1,2,1952,3
1164,3,1,3,1979,1
1716,3,3,1,1985,3
1426,5,3,3,1984,1
1676,3,1,3,1993,1
1487,2,2,1,1950,2
1212,4,3,2,1950,1
2948,4,3,3,1981,4
1765,4,3,3,1989,3
1156,3,2,3,1966,1
2712,4,3,3,1955,5
2098,4,3,3,2018,4
1434,2,1,1,1950,1
2201,5,2,1,2004,3
1841,2,1,1,2008,1
1644,2,1,1,2012,3
2660,5,1,2,1990,2
1311,3,1,2,1959,2
2855,2,1,2,1991,4
1126,4,3,1,2015,1
1376,2,2,1,2021,2
2368,3,1,1,2005,5
1224,2,2,1,2002,2
2040,4,2,1,2018,2
1496,2,3,1,1960,3
1472,2,2,1,1965,2
2334,5,2,2,1976,5
2781,5,2,3,1979,5
2160,3,3,2,1952,4
1474,5,3,3,1973,3
1216,3,1,1,1954,1
1195,5,2,1,1962,3
1200,3,2,1,1992,1
1365,3,3,3,1971,1
1718,3,3,1,1983,2
2551,2,3,2,1993,3
2548,3,3,3,1965,4
1589,3,2,2,1988,1
1213,2,3,2,1991,3
2352,2,1,2,1955,3
1958,3,3,3,1958,4
1118,2,1,2,2000,3
2448,5,3,2,1977,2
1835,2,2,2,1999,1
1841,5,1,2,1976,2
1866,2,2,2,1990,4
2396,2,2,2,1970,4
2672,4,2,3,2002,5
2202,2,2,1,2014,2
2455,2,3,1,1966,2
2743,4,2,1,1994,4
1944,2,3,1,1962,2
1401,4,3,1,1976,1
2417,5,2,3,1982,4
1882,4,3,3,1952,4
1565,5,1,3,1983,1
2102,4,1,2,2002,1
2930,2,1,1,1970,5
1423,5,3,3,1968,4
1367,3,1,2,1999,2
2129,5,1,3,2006,4
2128,2,1,2,1997,4
2326,3,1,2,1968,4
1629,3,3,2,2020,1
2917,4,1,1,1979,5
2764,5,1,3,2014,4
1147,4,2,2,1956,2
2889,4,2,2,1953,4
1149,5,3,1,2002,3
1815,4,1,3,2018,1
1255,2,1,2,1994,2
1015,5,1,1,1980,2
1900,5,1,3,1977,2
1192,3,1,2,1997,2
1722,5,2,2,1996,2
2097,5,2,2,1979,3
2300,2,1,1,1995,3
2084,2,1,3,1979,4
1972,5,1,2,2005,2
1950,3,1,3,1955,3
1535,2,3,2,2007,2
2558,2,2,2,1967,5
1342,4,3,3,1979,1
1394,5,3,2,2015,2
1942,4,3,3,1971,5
1257,5,3,1,1957,3
2221,3,1,2,2003,4
1650,2,1,1,1985,1
1270,5,1,2,1976,3
1200,5,2,1,1979,1
1377,4,1,3,1971,2
2914,3,1,1,2019,4
1675,2,1,3,1959,2
2627,3,1,2,2019,4
1922,2,2,2,1951,2
2111,5,2,2,1992,4
1397,2,1,3,1979,1
2205,4,2,2,1971,3
1866,5,2,3,1988,3
2306,3,3,2,2016,4
2556,2,1,1,1953,4
1560,5,1,1,2010,2
1189,4,2,2,1985,2
1204,3,2,1,1981,2
1967,5,2,1,2009,4
1043,5,2,1,1981,1
2003,4,1,1,2012,2
2323,4,2,3,1993,4
2018,2,2,3,1988,2
1639,3,1,1,1976,2
1993,5,2,1,1994,3
1700,4,3,1,1955,2
2705,4,1,1,2015,4
2302,5,2,2,1961,4
1712,4,2,3,2004,4
2408,4,1,3,2008,4
1636,2,2,2,1975,2
1803,5,3,3,1981,4
1310,2,3,1,1994,2
1877,3,1,1,1987,3
1856,2,1,3,2021,2
1273,5,3,3,2012,2
2505,3,1,2,1982,5
2829,3,2,1,1972,5
2474,2,2,3,1950,2
2555,2,1,1,1992,3
1530,4,3,1,1960,4
2548,2,1,2,2004,5
1016,2,2,2,1952,1
1717,2,1,1,1975,2
2053,3,2,1,2008,5
1469,5,1,3,1957,3
1810,2,1,1,2017,3
2327,3,3,1,1975,3
1554,3,2,1,1986,2
1092,2,1,3,1975,1
1881,3,1,1,1996,2
1577,4,3,1,1999,2
1630,5,1,2,1974,3
1820,4,1,3,1980,4
1583,5,1,1,1995,3
1845,3,3,1,1962,4
2185,2,3,3,1950,3
2996,2,3,3,1977,5
1841,3,1,2,1963,3
1327,2,1,1,2013,2
2990,3,1,2,2000,4
2804,4,3,2,1969,5
1729,3,1,1,1954,1
1253,3,1,2,2020,2
2463,4,1,2,1953,5
1570,4,1,3,1974,3
1543,3,2,3,1961,1
1850,4,3,1,1993,3
1119,5,1,1,1994,4
1974,4,1,1,1973,4
1821,2,3,2,1974,2
1513,4,1,2,1985,1
2653,4,1,2,2014,4
2572,3,1,3,1995,4
1978,4,2,3,1977,1
1096,5,2,3,1967,1
1870,3,3,1,1962,3
2393,5,3,2,1986,4
2440,2,1,2,1977,5
1127,3,1,2,1982,1
2382,2,1,2,1978,4
2179,2,2,1,1951,4
2680,5,1,2,2015,5
1581,3,3,2,1993,3
2971,3,2,2,1969,5
1555,5,3,3,1967,3
1723,3,3,3,1997,3
2710,2,3,1,1973,3
1652,3,2,3,2016,2
2099,4,2,2,1997,2
1157,2,1,3,1962,2
1084,5,3,2,2011,1
1321,5,3,2,1991,3
2553,2,1,1,1981,4
1283,2,2,2,2010,1
2923,2,1,3,1980,5
2065,3,1,2,1987,1
2002,3,3,2,1996,4
2917,5,1,1,2016,5
2908,4,3,1,1990,2
1133,2,2,1,1987,1
1613,3,1,1,1960,3
1648,3,3,1,1965,2
2427,4,1,2,1991,3
2516,3,3,1,1991,5
2245,3,1,2,1971,3
2829,2,3,3,1965,3
2475,4,3,2,1957,4
1997,5,3,2,1977,3
2329,4,2,2,1950,4
2634,3,3,1,1979,4
2885,3,2,1,1965,5
1937,3,2,1,1975,2
1323,2,1,1,1967,4
1920,2,3,1,1999,2
1158,4,1,2,2007,1
1238,2,2,1,1968,1
1395,2,2,3,1994,1
1319,5,2,3,2007,2
2212,5,3,1,1969,4
1248,4,2,1,2010,2
1537,5,3,2,1967,2
2529,5,2,2,2017,4
1393,5,1,2,2018,4
1651,3,2,2,1991,4
2017,2,1,3,1999,2
1405,5,1,3,1969,2
1999,4,3,1,2016,4
2204,2,1,1,1972,3
2698,4,3,2,1951,5
2606,4,2,3,1965,4
2617,3,1,1,2017,2
1154,2,3,1,1954,1
2851,2,3,1,1993,5
1866,3,1,3,1997,3
1558,5,2,2,1981,3
1193,5,1,2,2019,1
2247,4,1,1,1988,1
1398,4,1,2,1978,1
2772,4,2,1,2011,4
1279,4,2,3,2016,2
1979,3,2,1,2013,2
2033,5,1,1,2007,3
2399,4,2,2,1982,4
1471,2,1,3,1985,1
1151,4,1,1,1966,1
2879,4,2,1,1980,3
2639,5,2,2,1999,4
2147,4,1,2,1954,3
1801,5,2,2,1973,2
1552,5,2,3,1972,2
2447,4,1,3,2015,3
2546,3,3,1,1964,4
1729,5,3,3,1988,2
1512,2,1,2,1974,1
2012,5,3,2,2002,3
1170,4,3,3,1964,2
1849,2,1,2,1993,3
1793,4,2,1,1990,4
2588,4,3,2,1972,3
1124,3,3,3,2020,2
1174,3,3,2,1963,2
1503,2,3,3,1980,3
2800,3,1,2,1952,5
2800,5,2,2,1964,4
1710,5,2,3,2009,3
2707,2,1,3,1959,5
2594,4,1,2,2018,4
1105,4,3,1,1992,1
2970,4,1,2,2004,4
2660,4,3,1,2001,3
1527,5,2,2,1956,1
1037,3,1,1,1950,2
1394,5,1,1,1956,3
2778,3,3,1,1957,5
1920,5,1,2,2013,4
1476,2,2,3,1986,1
2490,2,2,3,1994,3
1721,3,1,2,2000,4
2528,4,1,1,2008,4
1314,4,3,1,1952,3
2487,4,3,3,1989,5
2703,5,2,2,1953,4
2287,2,2,1,1993,4
2633,5,2,1,1987,4
2452,5,2,2,1993,5
1364,3,1,1,1954,2
1180,2,2,2,1965,2
1733,3,1,3,1977,2
1875,4,1,3,1967,5
1993,2,3,3,2015,3
1660,3,1,3,2013,2
1243,3,3,1,1966,2
1312,5,2,2,1967,2
1075,3,1,1,2003,2
2904,3,1,1,1985,4
1261,4,3,2,1971,1
1230,4,3,2,1951,1
1702,3,3,3,2004,3
1645,3,2,2,1994,3
2332,5,3,3,2013,4
2411,5,2,1,1981,3
1756,4,2,2,1964,2
2800,2,2,2,1967,5
2348,5,2,2,1985,5
1841,5,2,1,1957,2
1878,3,3,3,1968,2
2479,5,3,3,1963,4
2366,4,1,3,1989,4
1515,5,1,2,1951,2
1441,4,2,2,1998,1
2572,5,3,2,1965,4
1582,4,3,2,1969,2
1261,4,2,1,1981,2
1748,5,1,1,1969,2
1818,5,1,3,1984,4
2001,4,2,1,1961,3
2486,2,3,1,1960,4
1866,2,2,1,1973,3
2713,2,3,1,2003,5
1607,2,1,3,2004,1
1909,5,2,2,1985,3
2250,3,1,2,2003,4
2801,2,2,1,1957,4
2212,2,3,2,2001,1
2232,3,2,1,1977,1
2036,3,1,3,1967,4
2912,5,1,1,2021,5
1161,4,2,1,1985,2
2595,4,1,1,2006,5
2516,3,3,1,1953,4
2458,3,2,2,2018,4
1004,3,3,2,1989,1
1201,5,1,2,2011,1
1415,4,2,1,1966,1
2035,3,3,1,1965,4
1947,2,2,1,2014,2
2420,4,2,1,1953,4
2364,4,1,2,1951,5
1751,2,3,2,2016,2
1949,2,1,2,1991,3
1372,4,2,1,1974,2
2401,4,1,2,1990,4
2248,3,2,2,1967,4
2205,5,2,2,2015,4
2320,5,2,1,2001,4
2839,3,3,2,1971,5
2330,2,3,2,1969,4
1430,2,2,2,1994,2
1689,2,2,2,1958,4
2375,3,1,1,1950,5
1587,4,1,2,1977,2
2069,3,2,1,1995,3
1226,2,1,1,1994,3
2379,3,1,1,1975,4
2317,5,3,2,1953,4
2263,5,3,1,2001,4
1347,2,3,3,1987,1
1140,3,3,2,2015,3
1203,5,2,1,1981,1
2685,4,2,2,1994,5
2003,2,1,2,1957,3
2665,3,3,3,1963,5
1860,2,2,1,1956,3
1844,5,3,2,2019,3
1994,4,1,3,1997,2
2292,5,2,3,2019,5
2441,4,1,3,1958,4
2938,3,3,2,2001,2
2184,3,1,1,1950,3
2690,2,3,1,1951,4
1172,2,1,3,1973,2
2153,3,1,3,1961,3
1078,4,3,3,1962,3
1978,4,1,2,1992,2
1568,3,2,2,1980,1
1862,3,1,1,1955,2
2423,2,3,1,1960,3
1362,5,2,1,1998,1
2358,3,1,1,1968,5
1013,3,3,2,1974,2
1282,5,1,3,1955,2
1805,2,2,1,2004,2
2682,2,2,1,1987,4
2444,4,3,3,1993,4
1126,5,1,2,1999,2
2795,3,1,1,1984,3
2849,5,2,1,1996,5
1217,2,2,1,2003,2
2928,4,2,2,1999,4
1744,5,1,2,2008,3
1679,3,3,3,2016,3
2678,4,2,1,2007,4
2512,2,3,3,2016,3
1996,3,3,1,2008,4
1259,5,2,3,1993,2
2241,3,1,3,1954,4
2843,3,1,2,1999,5
2512,4,1,1,1967,4
2972,2,2,2,2004,5
2466,2,2,1,2011,4
1098,3,2,3,1972,2
1181,5,1,3,1993,1
1168,5,2,3,2004,3
1232,2,3,1,2005,2
1955,5,3,3,1963,5
2116,3,1,3,1967,3
2652,2,2,3,2019,5
1471,2,3,1,1973,3
2539,5,1,2,1954,5
2108,2,1,3,2007,3
1678,4,3,3,1963,3
2542,3,1,1,1979,3
1380,4,3,1,2013,2
2430,2,2,2,1951,3
2255,5,1,3,1959,4
1250,4,3,1,1979,1
2108,4,2,1,1955,3
1318,4,3,1,1974,3
1192,5,1,2,1955,2
2658,5,3,1,1971,5
1936,2,2,2,1987,3
1600,5,3,1,2010,3
1606,4,3,2,2018,1
2910,2,1,3,1969,5
2323,5,1,1,1967,3
2381,3,2,3,2020,3
2580,5,1,2,1999,3
1764,5,2,1,1965,2
2476,2,2,2,2018,3
1884,2,2,3,2015,1
1990,2,3,2,1964,3
2586,3,1,2,1994,5
1505,3,3,3,2019,3
2589,5,3,2,1964,4
2975,2,3,2,1965,4
1221,2,3,1,2007,2
1465,3,1,1,2009,1
1071,3,1,3,1966,2
1887,2,2,2,2011,3
1473,5,1,3,1952,2
2703,3,3,2,1972,4
2721,2,3,1,1958,5
1654,2,2,1,1962,2
1018,2,1,2,1972,2
1521,3,1,1,1984,2
1783,5,2,2,1983,4
2706,3,3,1,1967,5
1414,5,3,2,2006,2
1363,3,3,1,1989,1
1527,2,3,1,1975,2
2103,2,3,2,1963,1
1795,4,1,1,1997,2
2213,2,2,2,1985,4
2171,5,2,1,2015,5
2698,2,1,1,1961,4
1442,4,1,2,1980,3
2895,2,3,3,1961,4
1649,3,2,3,2000,1
1508,5,1,1,1996,2
2324,4,1,3,2006,3
1465,3,2,1,1982,1
1364,4,1,3,2020,3
2422,2,3,3,2010,4
1492,4,1,2,2005,2
1541,3,1,1,2020,2
2839,2,1,2,1959,5
2503,3,2,2,1961,3
2191,5,3,3,1968,2
2626,5,1,2,2003,4
2114,5,3,3,1987,3
1722,4,3,3,2005,2
1841,5,3,1,1997,4
1299,4,3,1,2006,2
1173,4,3,1,1950,2
1645,3,2,2,1952,2
2396,2,2,1,1954,2
1023,2,3,2,1979,2
2224,3,2,1,1999,3
1730,5,1,3,1991,3
1006,3,2,2,1952,2
2029,3,2,1,2010,3
2653,2,2,1,1961,4
2184,4,2,2,1961,3
2620,3,1,3,2018,4
1877,3,1,2,2015,3
2271,4,2,1,1994,4
1165,2,2,1,2000,2
1427,5,1,1,1950,1
1144,3,3,3,2011,1
2534,5,3,1,1960,4
2566,5,1,2,1986,3
1932,3,2,1,1973,2
1508,5,2,3,1972,3
1906,3,1,3,1980,4
2243,4,2,2,2000,3
1644,4,1,1,1992,1
2599,4,3,1,2007,4
1075,4,2,3,1965,1
2666,2,3,3,1998,5
1823,4,2,2,1952,4
2342,3,1,2,1964,4
2896,3,2,1,1959,5
2061,3,2,2,2013,3
1565,5,3,2,1958,3
2665,3,3,3,2000,4
2753,2,2,3,1987,5
2537,2,3,3,2002,2
2269,2,1,2,1956,3
2163,2,2,3,2000,4
2281,2,3,2,2004,3
1616,4,2,3,1982,2
1380,2,3,3,2006,2
1847,5,1,1,2003,2
2501,2,1,2,1993,4
2208,3,1,1,1997,1
2517,5,3,1,1966,5
1755,2,1,3,1951,3
1163,4,2,2,1984,1
2667,4,2,3,1998,3
2226,4,3,3,1984,4
2431,4,3,3,2007,2
2233,2,3,2,1962,4
2882,5,2,1,1966,4
1100,4,3,1,1976,1
2469,2,1,2,1957,3
1897,2,3,2,1992,4
1367,3,1,3,1959,2
2262,2,1,3,1965,5
1726,2,1,3,1957,2
2314,2,2,3,1981,4
1371,3,1,2,1950,2
1861,3,3,2,1971,2
2454,5,2,3,2011,4
1279,5,3,3,1964,3
2490,2,1,3,1987,5
2100,2,3,2,2009,2
1815,5,2,2,1976,2
1150,4,3,1,1955,2
2419,4,2,2,1974,3
2008,5,3,2,1984,5
2519,2,3,2,2006,5
2320,5,1,1,1967,5
1668,4,3,1,1954,2
2733,3,2,2,1960,5
2919,5,1,1,1954,5
2516,3,1,2,1989,3
1916,3,3,3,1970,3
2559,2,1,3,1975,2
2479,2,3,1,2019,4
2032,5,3,2,1983,4
2155,2,3,1,1963,3
2100,3,3,3,1967,2
1996,3,1,3,1958,2
2911,2,2,2,1995,5
2435,3,3,3,1983,4
2113,3,2,1,1958,3
1497,5,1,3,2003,1
2652,4,1,3,1992,4
1621,2,1,2,1967,1
1353,2,1,3,1980,1
1270,3,2,3,2018,1
2415,4,2,2,1950,4
1431,3,2,2,1964,2
1738,3,1,1,1978,1
1471,2,2,1,1974,1
2331,3,3,2,1980,5
1507,2,2,3,1974,1
1899,4,2,3,1972,2
1054,5,1,1,2008,3
1523,4,2,3,1987,2
1914,2,3,3,1950,3
1462,4,2,2,1974,3
1696,2,2,3,1964,1
2501,2,2,1,2017,3
1715,4,1,1,1981,2
2234,2,3,3,1988,5
2249,5,1,1,1995,3
2030,2,2,1,1999,4
1731,5,3,3,1971,3
2846,4,1,2,1982,5
2563,4,2,3,2018,3
1988,2,2,1,1951,3
2828,5,3,2,1992,2
1211,2,1,1,2019,1
2212,5,3,1,1997,4
2098,2,2,1,1972,3
1753,4,2,3,1955,4
2137,3,1,2,1971,4
2702,2,1,2,1962,4
2641,3,2,1,1962,4
2174,4,2,3,1999,3
1435,3,2,2,1986,1
1083,3,1,1,1985,1
2235,2,1,2,2018,3
1778,3,1,1,2017,2
1833,5,3,3,2011,2
2804,4,2,2,1959,4
1460,5,2,1,1980,1
2960,2,1,1,1957,5
2806,3,1,3,2019,3
1311,3,2,1,1982,2
2717,5,2,3,1994,5
2182,3,2,1,1963,5
2724,3,3,3,1983,5
1185,2,1,2,1976,2
2979,2,2,1,1963,5
2332,4,1,3,2021,3
1245,4,3,1,1985,3
2852,2,1,1,1989,4
2016,5,1,1,2008,4
1383,5,3,1,1973,1
2065,2,3,2,1959,1
1284,4,2,3,1958,3
1979,3,2,3,1987,2
1987,5,1,1,1983,3
2946,2,1,1,2014,3
1299,2,1,1,2019,2
1900,3,1,2,1999,2
2459,4,3,1,1958,3
2392,4,3,1,1959,5
1873,2,1,2,1988,2
1485,3,1,3,1972,2
2972,4,1,1,2013,4
1435,3,2,1,1975,1
1805,3,3,3,2014,2
2451,2,1,3,1987,5
1180,3,1,3,1964,2
1882,3,3,1,1974,4
1876,5,2,1,2016,4
1693,3,2,3,1992,1
1339,3,2,2,1954,2
1490,2,2,2,1966,2
1494,4,1,1,2020,3
2996,4,1,3,1965,4
1729,3,2,3,1963,3
2186,2,3,3,2021,3
2581,2,2,2,2017,5
1455,3,3,1,1997,3
2115,3,2,1,1975,1
1104,4,2,3,1959,2
1718,4,1,1,2012,4
2521,3,1,2,1967,3
2351,4,2,1,1973,5
1650,2,2,1,1988,2
2564,5,3,1,1955,5
1508,5,2,2,1987,2
1250,5,3,3,1954,3
1964,2,3,1,1965,2
2214,5,2,2,2002,3
1878,3,1,3,1953,3
2274,5,2,2,1957,3
2017,5,2,2,2003,2
1774,4,2,1,2018,4
1884,2,3,2,1969,4
1063,4,1,1,1989,2
2873,2,3,3,1994,4
1319,4,2,3,2017,1
1859,3,1,2,1954,1
1779,2,2,2,1971,3
2547,5,2,3,2003,5
2315,2,3,3,1983,4
2674,4,3,1,1952,5
1436,5,3,1,1971,2
2620,5,2,3,1983,5
2609,4,2,2,1967,3
1735,2,2,3,1983,1
2070,3,3,3,1991,4
2440,5,1,2,1985,5
2616,4,3,1,1952,5
1450,2,3,1,1984,1
1632,4,3,3,2021,2
2578,2,2,2,1978,4
2681,2,2,3,1967,5
2097,5,2,3,1978,3
2076,4,2,1,1991,3
1232,2,3,1,1987,3
2830,4,1,3,2006,4
1673,3,3,2,1961,2
1548,3,3,2,1970,1
1936,3,1,2,1988,4
1096,3,3,2,2011,1
1048,5,2,2,1967,3
1895,5,3,3,2018,4
1521,5,2,1,1963,2
1039,4,3,3,1982,2
1913,2,2,2,2010,3
2176,2,1,3,2016,2
2129,3,3,3,1950,2
1552,3,3,3,1975,3
1675,2,2,2,1990,3
1769,2,2,2,1992,2
1210,2,1,2,2018,1
2225,5,2,1,2001,3
1432,5,1,1,2003,3
1706,5,3,3,2021,3
1564,3,2,1,2016,2
2522,2,3,2,1953,4
1281,3,1,3,1968,1
2333,3,1,1,1953,4
1754,5,2,1,1974,2
2074,3,3,1,1995,2
1408,3,1,3,1983,1
2649,4,1,3,1998,4
1272,2,1,1,2006,2
1457,2,3,2,1998,2
2143,5,3,2,1988,3
2724,2,3,3,2000,4
1045,2,3,1,1999,1
2266,3,2,2,1972,3
1310,4,1,1,1973,3
1561,3,1,2,1988,3
1010,2,2,3,2016,2
1907,3,2,2,2002,4
2447,3,2,2,1965,5
2071,5,2,1,2000,4
2400,3,3,2,1952,4
2591,4,2,1,1987,5
1983,2,2,1,1961,2
2750,5,3,2,2017,5
2393,3,2,3,1952,2
2463,2,2,1,1956,3
2780,4,2,3,1957,5
1565,5,2,3,1953,2
2507,2,2,1,2018,3
1272,3,3,2,2019,2
1940,5,2,3,1954,3
1900,3,3,3,1991,3
1130,4,2,1,2016,1
2544,4,3,3,1988,3
1723,2,3,1,1959,3
1633,3,3,1,1985,2
1113,2,3,1,1988,2
1531,4,1,1,1984,3
2522,5,1,1,2016,3
2362,4,2,1,2005,4
2044,2,2,1,1990,2
1032,4,1,1,1960,1
1919,3,3,2,2020,2
1974,4,3,2,1976,2
1025,3,2,1,2015,2
2387,4,3,2,1973,4
1600,4,2,2,1974,3
2115,4,1,3,1985,5
1544,4,1,1,2006,1
2261,4,3,1,1984,4
2297,5,2,1,1958,3
1933,5,2,1,2002,3
1288,4,3,3,1955,4
2050,4,1,3,2006,2
1816,4,3,3,1987,2
2457,3,1,2,2003,4
2934,4,1,2,1957,4
1107,3,3,3,1957,1
1972,2,3,2,1968,3
1947,5,1,1,1955,3
1737,4,2,2,1991,3
1866,2,2,1,1981,3
2554,5,1,2,1960,5
1734,2,1,2,1979,3
1792,4,2,2,1988,3
2127,2,3,3,1999,2
2867,4,3,3,1956,2
2355,5,3,2,2003,3
2385,2,1,3,1963,3
2944,3,1,1,2014,5
1288,3,3,3,1950,1
2467,3,1,3,2019,2
2060,4,3,2,2020,4
2371,2,2,2,2003,4
2779,4,3,2,1990,4
1042,3,1,2,1975,1
2149,5,2,1,1973,2
1008,5,3,1,1981,1
2549,5,2,1,1971,2
2154,3,1,1,2018,4
2348,4,2,3,2008,4
1183,3,2,2,1972,1
2305,4,3,1,2011,4
1894,3,2,1,1990,3
2076,4,2,1,1968,3
2576,3,1,2,1963,4
2873,2,1,3,1990,4
1869,2,2,1,1995,3
1532,4,2,3,1980,4
2318,5,2,3,1989,2
2231,5,3,2,1984,2
1999,4,1,3,1989,1
1662,2,1,2,1997,2
2500,4,2,3,1991,2
2993,3,3,3,1984,4
1953,3,3,2,2019,3
1068,3,2,1,1959,3
2948,3,2,3,1965,5
2460,5,2,2,1972,4
1026,3,1,1,2001,2
2651,4,1,3,2005,4
1929,2,3,2,1961,3
1653,3,3,3,1977,2
1552,3,2,1,2011,2
1105,4,3,1,1979,1
1585,5,3,3,1979,5
1809,2,1,3,1999,5
2970,4,1,1,1952,5
2034,5,1,3,1970,3
1930,3,3,1,1994,5
1658,3,2,1,1976,1
2239,3,3,2,1977,3
1885,3,2,1,1958,3
1320,5,1,1,1950,4
1459,4,2,2,1971,2
2838,2,3,1,2004,2
1578,4,1,1,1967,2
2715,5,3,2,1987,4
1876,3,3,3,1962,2
1753,5,1,1,2006,3
1463,2,1,1,1950,1
1997,5,3,2,1963,4
2545,2,1,3,1950,3
2659,2,1,3,1956,4
2296,2,3,1,1957,3
1240,4,2,1,1958,2
1935,3,3,2,1992,3
1963,3,2,1,1977,2
1958,4,3,1,1982,3
2678,3,3,3,1975,4
1864,3,2,1,1982,3
2190,3,1,1,1962,2
2592,5,2,3,1987,4
1649,3,2,1,1976,3
1326,5,1,3,2018,2
1864,2,3,3,2008,2
1528,5,2,2,1975,3
2296,4,2,1,1956,4
1878,2,3,3,2013,2
2399,2,2,3,1980,3
2935,5,3,2,2007,5
2398,4,2,1,1971,4
1333,3,2,2,2007,3
2026,5,1,1,2007,1
2266,5,2,3,1996,5
2643,2,1,1,2014,5
2074,5,1,2,1963,2
1881,4,3,1,1998,4
1115,4,1,2,1956,1
2718,5,1,3,2002,3
1360,3,3,2,1997,1
2378,5,3,3,2001,4
2689,3,1,1,2007,5
2782,4,2,2,1996,5
1075,3,3,1,1964,3
1755,3,1,1,2015,2
2104,3,1,2,2013,5
2252,4,1,1,1998,4
1071,4,3,3,1956,2
2426,3,3,1,2011,4
2241,4,1,3,1967,4
1451,2,2,2,2011,1
1910,5,3,1,1967,3
2778,3,1,1,1958,4
1825,2,2,2,2008,2
2613,2,3,3,1984,5
1669,4,3,1,1953,4
2583,5,1,3,1987,5
2335,3,1,1,1969,3
2321,5,3,3,1987,2
2047,3,1,2,2005,4
1109,5,2,3,1978,1
1051,5,1,2,1979,1
2962,2,2,1,1956,4
2313,4,3,1,1987,3
2467,3,1,1,1962,5
1466,3,3,1,1988,1
2282,3,3,1,2012,2
2347,2,2,3,1979,2
2674,2,1,1,1983,4
2932,2,3,2,1965,3
1817,2,2,2,1990,2
2361,2,2,2,1972,4
1786,5,2,2,1998,3
1555,3,3,3,1992,2
1928,5,3,3,1974,4
2445,2,2,2,1997,3
1258,4,1,1,2003,2
2648,2,2,3,1959,4
2762,2,3,1,1963,3
1064,2,1,3,1979,1
1162,3,2,1,2018,2
2187,3,3,1,2004,3
1038,3,2,1,2012,1
1664,2,1,2,1991,3
1319,4,1,1,1962,1
1359,4,2,2,2005,2
1268,4,3,2,1980,1
1323,2,2,2,2000,3
1325,3,3,1,1963,2
2610,5,3,2,1978,5
1256,3,3,3,1996,1
1199,5,3,2,1966,3
2461,2,2,2,1974,3
1609,3,3,2,1991,2
2127,2,1,2,1984,2
2395,2,1,2,2007,5
1904,4,2,2,1960,1
1163,3,3,3,1954,1
2136,4,3,3,2005,5
1614,3,3,3,2012,3
2572,2,2,3,2014,3
1698,2,3,3,1996,2
1363,5,1,3,2021,2
2044,2,3,3,1970,2
1659,5,3,2,1984,3
2152,5,1,3,1991,4
2506,4,2,3,1954,3
1698,4,3,1,1995,3
2819,3,2,3,2008,5
2222,3,3,2,1982,4
1746,4,3,1,2009,4
2975,3,3,1,2015,5
2643,2,3,2,2020,4
2544,2,2,2,1970,3
1960,2,2,1,2001,4
2443,2,1,2,1983,4
2249,2,2,3,1995,4
1929,5,2,2,1953,5
1208,2,1,1,1979,1
2268,3,1,2,1988,5
2311,4,3,3,2008,4
2089,4,1,1,1961,4
2176,3,1,2,1970,3
1490,3,3,3,1985,2
2458,4,2,2,2006,5
1702,3,3,1,1954,3
2241,3,2,3,1998,3
2452,5,1,2,2004,3
1501,5,1,2,1954,2
1665,5,1,1,2016,2
2812,4,1,3,2002,4
2617,3,1,1,1954,4
1434,4,3,2,1969,2
1279,5,3,3,1971,1
2115,4,3,1,1968,5
1523,4,1,2,1952,2
2162,3,3,2,1991,3
1666,4,3,2,1962,3
2046,2,2,3,1977,5
2999,4,1,2,1989,5
1731,2,2,3,2007,3
2260,4,3,3,1979,3
1764,2,3,1,1978,4
1933,5,1,1,1986,2
1182,3,3,3,1972,2
1507,4,1,3,1990,3
1197,4,2,2,2002,3
2705,4,2,3,1972,4
2146,5,3,2,2017,1
2948,2,2,1,2014,4
2569,4,1,3,1968,2
1380,2,2,2,1997,1
1824,3,3,2,1959,2
2538,5,3,2,1985,4
2029,5,1,2,1993,4
2327,3,2,1,1972,4
2637,3,2,1,1963,3
1191,4,1,1,1955,3
2399,3,1,1,1999,1
1524,5,1,1,2006,3
2059,2,3,2,1996,2
2093,2,1,2,1962,2
1288,2,2,3,2017,3
1104,2,1,1,1986,1
2739,2,1,3,1985,5
1312,5,1,3,1976,2
2078,3,1,1,1951,3
2130,5,3,2,2001,2
2676,4,3,3,1961,4
2760,2,2,1,1966,4
2883,3,1,2,1979,5
1820,2,1,2,1968,5
2156,2,2,1,1967,3
1886,4,3,2,1980,3
2048,2,1,2,2006,2
2060,3,1,3,1966,4
2042,5,2,1,1956,5
1034,3,3,1,1990,1
2386,5,2,2,1983,4
2441,2,3,1,1957,5
2845,3,1,2,1970,4
2453,3,2,3,2002,5
2541,4,2,2,1991,4
1466,2,2,2,1963,2
1896,5,3,3,1990,2
1198,2,2,2,1975,1
2569,4,2,2,1987,4
1767,4,2,1,1955,3
2234,2,1,1,2009,3
2632,4,1,3,2000,4
2817,2,2,1,1961,4
2524,4,1,1,1974,2
1240,3,3,1,1964,3
2193,5,3,1,1981,5
2882,2,3,2,1984,3
1293,5,1,1,2014,1
1921,2,3,3,1955,2
2762,2,3,3,1965,5
2338,3,1,1,1982,4
2150,3,2,2,2005,2
1467,2,1,3,1994,4
2815,4,1,1,1971,5
1366,2,2,3,1961,2
2044,2,3,2,1951,4
1757,3,1,1,1960,2
2113,5,3,3,2005,4
2427,5,1,1,1993,3
2541,4,1,2,1976,4
1450,5,3,1,2021,2
1777,5,1,3,1955,4
1907,5,3,1,1955,3
2632,4,2,2,1971,5
2173,2,1,1,1961,1
1445,2,3,1,1956,1
1956,4,2,3,2020,3
1079,2,1,2,1977,1
2040,5,2,1,1997,3
1137,5,1,3,1972,2
1651,5,3,2,1963,4
2531,2,2,2,2009,3
1551,4,2,2,1974,1
2942,4,3,1,2005,5
2703,4,1,3,2014,3
1073,3,3,3,2014,2
2097,4,2,3,1969,2
2033,4,2,2,2005,3
2126,5,3,3,1950,5
2885,4,2,3,1999,5
1387,3,1,2,2002,2
1384,5,1,1,1991,3
1298,3,3,1,2012,3
1338,2,1,1,1996,1
2412,2,3,1,2006,4
1473,2,3,3,1979,2
1615,5,2,3,2019,1
1961,3,2,2,1974,5
1791,5,1,2,1979,2
2165,4,1,3,2013,3
2832,3,2,1,2018,5
2193,4,2,3,1955,5
1012,5,1,1,1984,2
2692,4,3,1,1970,5
1448,5,2,2,1995,3
1173,5,2,2,2020,3
2697,4,2,1,1951,5
2155,5,3,3,2010,4
2563,3,2,2,1985,3
1594,3,1,2,2001,3
2920,2,3,1,2005,5
1931,4,2,1,1998,2
2898,2,3,1,1977,3
1268,4,1,2,1961,1
2274,2,3,1,2003,3
2393,5,1,1,1981,4
1617,3,3,1,1954,2
1772,2,2,3,1967,3
1864,3,2,1,2019,4
1525,4,2,2,1973,3
2615,2,1,1,1987,4
1887,2,1,3,2014,1
2529,2,3,1,2016,3
1671,2,2,2,1977,1
2690,5,1,1,1985,4
2570,3,2,2,1992,3
1258,5,3,3,1975,3
1259,2,3,2,1976,3
2158,5,3,2,2013,4
2484,3,3,1,1970,3
2512,2,1,2,2016,3
1642,3,1,2,1988,4
1080,3,3,3,2008,2
2390,3,1,3,1966,4
2082,5,2,1,2010,5
2097,2,2,1,2010,3
2262,2,3,1,2008,4
1128,3,2,3,1958,3
2460,5,3,2,1965,3
2161,2,3,2,1975,3
1454,4,1,3,1999,1
1614,5,1,2,1964,2
1898,2,1,1,1961,2
1902,4,2,3,2010,3
2032,4,1,2,1964,3
1231,2,2,1,1992,1
1610,5,1,1,1960,2
1729,3,3,3,1964,1
1964,5,1,2,1961,4
2420,5,3,3,2005,4
2772,5,3,1,1969,4
2757,2,1,1,1960,3
1881,3,2,1,2009,3
2597,5,2,1,1979,4
1317,5,3,2,1974,2
2530,3,2,2,2007,5
1521,4,3,1,1981,5
2769,4,1,2,1996,2
2110,3,2,3,2014,3
2802,5,1,2,1976,5
1715,2,1,3,2015,2
2341,5,3,3,1975,4
2356,3,3,3,1986,4
2383,3,3,3,2004,3
2264,3,3,2,1999,4
2079,2,2,3,1984,2
2133,5,3,1,2009,3
2072,2,1,2,1956,4
2778,4,2,3,1998,5
2039,5,2,1,1964,5
2096,3,2,2,1987,4
1883,5,2,2,1957,4
1201,3,3,1,1966,1
2672,5,2,1,1993,3
2056,3,2,3,2004,4
2623,2,3,3,1991,5
1418,5,3,1,1986,3
2226,5,2,3,1959,4
1550,4,2,3,2015,2
1625,5,1,2,1992,4
1844,4,2,3,1958,3
2782,5,1,3,2010,4
2878,4,1,1,1998,5
1881,5,3,3,1955,3
1719,2,3,1,2020,2
2335,5,2,3,1976,5
1943,5,1,2,1954,2
2492,5,3,1,1999,5
1393,5,3,2,1993,3
1808,5,1,3,1993,1
1871,5,3,2,1981,3
2234,3,1,2,2008,4
1866,5,2,1,1977,3
1570,4,1,3,1967,3
2179,5,3,1,1979,4
1633,2,2,1,2005,2
1631,4,2,3,2008,2
1808,4,3,3,1956,4
1321,4,3,2,1954,2
2458,3,1,3,1985,4
1573,5,1,2,1965,2
2693,2,2,3,2016,5
2063,2,2,2,1980,5
2777,2,3,2,1957,5
2063,3,1,2,2016,3
2476,3,2,3,1985,5
1869,3,3,2,2009,5
2213,5,1,1,2003,4
1745,3,2,1,2014,3
2038,2,3,1,1999,3
2147,3,3,2,1999,3
2763,2,2,3,2019,4
2303,2,1,2,2008,3
1936,4,2,3,1963,3
1958,5,2,2,1972,5
1188,5,1,1,2013,1
1303,5,3,1,2018,2
2582,5,2,3,1959,4
2719,4,1,2,1961,4
2128,3,1,1,2019,4
1368,5,3,1,1957,1
2524,5,1,1,2009,2
1459,2,3,3,2019,2
1246,2,2,1,1960,1
2229,2,1,2,1972,1
2530,4,3,2,1980,3
1529,4,2,1,2021,3
2387,4,3,3,2010,3
1749,3,3,3,1992,3
2363,4,2,1,1969,4
1452,4,1,1,1953,2
2856,4,2,3,2018,5
1813,4,3,1,2017,3
1577,3,3,3,2007,4
1964,3,3,3,2009,3
2173,3,2,1,1970,4
2216,3,3,3,1966,3
2931,4,2,2,2004,4
1405,3,1,3,1966,1
1182,3,1,3,1967,1
2129,4,3,1,1957,4
1235,2,2,1,2011,2
1637,2,2,1,1992,4
1957,2,2,1,1982,1
2424,2,2,2,1951,3
1524,5,2,1,1989,3
1742,5,1,2,1984,2
2563,3,1,1,2021,5
2914,5,1,3,1967,4
1322,4,1,1,2006,2
2284,5,3,2,1989,3
2635,3,2,1,1995,4
2723,2,1,2,2014,5
1398,4,2,1,2013,4
1336,3,2,1,1952,2
2323,4,2,2,1996,4
2581,2,3,1,1963,2
1412,2,2,2,1966,2
1579,4,1,2,1973,4
2407,5,1,1,1957,4
2503,4,3,2,1965,5
1304,2,3,2,1960,3
2706,4,2,2,1986,5
1195,5,3,2,2013,1
1332,2,1,1,1956,1
2043,5,3,3,1998,5
1622,2,1,1,1963,1
1657,3,1,3,1998,3
2456,4,2,3,1951,4
1882,3,1,1,1978,2
2449,4,3,3,1962,5
2252,3,3,3,1997,5
1523,4,1,1,1993,3
1216,3,1,2,2012,3
2614,4,1,1,2004,3
1374,3,1,3,1976,1
1775,5,2,1,1984,5
1027,4,1,3,1988,1
2395,5,1,3,1969,3
1187,2,1,2,1980,2
1304,5,3,3,1973,2
1765,2,3,1,1971,1
1079,4,1,3,1960,1
1185,4,1,2,1991,1
2028,2,3,1,2013,5
1557,4,3,1,2020,3
2889,2,1,2,2009,4
2520,4,1,2,1975,5
1508,4,1,2,1965,2
2637,4,1,1,1957,5
1970,2,1,3,1988,2
2025,3,3,1,1952,2
2758,5,2,1,1999,4
2476,2,3,3,1997,4
2447,4,1,3,2007,2
1323,4,3,1,2001,2
2604,4,3,2,2015,5
1196,5,2,2,2010,2
1503,4,3,1,1989,1
2295,4,3,1,1970,3
1693,3,1,3,1960,3
1958,5,1,1,1971,2
1106,4,1,2,1967,1
2552,5,2,2,2019,5
1482,2,2,1,1980,4
2617,4,3,1,1962,4
2027,4,1,2,1991,1
1626,5,3,1,1994,5
1350,4,3,2,1963,1
1350,4,3,2,2018,2
1648,3,2,3,1987,2
2822,2,1,3,1984,4
1900,2,1,2,1961,4
1227,5,2,2,1968,2
1015,3,2,3,1966,1
2833,3,2,2,1988,5
1424,3,1,1,2012,2
1723,4,1,2,1952,3
2269,5,2,1,2003,5
2821,5,2,2,1985,5
1793,4,1,2,1989,2
1176,5,3,1,1969,3
1542,3,3,1,2013,4
1508,4,1,2,1953,1
2585,4,3,1,1977,5
1563,4,1,2,1994,3
1232,2,2,2,2001,2
2701,4,3,2,1968,5
2061,5,1,3,2021,2
1490,2,3,2,2007,3
2016,2,2,1,2016,3
1443,2,1,3,1963,2
1019,2,2,3,2007,2
2634,3,2,3,1953,4
2750,4,2,3,1998,3
2579,3,2,3,1971,3
1110,5,1,2,2009,1
1486,4,3,1,2004,3
1088,3,3,2,1956,1
2342,4,2,3,2003,2
2141,3,2,3,1984,2
1433,5,2,1,1974,1
2941,3,3,3,1953,5
2262,5,1,3,1989,3
1821,3,3,3,1988,3
2928,2,2,3,1951,5
2422,5,2,3,1975,2
1815,2,1,3,1991,3
1403,3,2,1,1974,2
2698,4,2,2,1962,3
1868,2,3,1,2018,4
2218,2,1,1,1963,2
2595,3,1,3,1954,4
2633,3,3,3,1981,4
1867,3,2,1,1979,1
2890,5,1,3,1994,4
2608,4,3,2,1990,4
2245,2,3,1,1977,4
2654,5,2,1,1968,3
2205,3,2,2,1958,4
1895,3,1,1,2006,3
2753,5,1,1,2019,4
1255,3,1,1,1955,3
2931,2,2,1,2014,4
2111,2,1,1,1985,4
1872,2,2,3,2021,2
2810,5,1,3,1998,3
1491,3,2,3,1952,3
1335,5,1,1,1974,1
2561,2,3,2,1991,4
1632,3,3,2,1950,4
2312,3,1,2,1955,3
1361,4,2,3,1968,1
2464,4,1,3,1983,5
2053,4,2,3,1952,3
1918,2,3,1,2016,3
1893,2,2,1,1994,3
2571,5,3,1,1978,4
1636,3,3,1,2018,3
2246,5,3,1,1951,5
1746,4,1,2,1980,2
2147,4,1,3,1966,3
1682,2,3,3,1997,2
2002,2,2,3,2001,5
2006,5,1,3,2012,3
2985,5,1,3,1958,5
1692,4,1,1,1955,2
1214,2,3,1,2017,1
1226,5,1,1,1952,2
1890,2,2,2,1954,4
1443,5,1,3,1988,3
1548,3,1,3,1963,3
1828,4,2,3,2012,3
2631,2,2,1,1996,4
2655,2,2,2,1977,5
1011,3,2,2,1957,2
2145,3,2,3,1967,4
2570,5,2,1,1968,5
1488,5,2,3,2002,3
2274,3,2,1,2012,4
1578,4,2,1,1984,2
2505,4,2,3,1994,3
2573,2,1,1,2013,3
2303,5,2,2,1993,5
1741,4,2,1,1973,1
2360,2,2,2,2001,5
1960,5,2,1,1990,3
2976,4,1,1,1991,5
2351,4,3,1,2011,4
2269,5,2,3,1959,5
2614,2,1,1,1976,4
2649,2,3,1,1960,5
2324,3,2,1,1992,3
2752,2,1,2,1980,2
1199,3,3,3,1986,3
2523,2,3,3,2017,4
1863,5,3,3,1963,3
1753,2,3,2,1993,3
2036,4,1,2,1962,3
2389,2,2,2,1958,3
2742,4,3,1,1953,4
1773,2,1,3,1971,3
1096,5,2,2,1980,1
1070,3,1,3,1950,2
1992,2,1,2,1973,4
2884,4,2,2,1965,5
2765,4,1,1,1987,4
1356,4,2,1,2006,1
1811,4,3,2,1966,4
1543,5,2,3,1964,3
2273,2,3,3,1961,2
1253,4,1,1,1988,2
2794,4,2,3,1982,5
2205,2,2,1,1980,2
1987,3,2,3,1953,2
2189,5,1,3,2011,5
2486,5,1,2,1987,3
1144,4,1,3,1954,4
1164,5,3,2,1994,2
1343,5,3,1,1997,2
2897,3,1,2,1955,5
2128,5,1,2,2017,4
2571,5,2,2,1971,5
2337,4,3,1,1998,4
2192,2,1,1,2003,4
1519,3,1,1,2015,3
1925,2,1,2,1995,2
2621,3,2,2,1964,4
2459,4,3,3,2021,4
1608,5,1,3,1952,2
1511,5,1,1,1986,3
1408,4,2,1,2008,1
1435,3,2,2,2003,1
2338,5,1,3,1994,3
1541,2,3,3,1970,1
1612,5,1,3,2005,3
2602,4,2,3,2017,4
1899,5,3,3,1977,3
2884,4,1,2,2009,5
2976,3,3,1,1987,5
2086,2,2,2,2015,3
2055,4,2,3,2000,2
2622,2,2,1,1966,5
2234,3,1,3,1973,2
2486,3,3,1,2012,4
1562,4,3,3,2018,1
1574,5,2,2,2019,2
2103,2,1,3,1998,4
2021,5,2,1,2015,1
1342,2,2,1,1953,1
2255,3,1,1,1967,3
1612,3,3,3,1975,2
2042,3,1,3,1986,2
2442,3,1,1,2001,4
1958,5,2,1,2016,2
1080,4,2,1,1957,1
2638,2,2,3,2012,3
1665,5,2,3,2016,3
1780,4,1,3,2006,2
2141,4,2,3,2002,3
2517,2,2,1,1951,3
1790,4,3,2,2003,2
1491,2,2,2,2006,2
2898,2,2,1,1973,4
1224,4,1,2,1998,2
1986,4,3,2,1979,3
1418,4,1,3,1966,2
1779,5,2,1,1954,2
1136,3,1,2,2017,1
1225,5,1,1,2011,3
2357,2,3,3,1950,2
2252,2,3,2,2010,3
1322,3,3,2,1992,2
2131,3,1,2,1953,4
1811,4,3,3,2017,3
1444,5,1,1,1994,2
2940,5,1,2,1978,4
1006,5,2,2,1955,2
2376,5,2,1,2015,4
1266,3,1,3,1996,1
1684,5,2,2,1978,3
1927,3,3,3,1993,4
1213,5,2,2,1970,4
1246,2,1,2,1990,2
2641,3,2,1,2003,3
2618,4,2,1,2003,3
2827,2,3,1,1960,5
2397,2,2,3,1981,5
1420,3,3,2,2021,1
2738,5,2,1,1974,5
2064,5,2,2,1954,3
1716,3,1,1,1958,2
2371,5,1,2,1972,4
1142,5,3,3,1998,1
1140,3,1,2,1999,1
1032,5,2,1,2009,2
2223,5,3,2,2003,4
1118,3,2,3,1956,3
2823,4,1,3,1988,4
1228,3,3,1,1985,1
2653,3,3,2,1976,5
1687,4,3,3,1970,2
2208,2,2,1,2010,1
1829,4,3,3,1993,5
2010,5,3,3,2021,4
1849,5,3,1,1972,4
2238,4,3,1,2020,5
1732,5,1,3,1991,2
2153,2,2,1,2000,2
1844,5,1,1,1954,5
1271,4,2,3,1999,2
2781,3,3,3,2015,4
1634,4,3,3,1962,3
2031,4,1,1,1979,3
1402,2,2,2,2014,1
1927,5,3,1,1987,2
2602,4,2,1,1985,4
1626,5,2,3,1991,2
2823,4,2,3,2009,3
1616,4,1,2,1986,2
1980,5,3,3,1972,1
1536,2,3,3,2017,1
2076,2,3,3,2010,5
1246,5,2,3,1969,1
1336,4,2,3,1960,2
2304,3,2,2,1966,2
1798,2,1,1,2000,1
1547,3,2,3,2012,2
2366,2,2,3,1962,3
1890,5,2,1,2007,2
2262,4,2,2,2014,3
2515,2,1,3,2021,4
1728,3,2,3,1986,3
2200,5,3,2,2000,4
1043,5,2,3,1990,2
1303,5,1,1,2002,1
2693,5,2,3,1967,5
1268,4,3,3,1990,2
1682,5,2,3,2009,2
2756,5,1,2,2015,5
1399,5,2,1,1980,2
2765,3,1,2,2010,5
1602,3,2,3,1978,3
1921,3,2,2,1961,3
1970,3,2,1,1970,4
1430,2,1,3,1964,1
1420,5,3,2,2002,4
1130,2,2,1,1975,2
2433,2,1,3,1987,3
2761,2,2,3,1984,4
2248,4,2,3,1968,3
2166,5,1,2,2007,3
1577,5,2,3,1998,3
1539,2,1,2,1997,3
2235,4,2,3,2002,3
1933,2,2,1,1973,3
2451,2,1,1,2012,3
2460,4,1,1,2011,5
1591,2,3,1,1993,2
2261,5,1,2,1968,3
1643,3,2,1,1970,2
1327,3,1,1,2017,2
1811,3,2,1,1997,3
2142,3,3,1,1963,3
1045,2,1,1,1988,2
1083,3,2,1,2014,1
1793,2,2,3,1963,3
1351,5,2,3,1950,2
2036,2,2,1,1966,3
1636,2,3,3,1981,3
2860,2,2,2,2010,4
2195,4,1,3,2012,3
2204,4,2,2,2011,2
2074,5,3,2,1996,2
1780,3,1,3,2003,2
1680,2,3,3,1950,2
2418,2,3,2,2010,5
1932,3,2,3,1986,4
2851,4,2,1,1989,4
2823,5,2,2,1955,5
2452,2,2,1,1986,4
2297,3,1,1,1956,3
1860,4,1,3,2014,3
2230,5,3,1,1969,4
1299,3,2,2,2010,4
2955,2,1,2,1960,4
2476,5,3,3,2018,5
1548,5,1,2,2005,1
1977,4,3,3,1955,2
1382,2,2,3,1995,3
2810,5,3,3,1997,5
1799,5,2,2,1951,3
2641,3,3,2,2000,4
1533,3,1,1,1978,2
2256,3,1,1,2015,3
2657,5,1,1,1982,4
2152,2,3,2,1966,2
2752,2,2,1,1980,5
2683,2,3,1,2017,4
1569,2,3,1,1953,2
1930,2,1,3,1970,2
1236,4,1,1,1974,1
2605,3,3,3,1998,2
1965,3,2,3,1993,3
1700,3,1,3,2011,2
1753,5,3,2,1986,2
1574,5,2,2,1964,2
2508,4,2,3,1982,4
2264,4,3,1,2015,2
1956,4,1,3,1979,2
2016,3,2,1,2019,5
1770,3,2,1,2016,4
2764,3,1,2,1988,5
1222,2,3,1,2018,4
2122,5,2,3,1959,3
2782,5,1,1,1972,4
1556,4,1,1,2015,2
1910,2,2,2,2002,4
1272,4,1,1,1965,1
2422,4,2,1,2014,5
2540,5,1,1,2001,3
1429,2,3,1,1976,2
1959,4,3,2,1995,3
2371,4,3,1,1959,3
1909,3,2,2,1983,2
2574,5,1,1,1952,5
1450,3,3,2,2009,3
2011,2,1,3,1965,2
1041,3,3,1,2017,1
2738,3,1,1,1986,4
1093,4,1,3,2014,2
1516,2,2,3,1971,3
2587,2,2,1,2003,2
2173,5,1,3,1964,4
1716,5,3,3,2003,3
2835,2,1,3,1991,4
1498,2,1,3,1988,2
1370,3,2,3,1957,1
1980,5,1,2,1990,3
1698,3,3,3,1959,1
1484,2,2,1,1954,1
1664,5,1,1,1961,2
2406,3,3,1,2012,4
1627,5,1,2,2015,2
2684,4,2,2,1990,3
1731,4,1,1,2019,2
1835,4,3,1,1996,3
2244,5,1,3,1971,4
2070,2,3,3,1999,4
1126,3,1,3,1957,2
1726,2,1,2,1957,2
2030,2,3,3,2017,5
1695,3,1,2,1964,3
2139,4,1,2,2013,3
1563,5,2,3,2020,1
1392,5,3,3,1973,3
1953,3,2,3,1999,3
1022,2,2,1,1970,3
2154,3,2,3,2016,3
2150,2,2,3,1977,2
1444,4,3,3,1986,2
1776,5,1,3,1961,4
2332,5,1,3,1981,3
1707,3,3,3,2004,3
1432,5,3,3,2017,3
1472,2,3,1,1960,2
2914,4,3,3,1959,5
2105,3,2,1,2002,3
2132,4,3,2,1966,1
1262,5,3,3,2007,2
2054,3,2,1,1961,3
1357,3,2,1,1992,1
1567,4,2,2,1997,2
1479,4,3,1,1977,1
1866,3,3,1,2013,3
2212,5,1,1,1969,3
2028,4,1,3,2015,2
2309,3,3,3,1989,3
2680,3,1,3,1963,4
2417,5,1,3,2015,5
2478,4,2,3,1998,3
1707,4,2,2,1991,2
1425,2,2,1,2012,1
2050,2,3,2,2017,3
1126,5,2,1,1967,3
1134,3,1,3,1951,2
2558,2,3,1,1952,5
1330,2,3,3,1955,2
2652,5,1,1,2014,4
1391,3,1,1,1979,3
1007,5,2,1,1991,1
1612,4,1,1,2007,2
2284,4,2,3,2015,4
2222,3,3,2,1977,3
1597,2,2,2,2017,4
1385,5,3,3,1996,3
1471,4,2,2,2017,2
1178,5,3,1,1978,1
1449,2,1,2,2017,3
2263,3,3,3,1997,3
2547,5,2,3,1983,4
1814,2,3,2,1990,2
2769,3,2,2,1965,5
2206,5,2,1,1954,3
2817,5,2,1,2011,5
1375,5,1,2,1981,3
2964,5,3,3,2004,4
1701,5,2,3,1973,3
1837,4,2,1,1974,4
2750,3,3,2,1996,5
2793,4,2,1,1995,4
1537,3,2,1,1998,1
1781,4,2,1,2020,1
1081,5,3,1,1968,1
2381,2,3,2,1969,3
1184,3,1,3,1994,2
1287,2,1,2,1996,2
2085,3,3,2,2005,4
1882,3,2,3,2008,2
1506,5,2,2,1992,3
2485,3,2,2,2005,4
2932,5,3,3,1991,3
1935,5,3,3,1961,4
1030,4,2,3,1967,2
2316,4,2,3,1984,2
2196,5,2,1,1982,2
2637,2,3,2,1982,3
2151,2,2,3,2003,4
1085,3,3,2,2018,1
1027,3,2,2,1977,1
2274,3,3,1,1984,2
1572,4,3,3,1960,2
1402,5,2,3,1964,3
1682,2,1,2,1963,1
2466,5,1,1,2002,5
1836,4,1,3,1955,4
2835,3,2,3,2006,5
2729,3,1,3,1957,5
2417,4,3,3,2020,5
2966,5,1,2,2013,5
1018,2,3,3,1957,2
2875,5,3,3,2019,2
1604,4,3,3,1952,1
2752,4,1,1,1972,4
1464,5,3,2,2009,2
1690,2,2,3,1950,2
2010,3,2,3,1999,4
2214,5,1,1,1956,3
2516,2,3,1,1992,4
2935,2,2,1,1990,5
2013,4,2,1,1992,5
2972,3,3,1,1959,3
1162,3,1,3,2013,2
2635,5,2,2,2018,5
1698,3,1,2,1984,1
1578,4,2,2,1963,3
2096,2,3,1,1970,3
1700,4,3,2,2012,1
2585,2,2,3,1978,4
2332,4,2,3,1969,4
1301,2,1,3,2002,1
2331,5,3,1,1967,2
1668,4,3,2,1955,1
2284,2,1,3,1999,3
1194,4,2,3,1953,2
1841,5,3,1,1986,3
1350,4,3,3,1964,2
2791,2,2,2,1958,4
2959,4,2,3,2012,4
1488,4,3,2,1987,3
1199,2,1,3,1954,1
1883,5,1,3,1983,2
1507,5,2,3,2010,3
1897,5,2,1,1976,2
2603,3,1,2,2014,4
1445,3,1,1,1960,1
1744,4,1,3,2012,4
1697,3,1,2,2002,1
2640,4,1,2,1986,4
2492,5,2,2,1962,5
2860,2,1,1,1988,3
2465,3,3,3,1978,3
1930,2,2,3,2003,2
1653,3,3,3,2010,3
2934,3,3,2,1997,4
1901,2,1,3,1977,2
2366,5,2,3,1962,4
1123,5,2,3,1999,2
2246,2,2,2,2019,4
2513,4,2,2,2005,4
1685,2,1,2,1965,4
2726,4,2,3,1964,3
1651,5,3,3,1959,2
1296,4,1,1,1960,2
2142,5,2,1,1986,3
1786,5,3,2,2005,2
2099,5,3,1,1972,2
1620,5,2,1,1963,3
2654,2,2,1,2013,5
1972,3,3,3,2003,3
1880,3,3,2,1959,3
2281,3,2,3,1957,4
2654,5,2,2,1951,4
1350,5,1,2,1981,1
2672,5,1,3,1977,5
2300,3,2,3,1984,3
1254,5,2,3,1999,1
2287,4,2,1,2016,4
1678,2,3,3,1990,3
2700,5,3,1,2005,5
1028,5,1,1,1953,2
1466,5,2,2,1968,1
2058,4,2,1,1966,3
1748,5,2,1,1958,1
2317,3,3,1,1954,2
1601,5,2,1,1979,2
2226,3,3,2,2005,4
1739,3,1,1,2015,2
1930,5,2,1,1969,3
2091,4,2,3,1985,3
1130,3,3,2,1992,1
2900,5,2,1,2016,4
1523,4,2,2,1992,2
2311,5,1,3,1963,4
1686,2,2,1,1974,3
1830,2,3,3,1988,2
1665,2,2,2,2001,5
2066,5,3,1,1985,3
1874,3,2,2,1960,2
2740,4,3,1,2012,4
2707,5,2,1,2002,5
2317,3,1,1,1966,4
1284,5,2,2,2020,3
1822,2,3,3,1951,4
1563,2,1,2,1959,2
2650,3,1,3,1978,5
1018,3,3,1,2014,1
2530,3,3,1,1968,4
1546,4,2,1,1968,1
1047,3,1,3,2008,2
2768,2,3,3,2009,3
1218,2,2,2,2005,1
2645,4,2,2,1963,4
1765,5,3,1,1951,3
2211,3,1,3,1990,3
1258,5,2,2,1999,3
2698,5,3,3,2015,4
2367,3,2,3,2004,5
1307,2,3,1,1969,2
2094,3,3,2,1987,2
1567,2,1,1,1970,3
2122,2,2,2,1965,3
1020,2,1,1,1976,2
2920,5,3,1,2002,5
2643,5,1,2,1957,3
2588,3,3,2,2021,3
2029,4,3,1,2014,3
1230,3,2,2,1997,1
1081,4,1,1,1972,1
1957,3,2,3,2020,3
1216,3,3,2,1990,2
1334,3,3,1,1967,1
1558,5,2,1,1978,3
1863,3,2,3,1979,2
1873,4,2,1,1972,3
1752,5,3,1,1965,4
2713,3,1,2,1982,5
1593,2,3,3,1952,2
2822,5,3,1,2000,5
1703,2,3,3,1959,3
1924,3,3,2,1980,2
2678,4,1,3,1952,4
2849,2,3,1,1984,5
2814,2,2,1,1982,4
1552,2,2,1,2004,1
2482,3,2,3,1989,3
1782,5,3,2,1984,2
1086,2,1,2,1985,2
2538,4,3,3,2006,5
2746,5,1,2,2004,5
1512,4,1,1,1979,2
1983,4,2,1,1963,3
2008,5,1,2,1992,2
1586,2,2,3,1992,2
2501,2,3,2,1993,5
1497,4,2,3,2000,2
1906,2,2,2,2005,2
1955,5,1,2,1952,3
1742,4,1,3,1986,1
1587,3,3,1,1988,2
1259,3,2,1,1968,2
2560,2,3,1,2019,1
2223,3,3,2,1964,3
1462,3,1,2,2012,4
2962,4,3,2,2007,4
2020,4,1,2,1971,5
2959,4,1,3,1990,3
2375,3,1,1,1974,3
2131,4,3,3,1996,3
1354,3,2,1,1963,2
1468,2,2,3,1994,2
1094,3,1,3,1980,2
1867,5,3,1,1969,2
1090,4,2,2,2007,2
2067,5,3,1,1982,4
2479,5,1,1,2013,3
1954,4,2,2,1953,4
1383,4,2,3,1961,3
2725,5,3,1,2002,5
2257,5,1,2,1989,3
2721,2,2,2,1985,3
1310,3,2,3,1966,3
2440,4,1,1,1993,4
2356,5,2,1,1963,5
1574,2,2,3,1967,1
1102,2,3,3,1971,1
1499,2,2,1,1974,2
1827,4,3,1,1958,3
2506,2,1,3,1964,4
2871,5,1,3,1995,5
1459,2,3,2,2017,2
1188,2,1,2,1953,1
1350,4,3,1,2008,1
1580,4,2,1,2021,2
1113,5,3,2,1983,4
1619,5,1,3,2011,1
2368,2,2,1,1961,3
2044,3,1,2,1986,4
1386,3,2,2,1962,2
1943,4,2,3,2018,1
2801,4,3,3,1950,5
1854,3,2,2,1974,2
2232,5,1,3,1962,4
2705,3,3,1,1960,4
1482,5,2,2,2012,1
1472,5,1,1,1978,1
1858,4,3,1,1957,4
1941,4,2,2,1958,5
1392,3,3,3,1988,1
2658,3,3,1,1990,5
2712,3,1,1,2003,4
1515,5,1,1,1974,1
2211,4,3,1,2011,4
1345,2,3,3,2004,2
2375,3,3,2,1968,3
1540,2,3,3,2014,2
2621,2,3,1,1981,4
1046,3,1,3,1974,1
2100,3,1,1,2000,4
1342,3,3,1,1963,1
2214,4,2,2,1986,3
1542,2,2,2,2017,4
1818,5,2,1,2015,2
2704,2,1,2,1959,3
2059,5,3,1,1954,3
1756,2,2,3,1991,2
2447,2,2,1,1980,3
1187,5,3,1,2016,3
2550,3,3,2,2014,5
1333,3,1,3,1968,3
1482,4,3,3,1993,3
2239,3,1,2,1959,3
2181,2,2,1,2013,5
2949,4,1,2,1989,4
1666,5,1,1,1996,3
2264,4,3,3,1999,4
2485,4,1,1,1993,3
1044,2,2,3,1967,1
1494,4,2,3,2003,3
1174,5,2,3,2014,2
2003,3,1,1,2010,2
2369,2,2,1,2018,5
2589,4,2,2,1960,4
1340,4,3,3,1982,2
2800,4,3,3,1986,5
2909,4,2,1,2021,4
2774,5,2,1,2015,5
2856,4,2,3,1968,5
2131,5,2,2,2018,5
2920,5,2,2,1971,4
2522,2,1,1,2007,4
1757,4,2,1,2004,4
2420,4,3,3,1963,3
1549,4,1,2,1992,2
1496,3,3,2,1992,2
1104,4,2,1,1998,3
2575,4,3,1,2000,5
1478,2,1,1,1958,2
2422,5,3,3,1974,4
1641,4,3,1,2000,3
1692,5,1,2,1964,3
1990,2,2,2,2021,2
1921,4,2,3,1951,3
1193,4,3,1,1954,1
1842,2,3,1,1997,2
1800,5,2,1,1951,2
2489,5,2,2,1950,5
2364,2,1,2,2012,3
1058,4,2,1,1977,1
2886,5,2,1,2011,5
2561,2,1,2,2007,5
2126,2,1,3,1987,2
1532,5,2,3,1958,4
2968,3,1,1,2018,5
1591,3,2,2,1983,1
1838,3,2,3,2002,3
2734,3,3,2,1952,3
2345,3,1,2,1967,4
1548,4,2,1,1979,1
2479,3,3,2,1964,4
1220,5,1,3,1992,2
1875,2,3,2,2017,2
2414,5,2,1,1972,3
1677,5,3,2,2013,4
2196,5,1,1,1974,4
1661,4,1,3,1969,3
1683,5,2,2,2009,4
2104,2,2,2,1983,3
1335,2,2,2,1995,3
1870,4,2,2,1965,1
1034,2,2,3,1957,1
2893,2,2,2,1986,4
1187,5,1,3,1951,2
2247,5,2,1,2017,5
1642,4,3,3,1971,3
2909,3,1,3,1952,5
1962,5,2,1,2005,3
1967,5,2,1,2004,2
1493,3,1,1,1995,2
2886,5,1,3,1961,3
1310,3,1,3,2007,1
1520,3,3,1,1977,1
2604,2,2,2,1978,3
2563,3,2,3,1982,2
1368,4,1,3,2009,2
2498,4,2,2,2014,5
1745,4,2,2,2011,3
1030,5,1,3,1971,2
2850,4,2,2,1959,3
2255,2,3,2,2008,3
2873,2,2,3,1971,4
1997,2,3,2,1980,2
1496,5,1,1,1967,3
2589,3,2,3,2009,5
1963,3,3,3,2018,3
2198,2,2,2,1991,4
2814,3,1,3,2006,4
2388,3,2,1,2021,4
2109,5,1,1,1957,2
1576,3,3,2,2009,1
2112,3,1,1,2004,4
1053,5,1,1,1964,1
2653,4,3,1,1981,5
2499,5,1,1,1966,4
1228,5,2,1,1986,2
1778,2,3,2,1988,2
2557,3,1,3,2003,3
2973,5,1,1,1983,5
2782,4,1,3,1979,4
1984,2,3,2,1966,3
1468,5,2,1,1968,1
1419,4,1,3,1990,2
1531,2,2,3,1953,3
2423,4,2,1,1993,5
1987,4,3,2,1994,2
2207,2,2,2,2013,3
2884,2,1,3,2014,5
1561,5,2,3,1960,1
1089,5,3,1,1963,2
2639,5,2,1,2017,4
2729,5,2,1,1956,4
2406,5,3,3,1972,5
1368,2,2,3,1958,2
2097,4,3,2,1950,4
2292,3,1,2,1971,4
1014,3,3,1,2016,2
2352,5,2,1,2013,4
2818,3,2,1,2021,5
2415,4,1,2,1995,3
2457,5,2,2,1967,5
1343,3,2,1,2018,2
2218,2,2,3,2017,3
2059,5,2,1,1959,5
1916,4,3,2,1984,2
1204,3,2,1,2021,1
2843,4,2,1,2014,4
2674,5,2,2,1966,5
1775,4,1,1,1993,2
2080,3,3,1,1953,4
2133,4,1,3,2021,3
1685,5,2,3,1959,4
2519,2,1,2,1974,3
1717,2,1,1,1975,3
1224,3,1,1,1986,2
2787,4,2,1,1986,4
1947,2,3,2,1961,2
1960,3,3,3,1984,3
2802,3,2,3,1954,3
2925,3,2,2,1966,5
2375,4,1,1,1975,4
2486,5,3,2,1976,4
2867,3,2,2,1953,5
1319,4,2,3,2002,1
1356,3,1,1,1983,3
1694,2,3,2,1980,4
2749,5,3,2,2011,4
2517,2,1,2,1981,3
2677,2,1,1,1994,3
2618,3,3,3,1959,3
2412,2,2,3,1951,3
2816,5,2,1,1958,5
1433,2,3,3,2013,1
2125,5,3,2,1954,4
1840,4,3,3,2007,3
2401,4,1,1,2011,3
2606,5,1,1,1994,4
2908,4,3,2,1987,5
2361,5,3,2,1994,4
2023,3,2,3,2011,2
1897,4,1,2,1962,4
1883,3,2,3,1982,4
1777,2,3,3,2017,3
1491,2,3,1,2019,1
2665,3,1,3,1951,2
2083,2,1,1,1990,1
1812,2,2,3,1952,3
2532,2,2,1,2008,5
1391,2,1,2,1951,3
2977,4,3,1,1977,4
2142,2,1,2,2012,3
2798,4,2,2,1993,4
2494,5,1,1,2018,4
2351,2,2,1,1958,4
1020,5,2,2,1971,2
2120,3,2,1,2003,3
2838,3,3,3,2010,2
1512,4,2,3,2016,3
1907,3,3,1,1954,3
1714,4,3,3,2009,3
1943,5,1,3,1980,4
2663,5,3,2,2016,2
1349,2,3,3,2015,2
2155,5,1,1,1960,1
1545,3,1,2,1973,5
1598,4,2,2,2002,1
1031,4,3,2,1995,2
1258,2,2,2,1991,1
1475,2,3,2,1956,3
2859,3,3,2,1997,4
1824,4,2,1,1968,3
1971,5,3,3,2020,3
1919,3,1,3,2016,2
1032,5,3,2,2012,1
1898,4,2,1,1983,4
1387,2,3,2,2002,2
2821,3,1,1,2002,5
2861,3,1,3,1973,5
2584,2,1,3,2004,3
1797,2,2,1,1963,2
1455,4,1,2,1963,1
2617,5,3,2,1994,4
2167,5,3,3,2008,4
2972,5,3,1,1992,4
2925,4,3,3,1960,4
2815,2,2,1,2006,5
2906,3,2,1,1969,4
1223,2,3,3,1966,2
1216,5,1,3,1955,1
1788,4,3,2,2014,3
1635,3,3,3,1960,3
1008,4,1,3,2018,2
2063,3,2,1,1987,2
2492,5,2,3,1957,5
1178,4,2,3,1968,3
1958,5,2,2,2011,4
1500,5,3,3,1969,2
1372,5,3,3,1953,2
2091,5,2,1,1958,4
1969,2,3,2,1971,4
2689,3,3,3,1968,4
2447,2,1,2,2010,2
1514,5,2,3,2011,2
1363,4,1,2,1985,2
2913,3,1,1,1981,4
1776,3,2,2,1968,3
2951,5,3,1,1972,4
2474,4,1,2,1970,3
2539,4,3,3,1993,4
1773,3,3,1,1952,4
1328,2,1,2,2005,2
1793,4,3,2,1988,4
2921,3,2,3,1951,4
1961,4,1,1,1969,3
1369,5,3,2,1983,1
1596,4,1,1,2021,2
2877,2,1,1,1977,3
2410,2,2,3,2019,4
2570,2,3,3,1998,3
2137,3,2,2,2000,3
1570,4,1,2,1958,3
2061,2,3,1,1978,2
2568,5,1,1,2011,3
1376,5,3,3,2004,3
2422,5,2,1,2021,4
2226,3,1,3,1989,4
2225,2,3,1,1972,4
1099,2,2,1,2013,1
2421,4,2,1,2010,3
2473,3,1,2,2010,4
2836,5,2,3,2009,4
1815,4,3,3,1950,3
2963,5,1,3,1973,5
1117,5,1,3,1978,2
1420,2,3,1,1965,2
2266,4,2,3,2018,4
1540,3,3,3,1997,3
2250,5,3,1,2010,4
2524,2,1,3,2014,4
2875,2,1,3,1982,5
2236,5,3,2,2015,4
1929,2,2,3,2012,1
1698,2,1,3,1950,1
1112,5,3,3,1999,2
1372,3,1,1,1998,1
1298,5,2,3,1962,2
2696,4,1,3,2021,5
2042,5,2,2,1961,2
1775,5,2,2,1965,4
1670,3,3,3,1960,2
1010,5,3,3,1954,1
1007,5,2,2,1982,3
2176,2,1,1,1959,1
2648,5,3,1,1969,5
2573,2,1,1,2006,5
2158,5,1,3,1963,3
2396,2,3,2,1985,3
1460,4,1,1,2013,1
2958,5,3,2,1958,5
2258,5,1,3,1974,2
1254,2,1,3,1951,3
1585,5,2,2,2016,1
2351,5,1,2,1950,3
1361,3,1,1,1989,1
2397,5,1,1,1981,5
2002,3,3,2,1998,3
1787,4,2,2,1990,4
1208,4,2,2,2003,3
1266,2,1,3,1968,2
1655,2,2,2,1985,2
1996,2,1,2,1954,2
1553,2,3,1,1966,2
1735,5,1,1,1952,3
2881,3,1,1,2012,5
2529,2,1,2,1967,4
2587,4,1,2,2013,4
1420,5,3,2,2019,2
1307,3,2,2,2018,2
1136,3,1,2,1992,2
2442,2,2,2,2009,4
1194,2,1,2,1950,2
2513,4,3,2,2008,4
2281,3,2,3,1982,1
2048,5,3,1,1968,2
2255,3,2,1,1977,3
2355,2,1,1,1997,3
1605,5,1,3,1977,3
2013,4,3,1,1950,3
1861,3,3,2,1989,1
1220,3,3,1,1955,2
1296,3,1,3,1994,2
2226,5,2,2,1956,3
2010,2,3,2,1997,3
2971,3,1,1,2009,5
1592,3,1,2,1994,2
2228,2,2,1,2021,4
2984,5,3,3,2009,4
1891,4,3,2,1992,3
1076,3,1,3,2013,1
2573,2,2,3,2020,4
1706,4,1,2,1973,2
2999,2,2,3,2012,4
2065,4,1,2,1974,2
2478,2,2,1,1961,5
2205,4,3,2,1969,4
1756,5,1,2,2006,2
2218,4,2,1,1962,5
1589,2,1,3,1982,2
1387,2,2,3,1974,2
1926,3,1,1,1983,2
1636,5,1,3,1998,5
2050,3,3,2,1968,3
2338,2,1,3,1971,4
2344,2,1,2,1959,3
1447,4,2,1,1955,3
2816,5,1,2,2013,5
1292,5,3,3,1950,1
2259,5,1,2,1987,3
1714,2,1,1,1953,1
1456,5,3,3,2020,2
1891,3,3,1,1950,2
1838,2,3,3,2012,3
1653,3,2,3,1988,3
1663,2,3,3,1991,2
1764,3,2,3,2018,2
2090,3,2,1,1989,2
1509,5,2,1,2004,3
2638,3,2,2,2021,3
2114,4,1,1,2003,3
1704,4,1,1,1992,1
2189,5,2,2,2015,3
1601,4,1,2,1986,3
1837,4,3,2,2007,3
2001,5,2,3,2013,2
2803,5,2,3,1968,3
2461,3,3,1,2006,4
2701,4,1,2,1978,5
1685,3,3,2,1972,2
2762,4,2,2,1955,4
1265,5,1,1,1986,2
2544,5,1,2,1991,5
2110,4,2,3,1975,4
1605,5,2,2,1973,3
2075,5,2,2,2008,2
2202,2,2,2,1961,2
2301,5,1,1,2003,4
2262,5,2,3,1974,3
1584,4,1,2,1959,4
1338,3,1,2,1954,1
2095,5,1,3,1982,4
1373,5,2,2,2020,1
1579,3,1,2,1963,2
1516,3,3,1,1993,2
2874,3,2,1,1984,4
2261,4,3,1,1981,4
1120,5,2,1,2011,2
2746,2,2,3,1998,3
1836,3,1,3,1982,2
1569,3,2,3,1983,2
1042,5,3,3,1972,1
2527,2,3,3,1992,5
2220,4,2,1,1993,4
1071,2,1,2,2003,1
2572,5,2,1,2015,5
1490,3,2,2,1971,3
2849,3,3,1,2018,4
1748,2,1,3,1991,3
1997,4,1,3,1951,4
1382,4,3,1,1973,3
1804,5,3,2,2013,3
2489,4,3,3,2013,5
2177,5,3,1,1998,4
2295,4,3,2,1989,5
1917,3,1,3,1990,2
2133,2,1,2,1963,3
1150,5,1,3,1953,1
1450,2,2,3,2008,2
1642,5,2,1,1975,4
1022,4,2,1,1955,2
1366,3,2,3,1964,3
1650,4,3,2,1978,1
1819,5,2,2,1979,3
1238,5,1,1,2019,1
1433,5,1,1,1951,1
2976,4,3,3,1975,4
1703,5,3,3,1980,4
2150,4,1,2,1985,4
1941,5,3,1,1989,2
1540,5,3,3,1953,1
1197,3,3,3,2002,2
2709,3,1,1,1985,5
2679,3,3,3,1956,5
1481,4,2,2,1999,1
2202,5,3,1,1955,5
1868,4,3,2,1968,2
1650,2,2,3,1989,1
1958,4,3,3,1998,3
1436,2,3,2,1975,3
2788,3,1,3,1992,3
1856,3,3,1,1951,1
1313,3,3,3,1981,1
1018,2,3,3,2006,1
2183,3,1,1,1972,2
1121,3,2,1,1970,3
1071,4,3,1,1967,2
2078,5,1,3,2005,5
1459,5,2,3,1993,3
1168,4,1,3,2005,2
2634,3,3,2,1954,4
1581,3,3,1,1955,2
2172,4,1,1,1991,4
1628,4,3,2,1964,4
2271,4,1,2,1984,3
2920,3,3,3,1975,3
1720,4,2,1,1992,3
2250,3,3,1,1995,2
2969,4,1,2,1960,5
2649,2,2,2,1979,3
2729,3,2,2,1966,5
2507,3,2,2,2012,2
2856,3,3,2,1996,4
2033,3,3,3,1996,5
2118,2,1,2,2021,2
1120,4,1,3,1996,2
1125,4,3,1,1953,1
1548,3,3,3,1955,2
2092,3,2,3,2018,3
1296,2,3,3,2019,3
1685,2,2,2,1996,2
2524,3,1,2,1991,4
1972,3,3,2,1983,4
2068,4,3,1,1991,2
1634,4,2,3,2013,2
1381,4,1,1,1997,2
2050,3,3,1,1995,3
1704,5,2,3,1969,4
1496,2,3,2,1984,2
1851,2,1,3,2014,2
2159,2,2,3,1987,3
1706,3,2,2,2004,3
2072,3,2,1,1990,2
2631,2,1,2,1979,4
2530,2,2,2,1981,3
1120,2,1,2,1974,2
2784,3,3,3,1988,4
2240,5,3,2,2012,5
1625,5,2,1,1953,1
1525,5,3,3,2020,3
2597,4,3,2,1985,3
2066,4,3,3,1959,3
2946,3,2,3,2013,5
1751,5,2,3,1953,3
1095,5,1,3,2011,1
1026,4,3,2,2019,1
1835,5,1,3,2021,4
2918,2,1,1,1966,4
2265,4,3,2,1962,2
1486,2,1,2,1969,1
2994,5,2,1,1970,4
1239,3,3,1,1964,3
2327,5,3,2,2003,3
1066,3,3,3,1986,1
2304,2,2,3,1954,4
2215,2,1,1,1958,4
2142,5,2,2,1997,2
2175,4,1,1,1971,3
2800,2,2,1,1964,5
2415,3,2,2,1990,5
1230,3,3,3,1962,2
1350,4,2,1,1955,4
1760,5,2,2,1962,3
2594,2,1,3,1979,4
2194,2,2,1,1954,4
1862,5,3,2,1968,4
2987,4,3,2,1997,5
2155,3,1,3,1977,1
1356,5,1,2,1963,2
2671,5,3,3,2020,4
2065,2,1,3,1980,4
2328,5,1,2,1960,3
2029,5,1,2,1980,4
1328,4,3,2,2011,2
2193,5,3,3,1950,4
2991,4,2,1,1958,4
2823,4,1,1,2003,5
1910,4,2,1,1992,4
1337,2,2,3,1967,1
2750,4,2,3,1995,5
2092,2,1,1,1971,2
1881,3,3,2,1964,3
1538,4,1,3,1998,2
1736,5,3,1,1996,2
2857,4,1,3,1978,4
2530,3,3,2,2010,3
2509,2,1,3,1979,2
1442,3,3,1,1956,1
1923,3,2,3,1972,1
1919,2,2,3,2016,3
1050,2,2,2,1984,1
1148,5,2,2,1965,2
2950,3,3,1,1959,4
2610,4,3,2,2021,4
2115,5,2,1,2013,4
1367,2,2,3,1973,1
2959,2,2,2,1964,4
1579,5,2,3,2001,2
2770,3,1,3,1966,5
2897,4,3,3,2012,4
1655,2,3,2,2015,3
1075,3,1,1,1974,1
2109,5,3,1,2019,3
1226,5,2,3,1991,2
2386,5,3,2,2001,5
1958,3,2,2,1966,3
2762,5,2,3,2019,5
1027,2,1,1,1976,1
1120,2,2,1,1987,2
2513,5,3,3,1955,5
2628,2,1,2,1996,4
1852,5,2,1,2012,3
1623,3,3,3,2015,3
1889,5,1,3,1967,3
2368,4,3,2,2013,4
2678,4,3,3,1950,5
2902,3,1,1,1962,4
2833,2,2,3,2001,5
2250,3,3,1,1972,3
1869,2,3,3,1982,4
2273,3,3,3,1984,4
1049,3,1,3,1986,2
1725,4,1,2,1995,2
2915,3,3,1,1967,5
1943,3,2,1,1999,2
2804,5,3,3,2013,5
2311,4,2,2,1965,4
2730,5,3,1,1954,5
2789,3,3,1,1961,4
2614,3,3,1,1996,4
2014,5,2,2,1954,1
1474,2,1,1,1955,2
1755,2,2,1,1979,2
1602,2,2,3,1996,1
1925,3,2,3,1970,4
2029,2,3,2,1997,4
1792,2,1,1,1956,2
1411,3,1,2,1959,1
2981,3,1,3,1976,5
1661,2,1,3,1993,3
2347,2,2,2,2014,2
2422,5,1,3,1988,3
2305,3,2,1,1983,4
1785,5,1,1,2011,3
1584,4,1,1,2013,1
1958,4,2,2,1955,3
2853,3,1,3,1992,4
1499,3,3,1,1995,3
1579,2,1,3,2003,2
1815,4,1,1,1997,2
2457,2,3,2,2016,3
2086,4,1,1,2006,3
2476,5,1,3,1966,5
2516,2,1,2,1996,3
2669,5,1,3,1968,3
2465,5,1,1,1972,4
2330,4,1,1,1958,2
1779,3,3,3,1979,4
2758,3,1,1,2006,3
1942,5,3,3,1982,3
2149,3,2,1,1974,4
1264,2,2,3,1990,2
1006,4,3,3,1960,1
2436,2,1,2,1975,5
2229,3,3,1,1969,4
2202,5,3,2,2011,5
2491,4,3,1,1970,4
2519,5,3,1,2000,2
1694,4,3,1,1968,2
1991,2,1,1,1972,3
2466,3,2,2,1964,3
2975,2,3,2,1990,5
1917,5,1,3,1980,4
2251,2,3,1,1966,3
1747,3,3,3,1975,3
1145,3,3,3,1993,1
2593,2,2,2,1995,4
2319,4,1,3,1957,2
1240,3,1,3,1969,1
1856,3,3,3,1991,2
1286,3,1,3,2019,1
1951,3,2,3,1997,4
2698,4,3,3,2020,4
1025,4,3,1,1976,2
1451,5,3,1,1954,1
1105,5,3,1,2005,1
1239,5,3,3,1998,2
2441,2,2,3,2007,4
1331,5,3,3,1961,1
1911,3,2,1,1960,1
2914,5,3,2,1961,5
2065,2,1,2,2011,4
1644,4,2,2,1979,3
2852,3,2,2,1979,4
2579,3,3,3,1954,3
1034,3,3,3,2018,1
1875,2,2,1,2018,1
2370,3,1,3,1968,3
1383,3,3,2,1999,2
2536,4,3,2,2015,4
2761,3,3,3,1995,4
1810,2,3,3,1953,2
2311,3,2,2,1995,3
1747,2,2,3,1991,1
2894,4,3,1,1961,4
1958,4,3,2,1960,1
2056,3,1,2,1983,4
1094,5,3,2,1975,1
2019,4,1,2,1956,4
1204,3,1,3,1994,3
2644,4,3,2,1950,5
1833,4,3,3,1979,4
1029,2,3,3,1968,3
1265,5,1,2,1995,2
1022,2,2,1,1979,2
1608,3,1,3,2008,3
1172,2,1,3,1975,2
2436,5,1,3,1968,3
1413,4,1,3,1992,3
2697,3,3,3,1953,4
1691,4,2,1,1959,2
1614,2,1,3,1970,1
1208,5,1,1,1975,2
1021,4,1,3,1953,2
1004,5,1,1,1991,1
1650,4,3,1,2012,3
1213,3,3,3,1966,2
2695,5,1,1,1966,5
1919,4,3,2,1961,3
1906,2,1,1,2015,2
2162,4,1,1,1990,1
2680,2,2,1,2002,4
1671,2,2,1,2013,3
2618,5,3,1,1951,5
1666,3,1,1,1987,2
1799,2,3,1,2021,3
1316,2,2,2,1958,2
1792,3,3,2,1973,3
1575,3,1,1,2010,2
2727,3,3,2,1978,3
2179,2,1,2,2020,4
2447,3,2,1,1986,1
2523,2,2,1,2003,4
1090,2,3,1,2004,1
2677,2,3,1,1962,5
2065,3,1,3,1973,3
2318,5,3,2,2009,3
1769,2,1,3,2019,3
2360,3,2,2,2021,2
1108,2,3,1,1986,2
1927,2,2,2,2003,5
2148,2,1,3,1987,3
2087,5,3,1,2002,5
1205,3,1,1,2006,1
2438,5,3,1,2003,1
2977,3,1,1,1960,5
1849,4,3,3,1952,3
2267,3,1,1,1984,3
1589,2,1,2,1981,1
1622,3,3,1,1997,2
2239,4,3,1,1974,3
1964,4,3,3,1998,2
2551,5,2,1,2013,5
2589,2,1,1,1954,4
1652,5,3,2,1982,3
2403,5,3,1,1975,5
2871,4,2,1,1999,4
1078,2,2,3,2009,1
1414,2,2,1,2001,3
2476,5,1,3,1964,4
2172,2,2,2,1986,3
1638,2,2,1,1978,1
2693,4,3,3,2003,3
1790,5,1,2,1982,4
2061,2,3,2,2015,4
2180,5,1,1,1955,3
1332,5,1,1,2018,1
1287,2,2,2,2020,2
2135,3,3,1,1951,2
2641,3,1,1,2001,5
2114,4,1,3,1988,2
2889,5,1,3,2021,5
2836,3,2,3,2013,4
2072,5,1,2,1971,3
1160,4,3,3,2014,1
2539,4,3,1,1983,4
2425,3,2,3,2007,4
1319,5,3,2,1984,1
1923,4,2,2,2007,3
1363,4,3,3,2014,3
2912,3,3,1,1987,4
2465,4,2,3,1966,5
2022,5,2,1,1952,3
1765,3,3,2,1969,4
1601,2,2,3,1976,2
1311,3,2,3,2012,2
2555,2,3,3,1965,4
1588,4,2,3,1981,5
2243,2,1,3,1959,3
2697,2,1,2,2009,2
2520,2,2,3,1956,1
1342,5,3,1,2001,2
1905,3,3,1,1967,4
2650,4,2,1,2017,3
2117,4,2,3,2018,4
2941,5,3,2,1966,4
2156,5,3,2,2000,2
2524,5,3,2,1977,4
1171,2,2,1,1997,1
1625,5,3,1,1952,4
2032,5,2,3,1963,4
2834,2,1,1,1965,4
2795,3,1,1,1955,4
1681,5,2,1,1979,2
2344,5,2,2,2001,2
2121,2,2,3,1990,1
2192,2,2,3,2012,3
2983,2,3,2,2002,4
1310,3,1,1,1952,3
2753,5,2,2,1987,4
1913,5,2,3,1984,2
2366,2,2,2,2010,1
1429,5,2,3,1991,3
2955,5,3,3,1997,4
1857,5,2,2,1958,2
2985,2,2,1,2019,5
2579,3,2,1,2010,4
2523,3,2,2,1987,4
2796,5,2,1,1951,4
1284,4,2,3,2013,3
2661,3,2,1,1988,4
2283,4,1,1,1962,4
1494,4,1,1,2004,1
1354,5,2,3,1979,2
1213,2,1,2,1963,2
1816,4,2,1,1968,3
2259,2,3,3,2012,5
1852,3,3,3,2007,3
1135,5,2,3,2015,3
2913,3,2,3,2004,4
1947,5,3,3,1986,1
1627,4,2,2,2005,3
1916,4,2,3,1995,2
2690,5,3,1,1998,4
2445,5,1,3,2015,5
2924,4,3,3,1989,5
2364,5,2,3,1973,4
2852,3,1,3,1957,5
2927,4,2,1,2002,5
1341,2,3,2,1952,3
2553,3,2,3,2008,3
1387,3,1,2,2007,2
1676,4,3,2,1965,2
2662,5,2,2,1953,3
1398,4,1,1,1975,3
2445,4,2,2,2019,5
1410,2,3,3,2008,3
1212,5,1,3,1971,3
1559,4,1,2,2005,2
1557,2,3,3,1996,1
2071,5,1,2,1973,3
2210,4,1,2,1982,4
1501,3,3,1,1990,1
2655,5,1,3,2014,4
1643,3,2,2,2018,1
2994,2,1,1,2018,5
1530,4,1,1,1996,3
1952,5,1,1,1991,4
1786,2,3,3,1966,4
1474,3,2,3,2019,1
2767,3,3,2,1975,4
1041,3,3,2,2021,2
1603,3,1,2,1968,1
2284,2,3,3,2002,3
1047,4,1,2,2007,2
2944,2,2,3,2008,5
2986,4,2,3,2017,5
2817,5,2,3,1962,4
2609,3,1,3,1959,3
1727,2,3,1,2002,2
2469,5,2,3,1966,5
1220,4,3,2,2009,3
2670,5,1,1,2009,4
1939,4,1,2,2006,1
1342,5,1,2,2008,2
2261,3,2,3,1968,3
1154,4,3,3,1994,2
1937,4,1,2,1989,4
1840,2,3,2,1984,1
2079,5,3,3,1976,3
1386,3,2,3,1997,3
1893,3,3,2,1961,2
2932,4,1,2,2000,5
2733,5,1,3,1973,5
2338,4,3,2,2000,5
1037,3,1,2,2006,2
2364,3,2,3,1972,3
1850,3,1,1,2012,3
1728,4,3,2,2011,1
1230,5,3,3,1960,3
1451,5,3,3,2002,3
2365,4,3,3,1974,4
2476,3,2,2,1989,4
1433,3,1,2,1972,2
1208,4,2,3,1996,1
2224,5,1,1,1966,5
1136,5,3,1,1983,2
2663,4,2,2,1951,4
1564,4,2,2,1963,3
1855,5,1,3,1970,3
2417,2,1,2,2017,4
2619,3,3,3,1997,4
1720,2,2,3,1952,2
1844,5,3,1,1973,2
2820,2,2,1,1987,5
1035,4,1,3,1977,3
2238,3,3,2,2012,3
1026,4,2,3,1958,1
2681,4,1,2,2019,4
1017,4,1,3,1971,2
1629,4,3,3,2006,2
2160,3,3,3,1992,4
1578,5,2,1,1978,2
1902,5,3,1,1961,3
2849,3,1,1,1962,5
1974,4,3,3,1996,2
2053,2,3,3,1959,3
2096,5,2,1,1996,3
1122,4,2,3,1959,2
1956,2,1,2,1956,2
2000,2,1,3,1979,5
1986,4,3,1,1993,1
2251,3,2,3,1955,4
1337,4,2,3,1977,1
1990,3,1,2,2016,3
1272,2,2,3,2015,2
2781,5,3,2,1989,5
2460,3,2,1,1988,5
1901,3,1,2,2004,2
1038,3,2,3,2010,1
2944,5,2,2,1983,4
1681,4,1,1,1977,4
1425,2,3,1,1963,1
1314,2,3,2,1972,2
1613,3,1,1,1968,1
2829,2,2,2,1977,5
2532,3,2,2,1983,3
2950,5,1,1,2011,4
1754,3,3,2,1983,4
1156,5,3,3,1993,2
1871,3,3,2,2012,2
1776,3,3,1,1980,4
1256,5,3,2,1973,3
2893,5,3,1,2012,5
1854,3,1,2,1975,2
1634,2,2,2,1975,3
1455,4,3,3,1992,1
2355,4,1,1,1954,5
1143,4,2,2,1988,3
2454,2,1,2,1981,3
2175,4,1,2,2003,4
1486,4,2,2,1999,2
2159,3,3,2,2014,4
2610,3,2,2,1994,4
2896,4,3,1,1969,5
2049,3,2,1,1967,2
2030,3,3,3,2007,4
1590,5,1,3,2010,1
2038,4,1,2,2005,4
2455,2,2,1,1955,3
1898,5,3,1,1998,5
2423,3,1,1,1981,5
1206,5,1,1,2014,1
2624,4,2,1,1985,4
2632,4,2,2,2017,3
1909,4,1,2,2009,3
2239,2,2,2,1958,5
2525,2,1,3,1976,3
2482,2,1,2,2009,2
1258,3,1,1,1980,2
2352,4,2,1,1964,4
1453,4,2,3,1994,3
1798,2,3,1,1996,2
1374,5,3,1,2021,3
1074,3,2,2,2009,2
1241,5,3,2,1979,2
2040,3,3,1,1968,3
2712,5,1,3,1972,3
2282,5,1,2,1951,4
1122,5,2,2,1979,3
2334,4,3,2,1982,3
1110,2,1,3,1994,1
2279,4,3,2,1975,4
1233,2,2,3,1997,2
1967,5,2,1,1958,3
1496,2,3,3,2016,2
2891,4,2,2,1951,4
2063,2,1,1,1990,1
2145,2,2,1,1974,3
2473,2,2,3,1992,3
1726,5,1,3,2020,3
2831,2,2,2,1971,3
2816,5,1,1,1979,5
1091,2,3,2,1983,1
2384,5,3,2,1999,5
2146,2,3,2,1953,4
1336,4,1,1,1950,2
2631,3,1,2,1964,5
1512,2,1,3,1950,4
1427,5,1,2,1955,3
2456,5,1,3,1982,2
1006,4,1,3,1963,2
1119,3,3,1,1959,3
1386,3,3,3,1991,2
2373,3,3,3,1979,5
1640,2,1,3,1951,3
2121,4,2,1,1950,4
2066,2,3,3,1963,4
1182,2,3,1,2004,1
1696,2,1,3,2000,3
1564,5,2,1,1978,2
2696,4,2,2,1955,4
2258,2,1,2,1973,4
2999,5,3,3,1961,4
2930,5,1,1,1973,3
1199,5,2,1,1950,2
1512,2,2,1,1983,3
2549,4,1,2,1968,3
1989,3,3,3,1989,3
1212,2,3,2,1964,2
2401,4,3,2,2006,5
2812,3,3,3,2009,5
1545,4,3,3,1964,2
1485,3,2,3,1997,1
2384,4,3,3,1967,2
1167,3,3,1,1994,1
1889,5,1,1,2008,3
1930,4,1,1,1985,2
2617,2,2,1,1995,5
2427,3,2,1,2009,4
1827,4,2,2,1955,2
1136,2,3,2,1962,2
2256,5,2,2,1951,5
1114,4,2,3,1998,2
2275,2,1,1,2019,2
2516,2,3,2,1975,4
2312,5,3,3,1969,4
2072,2,3,1,1975,4
2475,3,3,2,1960,4
1515,4,1,3,1959,1
2914,3,1,3,1989,5
1687,3,1,1,2005,1
2019,5,1,1,1997,3
2295,3,3,1,1977,2
2454,3,3,3,1970,4
2049,3,1,2,1964,3
2093,2,3,2,1976,3
2429,2,2,1,2014,5
2257,2,2,1,2010,3
1230,3,1,1,1989,1
2286,2,3,3,1997,2
1937,2,2,2,1986,2
2821,2,2,3,1982,5
2144,4,1,1,1987,4
2486,4,2,2,1988,4
1517,2,3,3,1972,3
2047,3,1,2,2007,3
1705,5,1,1,1997,2
2703,4,2,2,1986,5
1376,2,2,1,2012,1
2934,4,3,3,1970,4
1436,4,1,1,1999,1
1852,3,1,2,1984,1
2745,4,1,2,1973,5
2827,3,2,1,2021,5
1969,3,2,2,2001,3
1498,5,3,3,1969,1
2197,5,2,3,1968,4
2686,2,3,3,1991,4
1599,3,2,2,1955,3
1777,4,2,2,1983,2
2333,4,1,1,1995,4
1069,5,3,2,2018,2
1204,4,3,2,1987,1
1340,5,2,2,1984,2
2055,4,2,3,2010,3
2066,3,1,1,1985,4
1117,4,3,1,1998,1
1888,3,1,3,1982,1
2345,4,2,1,1965,4
1910,3,2,2,1960,3
1626,5,2,3,1996,1
2360,2,2,3,1973,4
2555,4,3,1,1952,4
1689,5,1,1,1999,4
1773,5,3,3,1977,2
2614,4,1,3,2014,5
2404,4,3,1,1978,5
2534,3,1,2,1992,3
1912,3,3,1,1985,3
1119,2,2,2,1960,2
2557,2,1,3,1964,5
2736,3,1,3,1964,5
1459,5,2,2,2002,2
2749,2,1,2,2016,4
1313,4,1,1,1978,2
1804,5,2,2,2005,3
2613,3,3,1,1954,3
2239,5,1,3,2002,4
2479,2,1,3,2019,3
1985,4,1,3,1961,3
1735,5,2,3,1996,3
1888,4,3,3,1984,4
2563,5,2,2,1971,3
1981,4,2,2,2003,4
2736,3,2,2,2020,4
1578,3,1,3,1979,3
2496,5,1,3,1973,3
2382,2,2,1,1993,4
2149,4,3,2,1955,3
1971,2,1,2,1991,3
1860,2,3,2,2010,3
1706,5,3,3,1983,3
2960,3,1,2,2014,5
2709,2,1,1,1986,4
2110,5,1,3,1974,3
2366,4,1,1,1988,4
2846,3,1,2,1969,5
1394,3,2,3,1998,2
1665,2,2,2,2019,3
2499,2,3,3,2011,4
1209,5,2,2,1990,1
1675,3,1,1,1991,4
2001,4,1,2,1990,2
2790,3,2,1,1975,4
1895,4,3,3,1991,5
2003,5,3,1,1966,1
2599,5,3,2,2011,4
1306,2,3,3,1988,2
2099,5,3,2,1959,3
2045,4,1,2,1979,2
1059,4,3,2,1994,1
1385,5,3,1,2017,2
1055,4,3,3,1961,2
1167,4,2,3,2012,3
2435,4,1,1,1982,4
1716,2,2,1,1965,3
1864,2,2,1,1976,4
2214,4,2,2,1969,3
1481,2,2,1,1988,2
2942,5,1,2,1991,5
2590,4,3,2,1965,5
2439,4,2,3,1970,5
1339,3,1,3,1977,1
1795,5,2,2,1967,3
1891,5,3,1,1988,3
1775,4,2,1,1973,1
2282,2,1,2,1980,3
2373,3,3,1,1977,5
1600,3,3,1,1959,3
2245,4,3,1,1990,4
2436,3,3,2,1950,4
2373,2,2,3,1999,4
2505,5,1,1,1979,5
2624,2,1,1,1992,5
2082,3,1,1,1985,2
1151,5,2,3,1978,2
1933,3,1,3,2001,4
1539,3,2,1,2013,2
1224,4,3,3,1984,3
2341,5,3,2,2020,4
1562,3,3,1,1986,1
2798,3,1,2,1995,3
2302,4,1,3,2010,3
1557,5,1,2,2011,1
2869,3,3,1,1965,5
1617,2,2,3,1986,1
2819,2,2,3,2003,5
2542,4,3,3,1986,3
1367,2,3,1,1986,3
1998,2,2,3,1989,1
1334,3,3,2,1997,2
2456,4,1,2,1957,3
1002,5,3,1,1967,1
2007,3,2,1,1978,2
2281,3,2,2,1961,2
1120,4,1,2,2000,3
1020,3,1,1,1954,2
1904,3,2,2,2012,4
1139,4,2,1,2011,1
2500,3,1,3,2013,4
2815,3,3,1,1989,3
1042,2,2,3,1992,1
1849,2,1,3,2013,3
2141,2,3,3,1977,3
2028,2,1,2,1981,3
1344,4,1,2,2021,3
2165,5,1,3,1987,4
2255,4,2,3,1950,3
2187,5,2,1,1968,3
2387,5,1,3,1965,4
2969,2,1,3,1960,5
1983,5,1,1,1956,5
1334,3,3,3,1991,2
2431,4,2,3,2020,3
1074,4,1,3,1996,1
2323,5,3,1,1997,4
1946,4,3,2,1986,5
1912,5,1,2,1975,2
2404,4,1,2,1989,5
1709,3,2,1,1988,2
1852,4,1,1,2012,1
1775,2,1,2,2012,1
2870,3,2,1,2009,5
1885,2,2,3,1976,2
1735,3,3,3,2019,4
1633,5,2,3,1977,4
2609,3,1,1,1972,5
2051,4,3,2,1983,2
2486,2,1,2,1984,4
1395,3,2,1,1998,1
1682,5,3,2,2009,2
2399,2,3,2,1997,4
1420,3,3,3,1989,2
1363,5,2,2,2009,3
2918,3,2,2,1972,5
2239,3,2,1,2008,4
2854,2,3,2,1952,5
2124,3,2,3,2008,1
2781,2,2,3,1965,5
1092,2,1,2,1985,1
2598,4,2,3,2001,3
1265,2,2,1,1957,3
1205,3,2,2,1976,1
2103,3,2,1,1963,4
1036,3,1,2,1959,2
2034,3,2,3,1957,2
2650,2,2,1,2017,4
2113,4,2,1,1951,2
1743,2,2,3,1996,2
1018,3,3,3,1977,3
2587,2,2,1,1958,4
2809,5,3,1,2005,5
1093,4,2,3,1969,1
2686,5,2,1,1995,4
1139,4,3,2,1975,1
2593,4,3,1,2011,4
1972,2,1,2,2004,3
2044,4,1,3,2005,3
2172,4,3,1,1996,4
2244,3,2,3,2009,4
1732,4,3,2,2015,5
1753,2,2,1,1971,2
2242,5,1,1,1972,4
2564,3,3,2,2011,3
2998,2,2,1,1961,4
2582,3,2,1,1961,5
1057,2,3,1,2001,2
2448,3,2,1,2003,4
2298,2,2,3,1971,3
1139,3,1,1,2011,1
2046,4,2,2,1990,3
1900,5,3,2,1979,2
1377,5,3,3,2021,3
1921,2,2,3,1990,2
1372,5,2,1,2013,3
2086,2,2,3,1962,1
2587,2,1,3,1965,5
1777,4,3,3,1966,2
2365,4,3,1,2011,4
1166,3,2,2,1971,1
2174,2,1,2,1990,4
1522,3,1,3,1973,1
2630,3,2,3,1984,4
1583,4,3,2,1998,3
1500,2,1,3,2016,1
1895,4,2,2,1985,2
1998,2,3,3,2001,4
1559,5,3,1,1960,4
2371,5,2,1,2004,4
2295,3,3,1,2015,3
2453,4,1,2,2002,4
2966,4,3,1,1977,5
2011,2,1,1,1985,2
2630,3,1,1,1987,4
1559,3,2,3,1994,3
2231,4,3,3,1967,5
2476,5,1,3,2003,4
2762,4,1,3,1991,5
1920,5,1,3,1985,3
2612,3,1,1,1974,5
1860,3,3,1,1989,3
2242,3,1,3,1974,2
1871,5,2,2,1970,4
1080,5,2,3,1978,1
2572,5,1,1,1991,3
1613,3,3,1,1960,3
2849,3,2,2,2010,5
1764,2,1,1,1973,3
2274,5,2,2,2019,4
1737,5,1,1,1955,2
1605,5,1,3,1955,3
2438,3,1,2,1974,5
2109,3,2,1,1969,3
1621,2,3,3,1968,2
2240,2,2,1,1984,2
2021,3,3,1,1986,2
1195,3,1,3,2000,2
1994,3,3,2,1961,4
2320,5,1,3,1978,5
1945,2,2,3,1994,2
1043,5,3,1,1978,1
1392,4,3,2,2002,4
2466,4,3,1,1979,4
2113,4,2,3,1994,4
1154,4,3,1,1991,1
1977,5,1,1,1992,4
1058,4,1,3,1983,2
1478,5,1,2,1951,1
1617,2,3,2,1994,3
2922,2,1,3,2008,2
2756,4,3,3,1987,5
2798,2,2,3,2005,4
2617,3,1,2,1963,5
1783,4,1,2,1981,2
2072,4,3,2,1958,4
2400,3,1,3,1950,5
2055,3,3,2,1973,2
2509,5,1,3,1971,2
1600,3,2,1,1953,1
1939,5,3,1,1974,2
1991,4,1,1,1986,1
1530,2,1,1,1957,3
2026,2,3,2,2003,4
1377,5,1,2,1971,1
1571,2,1,3,2016,2
2954,2,3,2,1991,3
2265,4,3,3,2006,3
2564,5,2,2,1957,2
1586,3,2,1,1957,1
2605,2,3,2,1973,4
2618,4,1,2,2012,4
1356,4,3,3,2019,1
1684,2,1,3,1970,3
2220,3,3,2,2011,4
1857,5,3,2,2014,3
2442,5,2,2,1979,4
1658,5,3,1,1959,3
2296,4,3,1,1957,1
2525,3,3,1,1954,3
1034,5,3,1,1994,1
2006,4,2,2,2008,3
2648,3,1,1,2014,5
1460,2,2,1,1966,3
1717,5,2,3,1969,1
2693,5,3,3,1992,5
2276,3,2,1,1981,2
2657,2,3,1,2000,4
1511,2,3,3,1967,3
2071,4,1,3,1970,3
2208,5,2,2,2002,4
1490,2,2,3,2017,2
1272,4,3,2,2003,3
2636,5,3,1,1955,5
2012,5,1,2,2018,3
1526,5,3,1,1951,3
2151,5,1,1,1951,3
1209,2,3,1,1988,2
1623,2,3,3,2004,2
2805,2,3,3,1976,5
2165,3,3,2,1977,4
2888,5,1,2,2011,3
2701,2,2,3,1957,3
1446,4,2,3,2005,1
2142,2,1,2,1972,3
2738,4,3,1,2000,3
1010,5,3,2,1964,3
1760,5,3,3,2016,2
2327,5,1,3,1986,4
2783,2,2,1,1950,4
2177,2,2,1,1990,4
2560,4,2,1,1955,5
1976,3,1,3,1999,2
1444,5,2,3,2018,3
1341,4,1,1,1952,1
1220,2,2,3,2019,2
2441,2,2,2,1980,4
2625,2,2,2,2009,5
1504,2,1,3,2000,1
2800,4,1,1,1969,4
2532,5,3,1,2005,5
2482,5,1,1,2000,4
1262,5,3,3,1988,4
2693,5,1,2,1966,4
2141,2,3,1,1974,2
2473,2,2,2,1960,5
2791,4,1,1,2006,5
2437,2,1,1,1980,4
1707,4,3,2,1997,1
2849,4,2,2,2018,3
1822,3,1,3,1974,1
2549,2,2,1,1972,3
1460,4,1,2,2001,3
2141,5,3,3,1975,4
1216,5,2,1,1983,4
2740,3,3,3,1960,4
1076,4,2,1,1972,2
2444,2,1,2,1978,4
1891,5,1,3,2013,3
2195,5,3,1,1990,2
1389,3,2,3,2020,4
2049,5,3,1,2012,5
2151,4,2,1,2002,5
1373,3,1,1,1955,2
1903,2,1,3,1980,3
2047,4,2,1,1990,3
2493,5,1,3,1980,5
1743,2,1,2,2008,4
1422,4,2,2,2007,3
2200,5,1,1,1960,4
1852,3,2,3,2021,3
2770,2,1,1,1962,4
1830,5,2,3,2020,2
2561,3,3,1,2002,4
2289,4,2,1,2005,2
1972,4,2,1,1984,2
2897,2,1,2,1975,4
2293,3,1,3,1983,2
2352,4,3,2,1967,4
2478,5,1,1,1986,5
2318,5,3,3,2018,4
1158,5,2,3,1994,2
2679,2,2,2,2003,3
2351,5,1,2,2006,3
2903,3,3,2,2002,5
1306,4,2,1,1971,4
2934,3,2,2,1958,5
2112,2,3,2,1981,4
1750,3,3,3,2001,1
2061,4,3,3,2011,4
1590,3,3,2,1997,2
2880,4,1,1,2001,3
1345,3,1,2,2017,1
2275,5,1,3,2011,4
2863,3,1,3,1991,4
1148,5,1,2,1988,1
2039,5,1,2,2019,3
2390,3,2,1,1953,4
1834,4,1,2,1983,2
2856,5,3,3,1994,5
1780,5,2,2,1970,3
1117,3,2,1,1976,1
1703,5,1,3,2018,3
1316,3,1,1,2008,2
1287,5,2,2,1957,3
1907,5,1,1,1967,3
2374,3,3,3,2019,2
1296,3,2,1,1981,1
2217,2,1,2,2014,4
1442,2,1,2,1992,2
2304,3,2,1,1971,4
1900,5,3,2,1970,2
1300,4,3,2,1961,1
1897,3,2,3,1996,3
1249,5,1,3,2011,4
2766,3,1,2,1976,5
2538,5,2,2,1990,5
1685,2,3,2,2009,4
1751,5,2,3,2000,4
1997,2,3,3,2006,3
1405,5,2,3,1999,2
2639,4,1,1,2014,5
1800,3,3,3,2021,3
1243,3,3,2,1961,2
2808,4,1,1,2006,5
1119,2,1,3,1977,2
1849,4,3,2,1959,1
2463,4,1,3,1951,3
2794,2,2,3,1966,4
2527,3,3,1,1990,3
1432,2,2,3,1977,2
1182,2,1,3,1961,2
1758,2,2,2,1970,2
2141,4,3,1,1994,3
1976,2,2,1,1955,1
2172,5,1,1,1981,1
1527,5,1,3,1978,3
2296,4,3,1,1969,4
1863,3,1,1,1980,2
2408,5,3,3,2008,4
2903,4,3,1,2004,3
1101,5,2,3,1987,1
2095,5,3,1,1978,2
2728,3,2,3,1964,5
2857,3,1,1,1957,4
1622,5,2,3,1955,4
1804,5,1,3,2018,3
1407,3,2,3,1998,2
2370,3,1,1,1965,4
2875,4,3,3,1984,5
2390,5,2,1,1970,3
1829,3,1,2,1953,2
1788,5,2,3,2013,3
1617,4,3,3,1978,3
1548,2,1,2,1982,2
1290,5,3,3,1998,1
1421,4,2,1,1968,2
1180,2,3,3,2000,2
1654,5,1,3,2000,2
1113,4,3,3,1969,1
2261,2,3,1,2016,5
2117,4,1,1,2009,2
1259,4,3,2,2019,1
2130,4,2,3,1989,4
1243,2,3,3,1964,3
1422,3,3,3,2007,1
1334,4,1,1,1965,1
2046,2,1,2,1985,2
2896,4,1,2,1967,4
1270,5,1,3,2013,3
2163,5,3,3,1959,3
2489,3,1,2,1980,3
1453,2,1,3,2005,3
2407,5,2,2,2019,4
1593,2,2,2,1972,1
2400,5,2,1,1968,4
2009,2,2,3,2018,3
2461,4,3,3,1976,2
1855,4,2,3,1957,2
2445,5,2,1,2019,4
2179,3,2,1,2020,3
2358,5,3,1,1974,4
2554,5,3,1,2016,5
2604,3,3,2,2005,4
2983,4,2,1,1982,4
1131,4,3,1,2016,2
1767,5,3,2,2004,4
2744,2,2,2,2011,5
1500,5,3,3,2001,3
2545,4,3,3,1989,3
2163,2,3,3,1976,3
2988,3,2,2,1989,5
1134,4,3,3,1968,1
1766,3,1,2,1969,4
1811,4,3,2,2003,2
2430,4,2,2,1965,3
1769,2,1,2,1968,2
1093,4,1,3,2019,2
2907,5,2,3,2014,5
2264,3,3,1,1980,3
2772,4,2,1,2019,4
1164,5,2,1,2010,1
2683,5,1,2,1969,5
2241,4,3,3,1963,4
1939,5,2,2,1950,1
1619,3,3,2,1970,2
1230,3,1,2,1983,2
1581,3,3,1,1966,1
1732,4,2,2,2006,3
2202,5,1,2,1960,5
2103,3,1,1,1985,4
2377,3,1,2,1956,5
1670,2,2,1,1952,3
2891,3,2,2,1957,3
2704,3,3,3,1969,4
2849,4,1,3,1998,5
2924,2,3,1,1964,5
2184,3,1,2,1982,2
2450,4,3,3,1988,4
2055,4,2,2,1967,4
1726,2,3,1,1989,1
2538,2,3,3,2004,3
1384,4,1,2,1997,1
2763,2,3,2,1979,3
2448,5,1,2,2015,4
1475,5,3,3,1985,2
1559,4,2,3,2008,2
2190,3,2,3,2000,3
2356,5,2,1,2014,4
2546,4,3,2,1999,5
2773,5,2,1,1967,5
1789,5,2,3,2014,2
1752,3,1,3,1988,4
2494,5,1,3,1994,3
1703,4,2,3,1989,2
2547,3,3,2,1974,4
1566,5,1,1,1957,3
1820,2,1,3,2021,1
2044,5,2,3,2012,4
2042,4,3,1,1998,3
2988,2,3,1,1987,2
1861,3,1,1,1989,2
2479,4,3,2,2012,5
1321,4,2,2,2015,2
1826,4,2,3,1979,5
1432,5,3,3,1985,1
2082,5,2,3,2020,4
2174,4,2,3,1990,4
2794,5,1,1,1990,4
2463,3,1,1,1966,3
2017,5,3,2,2015,4
2597,4,3,2,1958,5
2681,2,3,2,2008,3
2980,3,3,2,1970,4
2917,3,3,1,1997,4
1750,4,3,2,1986,4
2316,5,1,1,1978,4
1181,4,3,1,1970,1
2904,2,3,2,1964,4
1606,3,2,1,1969,3
2101,2,1,3,1961,3
1960,3,2,2,1959,4
2677,3,1,3,1996,4
1104,2,1,3,1988,1
2284,3,3,1,1966,3
1606,3,2,2,1969,3
2246,2,2,3,1979,4
1989,3,3,2,1965,4
1483,2,2,2,1969,2
2725,4,1,3,1960,5
1128,5,1,3,1994,1
1318,5,1,2,2005,1
1706,5,1,2,1983,5
1508,3,3,2,1981,3
1019,2,3,1,1951,2
2834,5,3,1,2013,5
1751,3,2,2,2019,1
1234,3,2,2,1992,1
2620,2,2,3,1980,3
1605,4,2,3,1989,3
1553,2,3,1,2000,2
2899,3,2,1,1982,5
2373,4,2,3,2018,4
1452,4,2,1,2015,1
1585,5,1,2,1951,3
1983,3,3,1,2010,4
2900,2,3,1,1960,5
2532,2,3,2,1956,4
2650,5,1,2,1950,3
1422,3,3,2,2006,1
2213,2,3,3,2020,2
2148,2,2,3,1963,2
1005,4,2,1,1978,2
1457,4,3,1,1992,2
2914,5,1,1,1965,4
1553,5,2,2,1950,2
2593,2,1,1,1978,3
2962,3,1,3,1983,5
1521,3,1,1,1968,2
2112,5,3,1,1971,3
1845,3,2,3,1958,1
1550,2,3,3,2009,1
2420,2,2,3,2000,4
2994,3,1,3,1996,4
2702,2,3,1,1950,5
1010,3,1,2,1981,2
2645,3,1,2,1999,5
1496,4,1,2,1976,1
2039,3,2,3,1999,3
2056,4,1,1,1994,3
1744,5,2,3,2001,3
1488,3,2,2,2010,2
2211,5,3,1,1987,2
1735,2,1,2,1974,2
2594,4,3,1,2021,4
1457,5,3,1,1964,2
2074,2,2,2,1951,2
2294,3,3,3,1957,2
1463,4,1,3,2021,1
1538,5,2,2,1969,1
1567,3,1,1,2017,2
1120,2,2,2,2019,2
1624,5,2,1,1998,2
1315,4,2,1,1961,2
2021,2,1,1,1954,1
2138,2,3,1,1964,3
1620,4,2,2,2016,3
1686,5,3,2,2020,1
1623,3,2,2,1964,4
1611,4,3,3,2003,3
2543,4,2,3,1982,5
1958,5,3,3,2011,4
1646,5,2,1,1973,2
1762,4,2,1,1957,1
2360,4,2,3,1975,2
1239,4,2,1,1999,3
1733,4,1,1,2017,2
2409,5,1,2,2019,5
2168,3,2,3,1985,3
1376,4,3,3,1956,3
1003,2,2,1,1954,1
2351,5,1,3,1994,3
1388,5,2,3,1958,1
2663,2,1,3,1992,4
1602,2,1,2,1986,1
2794,3,3,3,1973,5
2957,3,3,1,1972,4
1093,3,2,1,2016,1
2280,2,2,3,1957,4
1135,5,1,2,1997,1
1524,2,2,2,1973,1
1497,3,2,1,1956,2
2201,5,3,3,1969,5
1111,5,2,1,2004,1
2287,4,3,1,2001,4
2437,4,2,1,2009,3
1368,4,2,3,1982,2
1935,3,1,3,1951,3
2401,4,2,2,2016,5
1767,3,3,2,1959,4
1585,2,3,1,1985,1
2406,5,2,2,1983,3
1672,3,1,2,1979,1
1510,5,3,1,1961,4
1712,2,1,1,1959,1
2904,3,1,3,2007,5
1819,4,1,2,1991,2
1544,2,3,3,1994,2
1072,2,2,2,1975,2
1973,3,1,3,1983,1
1503,2,3,1,1967,3
2375,5,3,1,1967,5
1804,4,2,2,1974,2
1709,3,3,3,2016,2
1324,2,3,2,1965,2
1387,5,2,2,1978,2
1827,4,1,2,1993,3
1975,3,3,3,2000,2
2097,3,1,2,1965,4
1030,3,1,1,2000,2
1478,3,2,3,1990,2
2037,2,1,3,1984,2
1716,3,2,2,1992,1
2339,2,2,1,1988,3
2663,5,2,3,1979,4
2005,4,3,2,1965,3
1537,5,2,2,1984,3
2943,5,2,2,1952,5
2672,3,1,1,1994,4
1290,3,2,2,1958,3
1974,3,1,3,1969,3
1023,3,1,2,1994,1
1414,3,1,2,1998,1
1850,3,3,1,2013,3
1961,2,2,2,1963,3
2729,3,2,1,1960,4
1680,5,3,2,1998,3
2059,3,3,3,1998,3
1100,3,1,2,2003,2
1545,2,3,3,1950,3
1038,3,1,1,1988,1
1210,4,3,3,1955,1
1741,3,1,2,2002,1
2814,5,3,2,1977,5
1591,4,2,3,1962,2
1749,4,3,1,1956,3
1171,5,2,3,1993,1
1837,5,3,3,2014,3
1441,3,3,3,1960,1
2082,3,1,1,1991,5
2433,3,2,3,1989,4
1533,4,3,3,1999,1
1366,2,3,1,1950,1
2367,2,1,2,2005,4
2773,3,2,1,2016,4
1295,5,1,1,1997,1
2364,3,1,2,1958,3
1605,4,1,3,1979,3
1755,4,3,3,1970,4
1522,2,1,1,1965,2
1264,5,2,3,1960,1
2547,4,2,3,1977,4
2689,5,2,1,1994,4
2061,2,1,2,2004,3
2154,3,3,3,1997,3
1381,5,3,2,1994,2
2248,5,3,1,1974,5
2166,2,2,3,1982,2
1430,2,2,3,1973,2
1388,3,1,2,2004,1
1023,4,1,2,1961,3
1394,4,1,1,1963,2
1632,3,2,3,1993,3
1118,3,3,2,2017,1
2696,5,2,1,1989,4
1982,4,2,3,2016,1
2609,4,2,1,1980,4
2208,4,3,2,1992,5
2971,4,1,2,2018,5
1191,2,1,1,1995,1
2755,3,3,1,2003,3
1486,5,3,1,1987,3
1632,5,3,1,2010,1
1720,3,1,3,1987,1
1383,4,1,3,1997,2
1811,2,3,2,1985,3
1345,4,1,1,1970,1
1472,4,3,1,2015,3
1675,3,1,3,1962,5
2803,5,2,1,1954,5
2975,5,3,3,1980,4
1002,5,2,3,2015,2
2073,3,3,3,2021,4
1924,2,1,1,1972,4
1875,2,2,3,1983,2
1983,5,3,3,1970,3
2234,2,1,2,2010,3
1972,3,1,3,1966,3
2551,2,2,3,1961,3
2703,4,1,3,1998,5
2306,4,1,2,2019,4
1378,3,3,3,2001,1
2349,5,1,2,1983,3
2720,2,3,3,2009,4
1933,2,2,2,1960,4
2415,2,2,1,2017,5
2425,4,1,2,1964,4
1479,3,2,2,1982,2
2424,2,1,1,1976,4
1569,4,1,3,1984,2
2385,5,3,1,1993,3
2451,4,2,2,1950,5
1851,3,3,3,2018,4
1431,5,3,2,2002,3
2958,4,3,3,1986,5
2128,3,3,3,1953,3
2112,5,3,3,2002,2
1600,5,1,3,1986,2
1855,5,1,1,2016,3
1157,2,2,3,1962,2
2402,4,1,3,2017,4
2126,5,3,3,1982,3
1222,3,3,1,2005,1
1401,5,3,2,1983,2
2706,5,3,3,1976,4
1544,2,2,1,1964,2
1508,3,2,3,1991,3
2716,5,2,2,1987,5
1183,3,1,1,2008,1
1914,3,3,2,1960,2
2110,5,1,1,1950,5
1580,2,3,2,2006,1
2403,2,1,1,1976,4
2436,5,1,3,2005,3
2943,5,2,3,1956,4
1517,3,1,1,1958,2
1767,3,1,3,2012,3
2717,4,1,2,1972,5
1294,4,1,3,1958,2
2014,3,1,1,1954,4
1259,3,2,1,1980,3
1825,2,2,2,1958,2
2327,4,3,1,2011,3
1745,5,3,1,2010,4
2817,3,3,1,1953,4
1718,2,3,3,2014,3
2100,3,2,2,2018,3
1679,3,1,1,1982,3
1853,4,2,2,1961,4
2402,2,3,1,1992,4
2079,5,3,1,1976,2
1806,5,3,1,1957,4
2104,2,2,3,2009,3
2702,5,2,2,1959,5
2199,5,2,3,1971,3
1792,3,2,1,1970,4
1929,4,1,3,1954,5
2406,4,3,1,2016,5
1148,4,1,3,2013,1
1767,2,1,2,2020,2
2304,3,3,1,1975,3
1344,3,3,2,2011,2
2813,2,1,1,2013,5
2814,4,3,1,1966,5
2432,3,1,3,2010,2
2741,3,3,1,1965,5
1973,4,3,3,2020,2
1921,5,2,3,1978,2
1029,2,3,1,1962,1
1729,3,1,3,1999,4
1981,5,3,3,2013,4
2382,4,3,2,2010,5
2185,5,3,2,1955,3
1728,2,2,3,1993,2
2251,3,2,3,1956,2
2868,2,2,1,1975,2
2244,2,2,1,2013,4
1745,4,3,2,2014,3
2096,4,2,3,1956,3
1398,4,1,2,1972,2
1094,2,2,1,1959,1
2963,3,1,3,1952,5
1474,4,3,1,1996,2
2118,5,3,3,2000,5
2929,3,2,3,1958,5
2778,3,3,2,1962,5
2908,3,1,2,2003,4
2828,5,2,3,1970,5
1774,5,1,2,1983,1
2147,4,1,3,1980,4
1799,3,2,2,1974,4
2523,2,2,3,2021,5
2802,2,1,2,1984,4
1943,2,2,2,1957,2
2022,4,2,2,2020,4
1620,2,3,2,2006,2
1859,3,3,1,1993,3
1963,4,2,2,1955,4
2071,4,1,1,1998,3
1812,5,2,2,2018,2
1094,3,3,1,1976,2
2500,2,2,1,1968,3
1032,3,3,1,1959,2
2141,3,3,2,1974,4
2667,4,1,1,1972,5
2274,2,2,2,1995,5
2326,2,3,3,2002,3
1121,2,2,1,1999,1
1217,5,1,3,1958,1
2076,3,1,1,1966,3
2149,4,1,3,2013,4
2182,4,1,1,2006,3
2694,4,2,3,1989,4
1794,2,3,2,1961,1
2624,2,2,2,1993,4
1175,4,2,2,2001,1
2968,4,1,1,1982,4
2182,3,2,1,1994,4
1490,4,1,2,1990,3
1760,3,3,3,2000,4
2380,4,3,1,1960,4
1633,5,3,2,2006,5
2260,5,1,1,1962,3
2451,2,1,1,1983,3
1124,2,3,2,2009,3
2338,2,1,3,2010,3
2302,2,1,3,1962,3
2890,4,3,1,1983,5
2859,5,1,2,2005,5
1603,2,2,2,1954,1
1937,3,3,3,1974,3
2128,3,3,1,2001,5
2065,2,3,3,1955,4
2420,2,1,2,1954,4
2664,2,3,2,2007,5
2483,4,1,2,1991,2
1490,3,1,3,2010,1
1564,3,2,1,1983,3
1167,3,1,3,1999,1
2625,5,2,1,1965,5
1758,4,2,3,1968,3
2197,5,2,3,1968,2
2395,4,2,2,2007,4
2622,3,2,3,1951,4
2904,3,1,2,1960,5
2173,5,1,1,2016,5
1248,3,2,1,1956,3
2650,2,1,2,2005,5
1179,4,1,3,1969,1
2143,3,2,3,1980,3
1116,3,1,1,1976,4
1702,3,3,1,1968,4
1656,4,1,2,1969,3
1831,3,1,3,2002,1
1261,4,3,2,1966,1
1625,4,2,3,1991,2
2919,5,1,3,2009,4
1784,3,1,1,1962,2
2061,2,2,1,1951,2
1196,5,2,3,1977,1
2548,3,1,3,1972,4
2647,5,3,1,1972,5
2460,3,3,3,2015,4
2672,3,2,2,1968,5
1683,2,2,3,1985,2
2662,4,1,3,1955,4
1873,2,3,2,1982,3
2433,5,3,3,1958,4
1332,2,1,3,1995,4
2554,3,3,1,1988,4
2967,3,3,3,2005,5
2488,2,3,1,2011,4
1719,5,3,2,1976,4
2181,4,3,1,2013,4
2183,4,2,2,2003,5
2357,3,1,2,1990,4
2775,4,2,3,1963,4
2399,4,2,1,1984,5
2892,2,2,2,1991,4
2866,5,3,2,1955,5
1196,2,3,3,2021,1
2143,3,3,2,1978,3
2674,4,2,1,1984,4
1594,3,1,1,1971,3
2433,2,1,1,2005,2
2561,3,3,3,1960,4
2663,5,3,3,1996,4
1912,2,2,2,1975,3
1734,2,3,1,1976,4
2362,5,3,3,1986,4
2579,3,1,2,1981,3
2619,4,2,1,2020,3
1918,3,3,1,1961,3
1536,4,3,1,1989,3
1219,3,3,2,1962,1
1292,5,1,2,1984,2
2227,3,2,1,2015,2
2903,3,1,1,1992,5
2537,5,2,3,1961,5
1201,2,3,2,1993,2
2889,3,2,1,2003,3
1031,5,1,3,1963,1
2112,5,1,1,2015,3
2225,2,3,3,1976,3
2974,5,3,1,1981,4
2728,5,1,3,1996,4
2695,2,1,2,1961,3
2316,3,2,1,2012,3
1715,5,2,1,1996,4
1752,5,2,3,2001,2
2016,3,1,2,1984,4
1114,3,2,3,1978,1
1721,3,3,2,1971,2
2245,2,3,2,1997,4
2932,5,1,1,1991,4
1770,4,2,3,1976,4
1425,5,1,2,1984,1
2575,2,2,1,1985,5
2865,4,1,2,2013,5
1833,4,2,1,1959,2
2083,4,1,2,1961,5
1484,4,2,2,1971,3
1010,4,3,1,1954,3
2655,3,3,2,1961,5
2408,5,3,1,1957,4
2725,5,2,3,2018,4
1122,5,1,3,1986,2
1700,3,3,2,1996,3
1972,2,2,1,1977,2
1603,2,1,1,1991,1
2507,4,1,3,1958,4
2853,4,1,3,1999,4
2737,2,3,3,1966,3
1267,5,3,1,1982,1
2005,5,1,3,1966,3
2690,2,1,3,2015,4
1706,5,2,2,1974,4
1539,5,2,3,1967,2
1705,4,1,2,1964,3
2010,2,3,2,1979,2
1618,4,3,3,1982,2
2158,4,3,2,1978,3
1497,5,2,2,1963,3
2020,5,3,2,1995,3
2630,5,1,3,1968,3
1781,3,2,1,1984,1
2958,4,2,3,1956,5
1125,5,1,3,1972,2
2382,3,3,1,1999,5
2526,3,2,1,1990,4
1840,4,1,2,1970,3
1982,5,3,2,1991,4
2341,4,2,3,1972,4
2500,5,1,3,2013,3
2317,5,1,3,1957,3
2977,3,1,3,1989,3
2463,4,2,3,1995,4
2830,4,1,3,1953,5
2877,4,3,2,1981,5
1515,2,2,1,2002,3
2839,2,3,2,1969,4
2414,3,1,2,2014,2
1315,3,1,2,2004,1
2703,3,3,1,1973,3
2031,4,2,1,1966,3
2531,4,1,1,1997,4
2147,5,2,1,1958,4
2395,4,1,3,2007,3
1313,3,3,1,2008,1
2208,3,3,2,1988,3
1546,5,2,2,2011,2
2608,2,2,1,1998,5
2906,4,2,1,1958,5
2548,4,1,1,1977,3
1038,2,3,1,1992,1
2107,3,1,1,1991,4
2044,3,2,1,2013,4
1252,3,1,3,2013,1
1302,4,2,3,1965,2
1978,2,1,1,2007,3
1257,2,1,1,1950,2
2835,3,2,2,1996,5
1999,4,1,3,2021,4
1541,2,2,1,1959,2
1639,4,3,2,1966,4
2846,5,2,2,1971,5
1551,3,2,1,2017,1
1460,3,3,2,1962,2
2632,5,1,2,2002,5
1223,2,2,3,1976,1
1091,3,1,1,1958,2
2193,3,2,3,1950,3
2819,5,2,1,2016,4
2652,2,2,2,2004,3
1247,3,3,2,1953,2
2384,3,2,3,1989,3
2372,4,3,2,1981,3
1865,4,2,3,1980,4
2429,2,2,1,1975,3
2624,5,1,2,2017,3
1077,3,3,1,2021,2
1585,5,3,1,1975,3
2037,3,2,3,2000,3
1044,3,1,2,1987,2
1037,5,1,3,1966,3
1415,5,1,1,1955,2
1244,4,1,3,2006,1
2085,2,3,1,1952,3
1492,5,3,2,1998,2
2631,2,1,1,1950,3
1322,2,2,3,2007,1
2275,3,1,3,2015,3
1467,5,3,2,2008,2
2084,5,3,2,1988,3
2804,4,2,2,1989,4
2142,3,3,3,1990,2
1086,5,1,3,2011,2
2618,5,3,3,1979,4
1079,4,1,1,1958,1
1227,4,2,3,2017,1
1482,2,3,3,1988,4
2838,3,2,2,1973,5
1622,2,1,1,1957,2
2606,5,1,1,1985,4
1947,4,3,1,1954,2
1484,2,3,2,1951,1
1839,2,3,2,1978,2
2814,5,1,3,1993,4
2225,3,1,2,2008,4
2248,3,1,2,2008,4
1778,5,3,2,2012,2
2533,4,3,2,1982,4
1930,2,2,1,1996,3
1794,2,3,1,1958,2
2652,5,1,3,1975,4
2602,4,1,1,1959,3
2582,2,3,2,1993,3
1752,5,3,2,2007,1
2713,2,1,3,1986,3
2543,3,1,3,1993,4
2206,2,1,1,1991,3
2100,5,3,2,1969,5
1425,3,3,2,1956,3
2090,2,1,1,1961,4
1659,2,3,2,1961,4
2517,4,2,3,1979,5
1684,4,3,3,1960,1
1546,2,3,3,2004,2
2100,3,1,1,2016,4
1915,4,3,2,1953,4
2815,4,1,2,1953,4
2928,2,3,1,2008,5
2629,3,1,1,1983,3
2496,3,3,1,1994,4
2679,2,3,1,1979,3
2270,4,2,3,2020,3
2462,3,1,3,1975,5
2735,5,1,1,2003,4
2771,5,3,2,1992,2
2343,5,2,3,1982,4
1219,2,1,1,2005,3
2867,5,2,3,1981,5
2394,5,1,3,1972,3
2239,3,2,2,1954,3
1048,5,3,3,2020,1
2820,3,1,2,1983,5
1462,4,1,3,1990,1
1117,4,3,2,1964,1
1081,5,1,3,2007,2
2286,4,3,1,1987,5
2612,3,3,3,2000,4
2746,4,2,1,2000,4
1495,2,3,2,1966,1
1633,4,1,3,2020,1
1836,4,1,2,2008,4
1601,3,1,1,1951,1
1769,4,3,2,1998,4
1672,5,3,3,2018,2
1175,2,1,2,1954,2
1804,4,2,2,1977,1
2112,4,3,1,1989,3
1638,5,1,2,1960,2
2382,2,1,2,1971,5
2309,2,1,1,1968,4
2283,3,1,3,1992,4
2874,2,1,2,2019,3
1474,2,1,2,1959,2
2958,2,1,1,1951,4
1535,3,3,2,2005,1
2585,4,1,2,1980,4
2204,5,2,1,2000,4
2788,5,2,2,2003,4
1348,5,2,1,1988,3
1636,5,1,2,2008,3
2566,2,2,1,1990,3
2772,2,1,1,1957,4
2371,5,2,1,2016,3
2406,3,2,3,1967,3
1569,2,1,3,2014,2
1235,3,1,2,1963,2
2204,5,3,2,1995,4
1113,4,1,1,1951,2
1305,5,2,3,1978,3
1131,4,1,1,1985,1
1347,4,2,2,2016,2
2203,3,2,3,1978,4
1414,5,2,2,1956,3
1982,3,3,2,1983,2
2613,5,1,3,1955,4
1731,4,3,3,1988,3
1653,2,2,3,1979,3
1384,5,3,1,2009,2
2066,2,3,1,1955,4
2503,5,1,1,1952,3
2141,2,2,3,1980,3
2594,5,3,1,2009,5
2809,3,1,3,1964,4
1187,2,2,2,1991,2
1452,2,2,2,1977,2
1846,4,1,3,2008,2
1186,2,2,2,1974,2
1937,5,3,3,1956,5
2487,5,1,1,2013,4
2447,5,3,2,1969,2
2821,3,3,2,2010,3
1101,2,1,3,1978,2
2290,3,1,3,2001,3
2659,4,1,2,1981,5
2176,3,3,3,2010,3
2452,2,3,1,1999,4
1690,3,3,1,1994,4
2450,5,3,3,1967,4
1577,3,2,1,2007,3
1610,4,3,1,1975,1
2966,4,1,3,1966,5
1535,4,1,1,1971,4
2356,5,2,1,1983,5
1760,4,2,2,1983,3
2700,5,2,1,2001,4
1895,4,1,1,1979,3
2463,4,2,3,2001,5
2629,4,2,2,1963,4
1970,5,1,2,2018,5
2878,4,1,3,1991,5
1123,5,3,2,1978,2
2325,5,2,1,1956,5
1667,5,1,1,2002,1
1348,3,2,1,1995,3
1248,4,3,2,2014,2
2971,5,2,3,1957,3
2294,3,2,3,2005,4
2452,2,3,2,1966,3
1706,5,3,3,2004,1
1712,4,3,1,2017,1
2607,5,3,2,1951,3
2006,2,2,1,1952,2
1246,5,2,3,1959,2
1097,4,2,3,1990,1
1328,5,2,2,1972,1
2616,2,3,2,1969,3
2448,3,3,3,1950,4
2447,3,2,1,2010,5
2028,2,2,3,1959,3
1458,5,1,3,1973,2
1795,3,1,3,1974,1
2829,4,3,3,1952,4
1592,3,2,1,2016,4
1497,5,3,2,1975,3
1086,3,1,3,1953,1
1401,2,1,3,1967,2
2316,5,1,3,2021,2
2304,5,1,2,1969,3
1763,4,3,1,1971,2
2106,2,1,1,2019,3
1026,5,3,2,2000,1
2717,3,3,3,2012,4
1134,2,1,2,2009,1
2113,4,1,2,1964,3
1205,5,2,2,1973,1
2050,2,2,1,1951,4
2401,5,2,3,1968,5
2594,4,2,1,2015,5
2438,3,3,3,1975,3
2250,3,2,1,2021,4
1602,3,1,3,1968,1
2091,4,3,1,1953,1
1361,2,2,2,1953,1
2283,2,2,2,1977,4
1657,4,3,2,1961,1
2086,4,3,3,1960,3
2878,2,3,1,2006,5
1971,5,3,2,1999,3
2715,2,2,3,2001,3
1979,4,3,3,1960,5
2646,2,3,1,1955,2
2726,2,2,3,1969,4
1940,4,3,3,1990,2
1907,5,1,1,1982,4
2415,4,2,3,2005,5
1245,3,2,3,1963,1
1277,3,3,1,1957,1
1346,2,2,2,2008,3
2960,4,2,1,1978,5
1371,5,2,1,1974,1
1808,2,1,2,1958,3
1848,4,2,1,2017,2
2080,2,1,3,1972,2
1159,4,2,1,1992,2
2150,5,2,2,1978,3
1736,5,3,2,1954,1
2630,3,1,2,1951,4
1517,3,2,1,1969,2
1934,4,1,1,1978,4
2288,2,1,2,1961,5
1745,2,2,3,2003,4
1287,5,1,1,2003,2
1419,2,2,1,1978,2
2919,4,2,3,2003,4
2551,5,1,1,1989,4
1139,5,2,3,1967,1
2832,3,2,1,1950,4
1706,4,1,1,1957,3
1697,3,3,3,1980,3
1986,5,2,2,1978,3
1474,3,2,1,1978,1
2928,4,1,3,1954,5
2660,3,1,2,1981,4
2552,5,1,3,1997,4
2901,3,1,2,1969,5
1388,5,1,3,1998,3
1510,5,3,1,1996,2
1537,3,3,1,1982,3
1212,2,2,2,1960,2
1896,4,2,3,1992,3
2536,5,3,1,1991,5
2826,2,3,3,1976,3
2288,4,1,3,2015,3
2366,2,2,2,1977,4
2061,3,1,3,1981,2
1232,5,1,1,2020,2
1259,2,1,2,1975,2
1307,2,2,2,2017,2
1402,4,2,3,1984,1
1996,4,1,2,1957,4
2284,5,2,1,1969,4
2499,2,3,1,1990,3
1749,5,1,3,1970,2
2129,4,1,3,2007,2
2270,5,1,3,2010,4
1303,3,1,1,2009,1
1342,5,1,1,2006,2
2470,3,3,2,1959,3
2061,5,1,2,1969,3
2843,5,2,2,2007,5
1854,3,2,3,1984,2
2069,4,3,2,2017,4
2745,5,1,2,1995,5
2628,4,3,1,1963,4
2243,2,3,2,2007,5
1255,4,2,3,2002,1
2254,4,1,3,1992,4
1817,4,1,2,1977,2
2601,3,1,2,1967,4
1972,4,3,3,1979,5
1037,2,3,2,2011,1
2178,4,2,1,1980,3
2526,4,1,3,1977,4
1104,4,3,3,1961,3
1254,4,2,2,2020,2
2427,5,2,2,2020,4
1487,4,1,2,2002,2
2981,2,2,2,1998,4
1457,4,2,1,1990,1
1527,2,3,2,1991,2
1590,2,2,1,1999,1
1524,3,3,1,1974,5
1369,2,1,2,1994,2
1101,2,3,1,1990,2
1915,3,3,1,1994,3
1663,4,2,1,1981,2
1689,5,1,2,1987,4
2926,3,2,1,1977,4
1598,5,3,2,1990,3
1599,4,3,3,1991,2
1540,4,3,3,1989,4
1388,5,1,3,1961,3
1362,2,1,3,1985,2
1930,4,2,2,1990,4
2856,3,2,2,1978,5
1611,3,2,2,1964,4
2138,4,2,1,1992,5
1721,5,1,3,2020,3
1342,3,3,2,1995,1
2097,5,1,2,1988,3
1134,3,2,3,2009,2
1939,2,2,2,2003,3
2991,2,2,3,1951,5
2804,2,1,1,1956,3
2885,4,1,1,1955,5
1977,5,1,1,1957,4
2613,2,1,1,1999,4
2994,3,2,3,1980,4
1379,2,1,2,1971,1
2148,3,3,3,1954,3
1037,2,1,2,1981,1
1780,5,3,3,2015,2
1309,3,1,3,1950,2
1105,2,3,1,2006,2
1555,2,1,3,1951,2
2248,5,1,1,1957,4
2265,2,1,3,2012,2
1396,5,2,2,1966,2
1152,2,3,3,1964,1
1535,3,3,2,2020,3
2659,2,1,1,1976,2
2820,4,2,1,2016,4
1995,2,2,1,1994,3
1965,5,2,3,2009,3
2425,2,2,2,1985,4
2883,4,3,1,1953,4
2796,3,2,2,2004,4
2169,4,3,1,1975,3
2214,3,1,3,1990,5
1892,4,1,3,2017,2
2700,4,1,3,1970,5
1582,4,2,3,1954,3
2974,3,3,3,1979,3
1200,2,3,1,1955,2
2075,4,2,1,1960,3
2976,3,2,3,2018,4
1767,3,2,2,1972,3
2325,2,3,3,1953,5
2323,3,2,1,1980,2
1919,4,1,1,1960,4
1520,3,1,2,2004,4
2163,3,2,3,1992,2
1099,4,2,3,1950,2
2508,2,1,2,1996,4
2160,5,1,2,2004,1
1870,5,3,2,2005,4
1365,5,3,3,1957,3
2907,2,1,2,2016,4
2530,4,3,3,1959,5
1656,2,3,3,2000,5
1160,5,2,3,2001,1
1760,3,1,2,2002,1
1174,5,3,3,1996,1
2111,5,1,3,1972,3
2422,5,2,2,2011,3
2503,2,3,2,1987,3
1544,3,2,1,1979,3
1476,5,2,2,1998,2
2806,2,3,3,2009,2
1282,4,2,2,2019,1
2761,4,1,1,2005,5
1956,2,2,3,1996,2
1451,4,2,1,1987,3
2647,5,3,2,1970,3
1081,2,1,2,1954,2
2236,2,1,2,1995,4
1815,4,3,3,1999,2
1519,3,3,2,1975,1
1133,4,3,3,1996,3
1446,5,1,3,2013,1
2619,3,3,3,1965,4
2266,3,3,1,1990,3
1748,2,3,2,1996,2
2173,3,2,1,1986,3
2909,3,2,1,1974,4
2556,4,1,2,2010,4
1645,2,2,1,1966,4
1378,5,3,3,1995,3
1607,2,1,2,1959,2
1965,3,3,2,1991,2
1524,4,2,3,1983,2
2536,5,2,3,1993,5
2685,5,2,3,1958,4
2140,3,3,2,1993,4
2687,2,1,2,1977,3
1575,4,3,1,1983,3
1936,2,2,1,1991,2
1661,2,1,1,1987,2
2340,5,3,2,1989,5
1875,2,1,1,1995,2
1011,2,3,3,1960,1
2113,5,2,2,1986,4
1387,5,1,1,1952,2
1082,2,3,2,2014,1
1975,5,1,1,1957,3
2919,4,3,3,1957,4
1395,2,1,3,2018,2
1544,3,3,2,2008,3
1660,5,1,2,1982,2
1639,3,2,3,1957,3
1099,5,3,2,1990,3
1456,5,3,3,1977,1
1873,2,2,1,1985,1
1327,4,1,1,1999,2
1723,3,3,3,1961,2
1073,4,1,3,1957,2
2119,4,1,3,1987,1
1091,3,3,3,1973,4
2863,3,2,2,1961,4
2971,4,1,3,1977,5
1174,3,2,2,1977,1
2760,2,2,1,2001,4
1314,5,2,1,1953,3
2710,5,1,1,1966,3
2591,3,1,2,1966,5
1496,5,2,3,1963,2
2292,5,2,3,1968,3
1427,4,2,1,1977,2
1034,4,1,1,1988,2
2394,5,3,1,1953,4
1924,4,3,2,2019,2
2924,5,1,2,1958,5
2474,4,2,1,1955,4
2380,4,2,1,2010,3
2399,2,2,1,1976,3
1827,4,3,3,1998,3
2128,5,1,1,1961,3
1389,4,3,1,2002,3
1105,4,1,2,1990,1
1591,4,1,3,1996,2
2186,2,1,1,2003,4
1913,3,3,2,1956,4
2290,3,1,3,1959,4
2586,4,1,1,2018,3
2912,3,3,1,1999,3
2302,3,1,2,2001,4
2326,5,3,2,1997,4
1954,5,3,2,2008,2
1952,2,2,3,2018,1
1860,3,2,3,2018,4
1126,4,1,1,2003,1
2269,2,1,3,2010,3
1823,3,3,3,1964,1
1233,4,1,1,1954,1
1666,2,1,2,1993,2
2608,5,1,1,1957,5
1930,4,1,3,2000,3
2462,5,2,1,2015,5
1136,3,2,1,2021,2
2809,4,1,2,2015,5
1555,5,1,1,2007,2
1758,5,1,2,1955,2
2172,3,3,2,1950,2
1055,3,2,1,1969,2
1355,3,3,1,1973,1
2280,3,2,1,2007,3
1922,2,2,2,1974,3
1812,5,2,1,1951,4
2086,3,1,2,1976,4
2086,4,1,2,1976,3
1805,5,2,2,2009,3
2052,5,1,2,2013,2
2575,5,3,2,1964,3
2682,4,3,1,1985,3
1599,2,3,1,1988,1
1567,5,2,1,1989,3
2323,2,3,1,2005,4
1704,5,2,1,1954,1
1611,5,1,2,1969,4
2238,5,1,2,2021,3
2949,2,2,3,1981,4
2530,2,1,3,2011,4
1560,3,2,3,1959,2
1498,5,2,2,1951,1
1626,4,1,2,1969,2
1501,5,3,3,1985,2
1740,2,1,2,1983,4
1763,2,1,3,2013,4
2610,5,2,2,2013,4
2214,2,2,1,2010,4
2734,5,1,3,1958,5
1674,5,1,2,1968,3
2674,3,3,1,1970,3
1048,4,1,3,1994,2
2386,4,1,3,1961,4
2902,2,1,3,1994,3
1626,2,3,1,1988,2
1679,3,1,3,1958,3
2519,2,3,2,2008,3
1276,2,3,2,1993,3
2794,3,3,2,2008,4
1925,5,2,3,1961,4
1215,5,3,2,1995,1
2662,5,2,3,1989,4
1322,4,2,1,2017,2
2444,4,1,1,1970,5
1224,3,3,3,2015,3
2685,3,1,1,1952,4
2310,4,3,1,1962,4
1045,4,1,2,1993,2
2037,2,3,3,1982,3
1632,2,2,1,1977,1
2931,3,3,2,2003,4
1374,5,2,2,1985,2
1702,4,2,1,1995,1
1986,5,3,2,1988,3
1332,5,2,3,1984,1
2879,3,1,2,2018,5
1165,4,3,1,2020,4
1506,3,1,1,2013,1
1116,3,1,3,1957,1
1942,5,3,3,1999,3
1635,3,1,2,1968,2
2589,3,3,1,1971,3
2462,3,3,3,1981,4
1456,5,3,1,1970,4
2991,4,3,2,1969,5
1868,4,3,2,1987,4
2294,5,1,3,2016,4
2734,2,3,2,1960,4
1215,3,2,1,1991,2
1112,5,2,3,1986,1
2039,2,2,2,1986,5
1426,3,1,1,1960,1
2158,5,1,2,1987,4
2066,3,3,2,1987,2
1763,2,3,2,1961,1
1283,2,1,3,1991,1
2121,3,2,2,1978,2
2083,3,2,1,1953,2
1229,4,2,2,1959,2
2919,5,2,3,1994,4
2666,5,1,1,1960,4
1384,5,1,2,1953,2
1158,2,2,3,1966,2
1823,5,2,3,1989,2
1470,5,2,1,2003,3
2619,2,1,2,1969,3
1207,2,1,2,2006,1
2823,2,3,2,1983,3
2104,3,1,2,1963,3
2041,4,3,3,1968,4
1707,5,1,3,1984,2
2314,4,3,2,1985,3
2383,4,2,2,1956,4
2302,5,3,3,1952,4
1974,5,3,2,1990,3
1396,3,3,1,1990,1
1973,4,1,1,2013,3
1765,3,3,1,1974,5
2165,3,1,2,2017,4
1676,5,3,3,1973,2
2274,3,3,2,1970,5
1661,2,2,3,1975,3
2563,2,3,3,1973,4
2260,5,1,1,1955,4
2155,2,2,2,2014,5
1305,3,2,3,2013,1
1357,2,2,3,1979,2
2308,3,2,1,1986,5
2316,5,2,2,1956,3
2186,3,2,3,1996,4
2939,2,3,2,1964,4
1418,3,3,3,1983,2
2762,2,2,2,2008,5
2491,2,2,1,1968,3
1641,5,1,1,1987,1
2907,2,1,3,2002,4
2593,4,2,3,1983,5
1506,3,1,2,2002,2
2501,4,3,1,1976,2
2385,3,3,1,1955,4
1311,5,1,3,2010,1
2657,3,3,3,1950,3
1703,5,1,1,1994,1
1244,2,3,3,2003,2
1476,4,2,2,1966,1
1614,3,2,1,1984,2
2914,2,1,1,2006,5
1435,3,1,3,1981,2
1249,3,1,3,2008,1
2045,2,3,3,2006,4
1476,3,1,1,1970,4
2595,2,3,1,1950,5
2773,4,2,3,1962,4
2929,2,2,2,2009,5
2875,3,2,3,1994,4
1510,4,3,2,1967,3
2919,4,3,2,1989,5
2669,5,3,2,1983,5
1773,5,1,3,1993,2
2365,2,3,3,2006,2
2361,4,3,2,2012,3
2503,2,1,3,1955,4
1923,5,2,2,1978,5
2065,3,2,1,1990,3
1808,4,2,3,1978,3
1830,2,2,3,1988,1
2045,4,2,1,2000,5
1219,3,2,2,2007,1
1078,3,3,3,2015,2
1234,3,2,3,1964,1
1326,5,3,3,2005,2
2137,2,2,2,2008,4
2631,2,3,2,1967,5
1641,4,1,1,2008,3
2610,3,1,1,1956,5
1984,2,3,2,2007,2
2298,5,3,2,2019,4
2404,2,3,1,1980,2
2043,2,3,2,1967,3
2696,3,2,2,2016,4
2232,4,3,1,1992,4
2907,5,2,3,1993,5
1605,2,3,1,1954,2
2617,3,2,2,2019,4
1863,2,3,3,1998,3
2639,2,1,3,1989,4
1748,3,3,2,2020,2
2795,2,3,2,1988,4
2183,2,1,1,2013,3
1914,5,2,1,1982,5
1898,5,3,3,1953,2
1997,5,1,1,1981,3
1859,2,3,3,1954,3
1572,2,2,3,1959,2
1117,2,2,2,2003,2
1389,3,2,2,1953,4
1679,2,3,3,2021,1
1376,2,3,1,1970,1
1848,4,1,3,1994,4
2897,3,2,1,1985,5
2604,4,1,3,2001,5
1594,3,1,3,1969,1
1746,4,2,2,2011,3
2065,5,2,3,2021,5
2634,4,3,3,1957,4
2493,5,1,1,1966,2
2153,2,3,1,2014,2
2051,3,2,1,1989,2
2768,4,2,2,1954,4
1740,4,3,1,1957,3
1628,2,3,1,1983,4
2936,3,3,3,1975,5
1325,2,3,3,2017,2
2532,3,1,2,1997,4
1618,4,2,1,2003,1
2914,5,1,2,1958,5
2830,4,2,2,1986,4
2926,3,2,1,1952,5
2183,5,3,3,2006,4
1515,5,2,3,1982,3
1745,5,3,1,1966,2
2277,5,3,3,1975,3
2951,2,1,2,1994,4
1247,5,3,2,2017,2
2873,2,1,3,2012,5
1397,4,1,1,1975,1
1581,2,2,1,1984,1
1202,3,3,3,2007,1
2325,5,1,2,1990,5
2171,3,2,3,1953,3
1220,2,2,3,1965,3
2721,2,1,2,1998,3
1866,2,2,1,1961,2
2871,2,1,3,2009,3
2583,3,2,1,2020,4
1262,4,2,2,1969,1
2338,3,2,1,1976,4
2019,4,2,2,2013,5
1291,5,3,2,1984,2
1683,3,3,3,1987,1
1875,3,3,3,2016,2
2054,3,2,1,1965,3
2705,4,3,2,2019,4
2067,3,1,3,1968,4
2962,3,2,2,2011,3
1554,2,1,3,2015,2
2966,2,1,2,2005,4
2157,4,1,3,2020,3
1348,2,2,2,2006,1
1218,5,2,1,1957,1
2022,2,1,1,2010,4
1449,2,2,3,1986,2
1503,3,2,1,1957,3
2274,5,2,3,2012,3
2288,2,3,1,1987,2
1522,4,2,2,1954,4
2103,3,2,1,1962,5
2644,4,1,3,1965,4
1460,4,2,3,2009,3
2013,4,1,2,1955,4
1629,5,3,3,1970,4
1017,4,1,1,1963,3
2279,5,1,1,1980,4
2268,2,1,2,2000,3
2176,5,3,1,1957,3
2632,5,3,1,1976,5
1499,2,1,3,1967,3
1457,4,1,1,1965,1
2721,4,1,1,1960,5
2565,2,2,1,2016,4
1114,4,2,3,1979,3
1752,2,2,3,1977,3
1768,5,2,1,1950,2
1446,4,2,3,1996,1
1352,4,2,3,1992,1
2870,4,3,1,2009,3
1540,3,2,3,1970,1
1321,4,2,1,1959,2
2482,3,1,2,1984,4
2972,2,3,2,2003,5
1225,4,2,3,1981,1
2779,2,3,2,1970,2
1360,3,1,2,2020,2
2554,3,2,2,2007,5
1833,3,3,2,2017,2
1111,3,3,2,2014,2
1211,5,2,3,2016,1
2256,2,1,2,1950,3
1947,3,3,2,2018,1
1571,3,2,3,1967,1
2908,2,3,1,1996,4
2347,5,3,1,2003,5
2116,2,3,3,1983,3
2271,4,2,1,2008,4
1669,5,2,3,1975,1
2164,2,1,2,1952,3
1910,3,3,3,1995,2
2022,4,1,3,1988,4
1403,4,1,1,2007,1
2755,2,3,2,1984,3
1403,4,1,1,1959,1
2841,5,1,3,1970,4
1600,3,2,2,2014,3
2690,3,3,2,2013,2
2437,5,2,3,1979,2
2463,2,1,2,1989,4
2256,3,2,2,2007,4
1192,3,1,3,1954,1
2122,5,2,3,2003,3
2974,2,3,2,1961,5
2136,3,1,3,1991,3
2642,2,3,1,2002,4
2559,5,3,1,2016,5
2304,2,1,1,1989,2
1999,2,3,2,1968,4
2972,4,1,3,2018,4
2739,3,1,2,1968,5
1522,3,2,3,1988,2
1349,3,1,3,1993,1
1315,2,2,2,2018,3
2740,5,1,1,2011,5
1942,2,3,2,2010,4
2944,3,2,2,1958,4
2560,3,1,1,2007,4
1912,3,3,2,1958,4
1651,5,1,1,1979,2
1634,4,3,1,1968,2
2010,2,2,2,1996,4
2459,5,3,1,2013,4
2546,4,1,1,2013,4
2801,3,3,1,2007,5
1592,5,3,3,1979,4
1443,5,3,1,1977,3
2845,5,1,2,1959,5
1620,2,1,3,2005,3
2231,4,3,1,1962,2
2854,4,2,2,1964,5
1755,2,1,1,1978,1
2299,4,2,2,1960,2
1496,3,1,1,1990,3
1772,5,3,1,1979,1
2320,4,3,2,2014,3
2598,5,2,2,1986,3
1183,3,2,3,1952,1
1282,4,3,1,1968,3
1872,2,1,1,1971,1
2455,5,3,3,1986,3
2542,5,2,3,1969,3
1685,2,1,1,1985,2
1461,3,2,1,1950,3
1870,3,3,2,2001,3
1983,5,2,2,1969,4
1367,2,3,3,1962,1
2275,5,2,2,1959,5
1165,4,2,2,1988,3
2638,5,3,2,1975,4
1999,4,2,1,1980,4
2728,4,1,1,2013,5
2552,4,1,2,1995,5
1601,5,3,1,2017,2
2394,2,1,1,1968,5
2621,2,3,2,2001,4
2126,2,3,1,1968,4
1593,5,2,2,2020,2
1125,5,3,1,2014,1
1037,3,1,2,1958,1
1347,5,2,3,1988,5
2236,2,1,3,1952,3
2342,3,1,1,2000,4
1736,5,1,3,2010,2
1733,5,3,2,2017,3
1425,5,2,3,1952,2
2270,3,3,2,2000,3
1647,3,2,2,2021,1
1285,4,2,3,1959,2
2254,3,2,2,2021,5
1319,2,3,2,1998,1
1511,2,1,3,1969,2
2544,5,2,2,1950,3
2848,2,1,2,1985,4
2130,2,1,1,2017,3
2722,3,3,3,2003,4
2756,2,1,3,2007,3
2630,5,3,2,2017,3
2730,3,2,2,1999,3
2777,4,1,1,1958,4
1741,2,2,1,2014,2
2354,4,2,2,1974,4
2028,4,1,1,1997,4
2886,5,3,3,1980,5
1467,4,2,1,1975,2
2539,2,2,3,2018,5
2799,5,3,3,1969,4
1937,5,2,3,2013,4
1764,3,1,2,2018,3
1162,5,3,1,1979,3
1652,4,1,2,1958,2
1900,2,1,2,1996,4
1807,3,1,2,2009,1
2554,4,2,3,1959,4
1081,5,2,3,2018,1
1480,2,3,3,1973,3
2916,5,2,3,1969,5
1515,3,1,1,1962,1
2663,3,3,3,2012,4
1186,2,3,1,1972,1
2005,2,2,2,2008,3
1151,4,3,2,1966,2
2386,2,2,1,1986,3
1092,3,3,3,1989,1
2054,3,1,2,1995,3
1539,3,3,1,2021,1
1648,5,1,3,1966,2
1601,3,1,1,1970,1
1048,5,2,2,2013,1
2902,2,3,2,2008,5
2281,2,2,1,1992,4
2541,2,1,2,1971,4
1540,4,1,1,1955,2
2433,4,3,3,1987,5
1774,3,2,2,2020,3
1545,3,3,1,1975,1
2463,5,2,1,2008,4
2260,4,2,2,2021,5
1649,4,3,3,1969,4
2391,2,3,1,2001,5
2000,4,3,1,2002,4
2080,5,3,2,1995,4
1174,5,2,3,1962,1
2237,5,3,3,2009,5
1026,5,1,1,1952,1
2941,5,3,2,1952,5
2142,2,1,2,1976,5
1146,5,2,3,1950,2
1867,4,1,2,1979,3
1264,5,3,3,1979,3
2426,2,1,3,2020,4
1257,4,1,1,1985,1
2883,4,3,1,1987,5
2212,4,2,2,1959,4
1826,3,2,1,1965,2
1742,4,3,1,1988,3
2522,3,1,1,2010,3
1709,5,2,3,2020,3
2262,2,3,1,1964,3
2350,4,2,1,1998,4
2093,5,3,2,1962,3
2952,3,2,3,1991,4
2728,5,3,1,1950,4
2048,2,1,2,1969,1
2605,2,3,2,1951,4
2179,4,1,1,1999,4
2854,2,1,2,1980,3
1218,4,3,2,1994,1
1560,5,1,3,1956,1
2402,3,3,1,1966,4
1891,3,2,2,1973,2
2217,4,2,2,1960,2
2063,5,2,2,1966,3
1596,4,2,3,1979,2
1342,5,3,1,1985,2
1502,3,2,3,1958,2
1449,5,3,1,1985,1
1335,3,1,3,2015,1
2825,5,2,2,2020,5
1758,4,2,1,2021,1
2249,4,2,2,1950,4
2173,3,2,2,2016,3
2683,4,1,1,1958,5
1102,3,3,3,1973,1
2198,5,1,1,2020,4
2009,4,1,2,2000,4
2484,4,3,3,1953,5
2771,3,2,3,2007,5
2057,5,3,2,1973,2
2707,5,2,1,1958,4
1517,3,3,1,2002,2
1439,4,1,1,2018,3
2308,3,3,1,1961,4
1224,3,1,3,1991,2
1564,4,3,1,2019,3
2280,5,3,3,2009,4
2082,2,2,1,1963,4
2967,2,3,2,1960,5
1245,3,2,3,1984,1
2542,5,3,3,1952,3
2237,4,1,1,2011,3
1927,5,3,3,1995,4
2613,3,2,3,1992,3
1952,5,3,3,1981,3
1818,4,1,1,1983,2
1215,2,3,2,2017,1
2426,5,2,2,1950,5
1282,5,3,1,1975,1
1572,5,3,1,2011,3
